400 400
767064271
400
151799 1
151800 1
151801 1
151802 1
151803 1
151804 1
151805 1
151806 1
151807 1
151808 1
151809 1
151810 1
151811 1
151812 1
151813 1
151814 1
151815 1
151816 1
151817 1
151818 1
151819 1
151820 1
151821 1
151822 1
151823 1
151824 1
151825 1
151826 1
151827 1
151828 1
151829 1
151830 1
151831 1
151832 1
151833 1
151834 1
151835 1
151836 1
151837 1
151838 1
151839 1
151840 1
151841 1
151842 1
151843 1
151844 1
151845 1
151846 1
151847 1
151848 1
151849 1
151850 1
151851 1
151852 1
151853 1
151854 1
151855 1
151856 1
151857 1
151858 1
151859 1
151860 1
151861 1
151862 1
151863 1
151864 1
151865 1
151866 1
151867 1
151868 1
151869 1
151870 1
151871 1
151872 1
151873 1
151874 1
151875 1
151876 1
151877 1
151878 1
151879 1
151880 1
151881 1
151882 1
151883 1
151884 1
151885 1
151886 1
151887 1
151888 1
151889 1
151890 1
151891 1
151892 1
151893 1
151894 1
151895 1
151896 1
151897 1
151898 1
151899 1
151900 1
151901 1
151902 1
151903 1
151904 1
151905 1
151906 1
151907 1
151908 1
151909 1
151910 1
151911 1
151912 1
151913 1
151914 1
151915 1
151916 1
151917 1
151918 1
151919 1
151920 1
151921 1
151922 1
151923 1
151924 1
151925 1
151926 1
151927 1
151928 1
151929 1
151930 1
151931 1
151932 1
151933 1
151934 1
151935 1
151936 1
151937 1
151938 1
151939 1
151940 1
151941 1
151942 1
151943 1
151944 1
151945 1
151946 1
151947 1
151948 1
151949 1
151950 1
151951 1
151952 1
151953 1
151954 1
151955 1
151956 1
151957 1
151958 1
151959 1
151960 1
151961 1
151962 1
151963 1
151964 1
151965 1
151966 1
151967 1
151968 1
151969 1
151970 1
151971 1
151972 1
151973 1
151974 1
151975 1
151976 1
151977 1
151978 1
151979 1
151980 1
151981 1
151982 1
151983 1
151984 1
151985 1
151986 1
151987 1
151988 1
151989 1
151990 1
151991 1
151992 1
151993 1
151994 1
151995 1
151996 1
151997 1
151998 1
151999 1
152000 1
152001 1
152002 1
152003 1
152004 1
152005 1
152006 1
152007 1
152008 1
152009 1
152010 1
152011 1
152012 1
152013 1
152014 1
152015 1
152016 1
152017 1
152018 1
152019 1
152020 1
152021 1
152022 1
152023 1
152024 1
152025 1
152026 1
152027 1
152028 1
152029 1
152030 1
152031 1
152032 1
152033 1
152034 1
152035 1
152036 1
152037 1
152038 1
152039 1
152040 1
152041 1
152042 1
152043 1
152044 1
152045 1
152046 1
152047 1
152048 1
152049 1
152050 1
152051 1
152052 1
152053 1
152054 1
152055 1
152056 1
152057 1
152058 1
152059 1
152060 1
152061 1
152062 1
152063 1
152064 1
152065 1
152066 1
152067 1
152068 1
152069 1
152070 1
152071 1
152072 1
152073 1
152074 1
152075 1
152076 1
152077 1
152078 1
152079 1
152080 1
152081 1
152082 1
152083 1
152084 1
152085 1
152086 1
152087 1
152088 1
152089 1
152090 1
152091 1
152092 1
152093 1
152094 1
152095 1
152096 1
152097 1
152098 1
152099 1
152100 1
152101 1
152102 1
152103 1
152104 1
152105 1
152106 1
152107 1
152108 1
152109 1
152110 1
152111 1
152112 1
152113 1
152114 1
152115 1
152116 1
152117 1
152118 1
152119 1
152120 1
152121 1
152122 1
152123 1
152124 1
152125 1
152126 1
152127 1
152128 1
152129 1
152130 1
152131 1
152132 1
152133 1
152134 1
152135 1
152136 1
152137 1
152138 1
152139 1
152140 1
152141 1
152142 1
152143 1
152144 1
152145 1
152146 1
152147 1
152148 1
152149 1
152150 1
152151 1
152152 1
152153 1
152154 1
152155 1
152156 1
152157 1
152158 1
152159 1
152160 1
152161 1
152162 1
152163 1
152164 1
152165 1
152166 1
152167 1
152168 1
152169 1
152170 1
152171 1
152172 1
152173 1
152174 1
152175 1
152176 1
152177 1
152178 1
152179 1
152180 1
152181 1
152182 1
152183 1
152184 1
152185 1
152186 1
152187 1
152188 1
152189 1
152190 1
152191 1
152192 1
152193 1
152194 1
152195 1
152196 1
152197 1
152199 1
