100 100
1 0 1 0 2 1 1 0 1 0 2 1 0 1 0 1 1 2 1 0 2 1 2 0 2 1 1 0 1 2 2 2 0 2 0 1 1 0 0 1 1 2 1 0 1 2 0 1 2 0 1 1 0 0 2 0 1 2 2 0 0 1 0 0 2 0 0 1 2 2 2 2 1 1 1 0 0 2 0 2 1 1 0 0 2 2 0 0 2 1 2 0 1 2 0 0 1 1 0 2 
4 45
20 20
47 52
32 86
59 66
34 94
7 61
77 77
17 84
52 77
14 15
11 100
12 78
13 65
13 48
59 75
26 36
27 47
57 96
91 92
14 33
70 77
12 66
71 81
29 60
55 76
18 48
39 82
2 77
9 73
13 86
6 72
3 8
53 98
31 45
7 23
50 69
46 51
82 90
9 66
48 71
22 97
42 75
1 71
9 97
11 79
30 71
17 72
47 62
2 53
26 32
49 87
8 71
14 90
49 95
18 34
46 50
70 72
75 97
46 96
40 58
1 8
35 96
14 78
10 22
64 85
5 24
2 57
81 82
54 65
73 94
72 73
16 79
9 95
18 91
11 27
15 35
25 97
75 76
82 92
20 57
17 95
4 50
31 49
8 27
9 67
3 85
42 56
45 46
49 97
39 95
92 99
5 74
39 55
14 30
38 82
3 27
36 92
19 35
15 27
