100 100
3 0 3 3 2 3 3 3 2 3 2 1 1 1 1 2 2 0 0 0 1 0 1 3 0 1 2 3 2 3 3 1 2 3 0 3 1 0 3 1 1 0 2 3 3 0 1 2 3 3 3 1 1 0 1 0 0 0 2 1 1 0 2 1 1 0 1 1 2 1 2 2 0 1 2 3 3 3 1 0 2 1 2 0 3 0 0 2 3 3 1 1 1 3 0 1 1 3 1 0 
18 35
25 56
85 98
11 97
36 38
39 84
33 44
40 47
47 63
40 40
25 48
60 82
41 67
9 38
65 68
3 52
32 69
24 63
10 58
33 80
29 81
1 5
53 96
51 83
43 89
1 16
12 35
69 90
56 89
39 81
39 98
25 89
30 45
20 20
91 92
40 57
22 99
16 68
29 48
55 99
44 90
41 66
22 81
25 87
12 46
3 51
29 72
64 80
10 50
25 99
78 97
54 92
50 88
28 61
25 70
38 60
47 48
34 57
5 59
16 84
21 68
52 87
26 61
36 83
11 66
29 89
83 86
34 43
13 73
19 27
3 35
78 87
52 80
21 73
31 77
61 95
13 20
30 58
19 76
55 59
79 89
5 99
34 76
70 84
69 74
10 30
41 55
75 98
38 72
13 52
52 81
50 94
10 43
53 91
42 82
2 74
33 49
20 53
73 93
33 66
