18 42336000
36 11023871
0 1
33 182922159
26 179392849
42 718011559
25 779669647
0 1
40 148856464
19 142884000
21 9408000
26 670283294
25 543275294
25 235072937
8 1680
22 81648000
0 1
0 1
37 676875799
0 1
22 889056000
72 940599052
10 75600
57 908350270
39 782724273
7 2520
8 10080
43 535731668
68 17804252
12 4989600
25 148176000
31 18061600
9 15120
21 31752000
59 512791065
46 971248144
57 561255460
16 1058400
8 20160
27 283943435
12 3326400
0 1
31 311040000
24 576581618
6 360
57 681630622
23 2352000
15 21600
57 44531946
66 405467661
46 64349494
69 748643657
22 713192461
43 922340356
47 649824942
51 829881400
0 1
0 1
41 529832441
56 581147729
8 560
28 956032941
14 151200
10 25200
32 797291294
60 425396214
0 1
63 119338084
10 40320
65 569584286
60 208755024
43 885151019
27 186965647
55 597592681
15 4233600
20 108864000
22 169344000
69 971596388
0 1
70 491779193
0 1
29 735176441
32 764075278
22 687244233
45 342872664
27 333303286
15 2822400
39 587350164
0 1
0 1
78 402545873
33 470726944
27 123351529
13 129729600
53 593938662
41 54922344
48 489197495
0 1
11 277200
22 11340000