1000 400
928 307 929 307
786 931 786 931
428 769 436 769
89 984 89 988
467 442 467 442
754 588 754 588
67 46 67 46
949 917 952 920
917 322 918 322
521 993 521 993
794 418 794 418
810 429 810 429
514 326 514 326
241 681 241 681
226 892 230 892
360 500 360 500
81 277 89 277
592 955 592 955
762 218 771 218
622 164 622 164
19 938 19 938
623 129 623 129
816 521 816 521
96 88 432 88
467 361 467 437
340 608 340 608
12 985 12 986
932 316 932 316
170 206 170 206
654 459 654 468
466 406 466 406
30 308 30 308
586 139 586 139
849 788 851 789
277 431 277 431
942 143 942 143
294 850 294 850
59 954 62 957
229 336 229 336
774 109 774 109
373 665 373 665
762 115 787 115
116 198 116 198
137 990 137 991
90 674 90 674
997 541 997 541
232 163 232 170
188 730 193 730
10 467 10 467
650 687 650 687
341 823 342 825
265 182 265 187
120 408 120 408
164 391 164 391
339 178 339 178
905 943 906 943
159 700 159 700
59 860 59 860
465 147 465 147
651 67 654 70
698 919 698 919
362 112 366 112
492 399 492 399
828 640 831 643
86 970 86 971
977 45 981 45
766 763 766 763
788 124 788 124
982 850 983 850
983 295 983 295
597 503 597 503
148 854 150 856
948 854 948 855
579 734 579 734
560 686 560 686
193 593 193 593
633 412 633 412
802 75 802 76
119 552 119 552
255 125 255 125
972 155 973 155
30 738 30 738
564 499 564 499
988 34 988 35
217 394 217 394
213 378 274 378
269 352 269 352
436 226 436 226
747 755 747 755
13 850 14 850
205 251 205 251
987 171 987 174
472 44 472 44
652 846 652 846
289 989 289 989
730 276 730 276
644 877 648 877
247 489 247 489
987 267 987 267
474 469 474 469
161 933 161 937
894 89 894 89
492 615 492 615
453 281 453 281
541 598 541 598
180 672 180 672
735 252 735 252
428 411 428 411
482 356 482 356
640 530 640 530
17 736 17 736
104 104 104 104
404 848 405 851
633 895 634 896
892 585 893 586
601 389 601 389
724 446 724 446
760 105 760 105
538 582 538 582
893 449 895 451
168 148 168 148
814 468 815 468
275 693 275 693
251 809 251 809
807 915 807 915
119 124 119 124
605 982 606 982
899 64 903 64
290 566 290 566
57 869 61 869
330 364 422 394
100 612 100 674
939 594 939 594
901 217 902 217
287 663 287 663
375 460 383 460
3 388 3 388
501 15 501 70
483 845 483 845
254 286 254 286
12 74 571 74
260 593 260 593
951 985 954 986
953 561 953 561
513 40 513 40
464 464 464 464
530 342 530 342
948 738 949 739
796 824 796 825
162 384 242 384
928 615 928 615
839 507 839 507
168 281 168 281
818 684 818 684
662 991 664 993
67 258 67 258
214 705 223 705
511 213 511 213
557 43 557 157
152 448 152 448
409 91 409 91
807 284 809 286
952 642 952 642
346 196 346 196
961 393 961 394
672 776 672 776
446 769 446 769
712 92 793 92
307 639 307 639
127 946 127 946
995 725 997 726
7 701 7 701
494 637 494 637
860 782 860 782
394 252 394 252
41 501 41 501
473 832 473 832
551 484 551 484
791 877 791 877
75 572 75 572
597 576 597 576
911 880 911 880
216 347 216 347
994 112 995 113
400 619 400 619
123 289 123 289
646 977 646 979
883 85 883 85
532 809 532 810
739 45 742 45
897 306 897 306
419 43 419 43
507 423 516 506
416 942 416 942
514 248 514 318
559 846 560 847
605 721 605 721
147 372 147 372
221 713 221 713
394 661 394 661
514 616 514 616
292 703 292 703
372 968 374 970
561 935 561 935
255 637 255 637
108 69 108 69
138 449 141 449
594 412 594 412
713 639 713 639
958 357 958 357
187 844 187 844
407 135 407 135
322 785 323 785
762 263 762 263
570 39 570 39
660 350 660 353
56 850 56 850
250 88 250 88
625 314 625 315
203 704 599 704
434 104 438 104
402 888 404 888
265 917 265 917
597 912 598 912
825 516 828 516
447 587 447 587
426 186 426 186
41 528 41 528
696 623 696 623
439 221 439 221
262 928 265 929
839 676 839 676
366 893 369 893
451 988 451 989
77 501 77 501
174 923 174 923
309 936 311 937
267 505 267 505
656 4 656 10
829 643 832 643
393 727 393 727
260 182 260 182
811 107 812 109
969 408 970 409
626 625 626 626
165 212 168 212
453 320 459 320
122 31 122 31
12 739 12 739
348 428 348 428
783 623 783 623
728 868 728 869
830 582 830 582
131 529 131 529
896 200 897 200
434 321 434 321
142 801 142 801
617 892 617 893
778 989 779 989
390 311 390 311
266 145 266 145
726 3 726 3
650 295 650 295
476 629 476 629
257 106 353 106
15 965 16 965
113 946 113 946
206 328 206 328
958 400 961 403
282 333 282 333
793 397 793 397
7 479 7 479
102 220 102 360
364 461 364 461
30 931 33 932
118 653 118 653
531 599 565 599
509 830 509 830
186 351 186 351
126 891 126 891
65 395 65 395
396 291 396 291
528 355 528 355
994 822 995 823
23 526 23 526
516 342 516 342
350 537 350 537
665 743 665 743
994 931 994 931
539 650 539 656
109 21 109 21
148 470 148 470
962 219 962 219
199 211 199 314
720 596 720 596
300 97 300 154
851 34 851 34
409 442 409 442
119 923 122 923
678 803 678 803
685 393 685 393
231 328 231 328
502 805 502 805
986 773 988 774
552 842 552 845
2 119 2 119
433 414 433 414
787 283 787 283
990 563 991 563
629 150 629 150
492 284 492 284
287 763 287 763
509 496 509 496
644 624 644 632
289 658 289 663
348 296 348 296
114 841 115 844
120 396 120 396
890 71 890 71
172 178 172 178
793 637 793 637
208 619 208 619
363 143 363 143
844 68 844 68
81 193 81 193
912 723 913 723
225 807 225 809
126 299 178 299
20 878 21 878
379 745 379 745
620 158 620 158
687 756 687 756
803 173 803 173
860 170 860 171
394 353 394 451
826 736 826 736
559 17 559 17
305 111 305 111
678 506 678 506
701 332 703 334
212 337 212 491
405 270 405 270
354 131 381 131
22 68 118 68
669 351 669 351
435 33 435 57
643 500 643 500
142 254 142 254
159 740 159 740
988 933 988 933
921 715 921 719
782 230 782 230
92 901 92 901
670 417 670 417
629 650 629 650
923 85 923 85
14 915 14 915
194 421 194 421
335 59 335 59
787 180 787 180
63 994 66 997
646 264 646 264
674 97 674 105
803 969 803 969
974 20 974 23
619 306 619 306
890 793 890 793
850 557 853 560
443 305 443 305
66 224 66 224
554 56 554 56
723 734 727 734
65 893 65 893
538 31 538 31
969 909 969 909
118 327 118 423
339 794 339 794
148 856 149 856
805 344 805 344
253 404 253 404
593 350 593 350
529 199 529 199
53 986 53 986
759 423 759 423
621 874 621 877
726 209 726 209
984 95 984 95
556 42 556 42
581 460 581 460
497 648 497 648
991 377 993 378
251 416 251 416
491 46 491 46
1000 331 1000 331
876 42 876 42
184 977 184 977
961 823 961 826
817 853 817 854
163 507 163 507
665 297 665 297