100000 500 3000
71470 81418 82811
6200 86723 72247
69133 72476 97417
15454 80291 24988
18515 35639 32575
77917 99200 94713
31428 91844 58265
22781 51170 9887
13820 71031 20526
7209 35088 45511
62373 90719 6532
15440 87572 14710
60916 62362 16451
48918 61269 30037
13969 53423 67377
28776 84046 83770
30473 79975 68310
24120 31127 46363
74327 80777 4696
28848 48650 83980
21238 38322 31628
75260 95954 7829
7895 33043 50129
1181 3999 71475
51513 62828 72605
51627 54624 16239
28275 58653 18056
68981 71933 25745
65091 86436 96266
45250 45625 2074
51834 77147 66903
82040 82323 75745
84025 88637 51430
10231 12658 61909
47523 76297 85764
49859 51843 82161
26419 50375 59093
7451 27764 18093
3218 77258 11530
62236 63928 16946
2676 88814 5344
60868 62940 11053
51774 53835 50468
43220 78047 14143
42204 99967 33999
13777 97637 70287
5207 24394 46371
31852 58659 58664
55851 86431 74026
1800 6590 361
2810 2892 28427
22893 61154 35115
35366 41833 43825
7282 21000 7519
68385 88512 15855
64185 67329 81778
25445 83829 11733
11890 71699 37147
40976 82903 22309
16341 53817 46783
85999 87012 17578
79336 97106 30549
11637 88749 53564
43187 85707 31938
52520 90387 64570
29907 64906 38744
9177 74066 82922
47062 81157 10528
22226 91787 19757
22202 79363 70707
11806 75207 78801
32065 52138 9719
38605 85362 24519
44871 51084 50204
6482 79520 55695
24222 33969 26869
34205 89744 32194
52773 75610 32955
31762 34487 71703
3506 49107 97406
68101 75113 87496
20118 64927 37910
45578 93194 38242
83918 89323 45239
26276 39104 58405
76951 89802 62706
63416 86236 10411
41231 63479 17248
1876 49799 94453
836 50333 83823
29033 44508 47923
59553 64841 17690
39863 52187 30140
16548 64596 95191
5029 27595 37871
36750 98474 37031
60364 68185 81999
5262 28493 85966
60988 63481 27749
72880 73061 94871
72227 80829 51034
41599 99980 81072
30058 80339 49519
18466 60623 33420
74727 90765 51681
42877 54171 31183
64214 81006 35230
12715 30761 91915
19999 63304 82756
50768 74494 15978
23832 36505 23867
64128 81489 58398
8355 95776 58532
9055 75834 95354
95682 98886 22054
61867 70144 83719
9910 33957 52091
38832 78717 74719
55498 89179 13728
29132 35747 78696
30128 49249 59723
20184 63304 80939
69614 99174 11428
60562 74574 94379
23302 66629 76054
17015 26363 47572
22758 95766 93521
48790 60492 14469
47061 58136 80461
8433 26373 90060
78755 88042 51640
25517 35942 1834
38874 49805 74593
19432 26159 57647
27148 60092 86964
9551 55149 41358
2901 13436 13603
645 19374 50140
35598 57415 88145
33581 60281 86618
9851 67287 86982
50573 67931 80665
57005 67202 81363
37796 67030 16917
47755 87197 95994
30575 42481 22599
82917 93146 57778
81307 91999 86176
7135 80030 39408
2921 8413 50299
94304 97667 35596
31635 99114 91744
520 54816 52294
65882 68088 78816
12456 52192 34792
18291 98070 30346
22579 55207 1126
51315 55080 98459
1805 80168 7441
41667 65886 72578
24896 53104 19543
8177 46294 18557
25330 51073 35634
37327 51016 18278
8828 58062 36850
19020 97679 18172
22552 47795 81808
26138 56670 54519
13745 71689 6036
46078 77261 33378
7864 80563 60402
42270 53782 64961
13458 71229 45952
67827 72539 35064
7870 43353 68511
80873 82118 16473
74937 94597 98603
22059 36241 95547
23729 57298 68478
35051 87247 4562
33296 95231 94100
2342 16916 57665
56862 82205 23286
73475 94571 5633
64503 77138 70077
25885 29449 29510
69287 90746 26236
42113 42756 54781
2953 32548 39720
10373 69819 92223
50851 82654 97218
42028 48503 32044
66521 75866 31276
47142 56572 55587
32443 98811 50327
21264 67314 99772
17816 92707 47433
4059 12340 2476
7956 69441 25211
27660 55284 76485
34303 39244 16221
4564 49826 93685
55163 83242 80364
41260 52531 82317
1398 96356 87388
29900 54984 63423
60284 77701 96872
5282 68049 3285
46917 47871 2938
26054 91964 59088
32142 39287 17024
16375 46192 38099
45620 90785 28553
27183 73017 41624
73779 75862 16704
55386 93787 58920
16188 58984 99278
12846 17889 55927
47763 54548 32130
54415 57662 76210
37959 60073 78367
24256 37897 22926
31847 85975 24017
16204 86112 56422
10398 63100 99675
1384 56069 34495
35173 52773 43532
74479 95244 51619
27711 68158 43183
17276 70422 7082
15224 81746 29944
60225 83190 5726
35018 83172 30900
86721 99074 28720
26919 76342 24905
26149 99895 57833
2440 99687 23539
15725 89525 16161
2720 96976 94706
26701 98661 41507
11250 24904 47346
41 28524 93766
47124 75898 75859
42496 45068 86112
90167 98205 77209
52931 58163 8619
62431 62557 86644
35685 74439 53572
18468 37979 45461
22051 89529 6673
11952 53014 23205
75350 95004 15396
34460 82912 44373
2818 87991 21287
15994 39232 50340
63439 64238 13970
11868 12878 31769
72722 89831 23211
87089 94629 75157
21602 53928 61988
18873 33400 94506
44690 49791 6650
6073 77517 21200
17336 93412 37870
46192 64234 98810
34372 74448 3961
15674 87560 62961
50012 72365 2730
36764 83847 85888
49858 88081 93495
29351 99644 26612
30819 72277 16566
4204 5659 92978
686 95495 27837
25980 48255 1484
36190 84238 28997
49149 92325 47508
57775 98581 26269
18110 77216 61989
15973 58934 56088
8310 43933 54943
31367 37848 49758
12045 21727 23052
2966 84318 18606
4966 89268 52421
51598 97824 84452
12884 91003 78729
53536 93051 4957
32554 62072 30855
5701 39554 38937
4443 99948 59113
53175 59226 9012
54398 71177 59563
8054 27257 95570
33070 88756 99703
18734 34457 73971
45770 90271 77423
24452 86032 22487
55203 81540 39108
61253 75469 18458
48230 75572 55890
8840 57183 14798
35728 64505 15653
7410 61748 96237
12040 48943 45451
84824 93406 37427
22718 70005 84917
50217 87740 41771
25497 82508 64005
70739 94637 16555
59216 62191 69972
46592 66129 25231
20440 42060 10169
25183 53496 84900
69351 87766 37171
47106 66003 41464
6557 50851 86375
33647 35864 55650
30006 53039 73759
5302 15761 68517
91898 92038 57246
226 25902 76542
76002 84319 41986
4313 27043 36112
52604 61119 66208
67155 96502 77774
40398 55668 19108
148 21976 57902
17537 95881 68646
44927 51020 51181
21806 87247 54432
41277 51944 56061
16746 55883 18509
26530 54951 44406
4938 41148 50344
59293 94088 96653
27413 53246 74453
58515 82265 50565
28044 68377 64768
41710 96632 6979
614 62050 81301
43959 80327 81062
68028 97390 40760
83284 94670 56174
29625 85022 6566
19117 64280 77209
16073 73176 43503
3908 13840 76328
74182 79949 58361
7848 51739 48517
21269 86070 28253
23629 99900 73400
32356 78074 65764
28490 51935 10887
23238 35034 15491
16576 25268 844
40188 69300 46887
52817 98480 1718
10028 24064 59882
46774 50281 76074
7231 66469 29417
13999 62812 20980
58597 84943 26231
22788 70385 22500
1473 52497 48528
33215 47809 4169
59982 90388 39186
3304 90832 70267
64300 88234 87496
58738 86052 99465
29568 33034 36783
44845 89101 2561
60099 66192 4816
24385 73149 45289
52461 90400 8590
38528 69728 78314
7939 81459 64692
34870 56058 32355
3471 58711 49521
41987 95971 64148
34916 78808 80015
13063 87620 59775
48364 62769 91145
33110 98727 81669
39947 47958 74941
33169 91396 36398
42388 49318 9423
6192 33688 4104
12193 84698 93006
37185 71314 45393
2157 18779 42809
39573 87465 680
63095 81849 78646
904 49240 39397
30052 41356 85831
24053 64524 53209
37202 94888 17713
16710 28797 37747
30209 96390 6344
18487 59170 1995
8890 32149 18690
80490 80693 99990
45935 51256 89840
43741 82410 54430
90970 95646 53020
1829 85777 28817
35133 50899 3893
49569 72134 52502
81906 95575 10
9204 25996 40686
16218 27543 55224
71589 84806 34832
1997 54363 10589
59065 81811 8128
44859 45362 33808
18942 96054 22020
17686 21733 4583
8321 74138 52316
17146 86313 3967
36174 94812 89881
33036 46248 79202
1265 48150 28347
56782 72209 50186
2868 91167 22255
24465 78490 24220
40623 70574 72901
88071 95133 18412
12232 36174 63368
16858 88167 774
22188 83147 91589
11838 15664 71514
2840 52046 80510
15839 21882 94055
47308 53130 89051
20451 79001 25129
73391 98698 93448
13848 76916 23791
17412 20306 67063
50885 80979 31336
63979 82518 45351
1446 93623 15616
54032 96454 25640
15592 96560 76845
50145 85432 55687
1058 48412 65045
843 57186 27687
87244 99645 98087
19051 38338 21212
61510 89855 54909
24135 63073 29661
11567 73050 7362
82756 96016 5508
36383 74119 26256
4919 84391 35450
42580 91765 45107
37304 98049 1693
11817 37067 31721
18813 89630 4095
16898 53826 78110
66984 97422 77263
80104 93098 11663
1430 2590 61488
21631 37259 25331
25753 43748 19358
5816 59947 85664
49432 78250 56480
22050 55437 97394
86262 89419 80842
84842 99281 82344
90222 98341 62244
3822 96573 92599
34232 99816 66925
27927 93589 20998
2778 50359 96573
3938 61638 57404
42649 69079 13911
24431 59181 96703
4657 66033 12765
18259 70689 59724
52505 84745 64929
76289 96744 97051
79379 80071 62405
12825 37858 31527
39432 48921 65717
30215 98512 51386
33070 66244 32089
90281 93181 51846
50198 86003 86963
14091 30443 50733
65421 68617 63012
18200 46854 32018
17909 36557 89934
49260 59550 83579
10153 76437 47768
70474 95927 10223
19412 81652 85157
45543 86403 60764
22484 46430 26268
48045 77780 64544
52897 67338 12071
453 31588 81468
437 39972 80309
57 85592 53732
43 1428 33018
187 67704 81374
123 80921 41048
286 61853 96783
423 43489 50120
451 54645 9045
345 46931 96081
139 67839 86247
165 86631 97924
164 71863 14561
200 47761 49623
73 94186 63055
251 65130 44009
250 84970 42227
94 97008 16391
196 92257 23884
92 15577 66319
85 74431 78419
355 82358 43406
375 92471 30130
73 56213 83225
380 48520 62298
327 6467 38362
426 34779 83829
222 44723 56176
497 1739 45448
309 86493 86662
207 5151 15350
29 12929 84386
483 79901 39157
138 53914 58110
340 73179 36889
113 62212 43261
256 29729 62091
274 83772 18275
285 5957 70409
361 95970 48319
298 80336 1346
404 64367 95239
133 31002 36578
138 71062 81705
131 71869 26991
142 42234 67124
331 40761 60580
65 59413 6164
322 70645 36160
23 78577 81243
498 37549 84259
115 84604 19320
90 10377 36091
448 85948 14357
485 52653 14408
270 90797 91147
460 54184 81123
34 2586 42140
99 21134 30384
65 45522 84229
169 35406 1636
234 53529 85078
417 16560 42747
380 8896 14622
222 80974 26980
384 52789 88033
193 61855 85978
345 82848 2225
84 33889 81699
435 47684 12412
373 59544 63357
309 26969 34963
36 8426 41369
405 76992 82262
167 19980 26131
488 8071 48708
349 51348 74725
64 92250 17792
94 16653 61280
10 32457 41876
400 68636 72010
29 12706 32819
418 20468 75676
112 924 21051
429 9325 43337
220 39574 71765
355 68486 86214
210 90304 11510
266 53529 61371
485 11861 30435
177 76 32954
11 34811 43481
315 86784 51138
280 82784 24222
165 12526 41925
39 48022 59182
107 55947 63718
217 43346 47359
337 18718 78964
260 49999 21649
479 9404 14299
483 34928 75211
332 28206 31579
174 24179 8460
225 44933 93021
495 41191 62761
397 44322 49738
494 97991 64884
100 22310 355
451 77769 56729
26 54875 23456
216 51313 90915
420 74548 99624
33 46327 93775
489 14196 37364
33 70518 95438
365 43276 55140
94 96304 1712
493 83761 39273
201 11708 74745
155 45220 93220
16 37376 47170
126 76902 89676
454 60708 31085
6 97275 23706
478 71368 83489
287 43937 59810
88 7088 14616
116 12880 29921
268 66483 70403
171 868 42724
348 26648 55504
364 45193 53064
382 64205 81831
411 93499 14618
191 47879 69274
473 30037 71383
157 58329 68437
68 59422 5454
242 87524 12314
2 31537 55179
31 93972 3175
113 48831 27720
448 42654 57309
108 12042 51003
497 13121 58715
352 97428 36596
6 38431 63376
76 69527 95896
449 34441 63643
237 85596 51266
228 25102 51223
88 95752 21424
381 86669 99273
406 47807 6407
75 9705 26116
383 41763 59258
277 10387 23269
219 90515 98780
193 48640 60608
221 97157 67635
97 57304 98761
442 3736 62580
67 78220 82025
234 55340 89404
40 94886 40191
245 48973 66484
336 46735 50823
448 29626 8271
109 33874 49507
28 93492 900
86 95602 16299
253 23564 24238
412 35424 63710
350 94674 4549
203 86872 56261
160 45085 61396
146 37991 31109
161 94967 14919
377 68718 27200
158 41896 86013
28 18169 44814
445 27778 27847
163 58838 48427
246 79542 29216
20 93112 24136
433 14101 64332
268 40636 74112
408 2576 9960
308 94120 96017
82 46971 76499
267 39611 85119
203 53080 83780
61 80273 17652
33 52354 9560
269 57060 7434
492 68852 94749
463 54545 80531
58 41145 87761
459 26649 48286
196 93000 94258
354 74581 84842
402 21819 41680
377 29739 8746
168 35366 58942
115 2055 34698
154 13120 76671
299 41450 80153
110 97893 42293
216 66014 45002
74 25818 52307
110 21013 46403
285 95722 69928
337 75446 32589
381 8325 21799
55 86038 48941
251 38847 74493
400 55743 79172
362 90814 97942
206 62747 63494
481 54637 59161
19 63954 27426
13 56313 3441
491 99768 1834
448 55472 38299
44 69123 86508
139 56169 65779
429 44923 60309
339 68814 83607
470 50484 59248
159 94963 4277
76 71384 19347
144 71008 74853
245 36854 71805
419 94485 22386
363 31770 60380
41 55548 75273
258 40331 8794
154 60450 97662
471 74383 11837
50 45636 12213
380 40484 86021
19 76991 97395
120 51422 91416
212 93538 53655
339 64996 84442
40 79837 15682
451 86293 7762
12 34315 78173
470 34011 43121
48 16678 45500
421 21822 44989
394 81022 13524
6 73546 79931
377 78666 79018
249 8958 42333
187 97505 31532
91 27282 28444
251 44448 24838
489 72251 75547
172 25665 87242
217 19771 39921
218 37597 42528
116 77323 42877
400 94560 48471
71 81921 88243
270 78914 86509
142 56489 84302
493 53763 90449
50 9313 86346
55 14574 48449
383 67564 94033
44 93017 24819
495 7847 32836
244 47824 73128
0 583 80148
105 14045 52144
68 60163 8011
129 46708 64658
63 25811 44420
414 88719 64379
221 4123 24687
272 78967 91834
450 1203 17934
55 33884 8175
80 53394 70673
68 73251 48740
289 8959 57264
45 97499 81458
49 58823 90615
413 37263 67619
181 94183 63960
368 50441 72676
131 15668 70585
269 5303 15722
494 66005 21120
494 9312 13172
68 98212 76249
241 60929 70633
321 59797 75610
356 47917 51871
219 28263 30584
282 44188 44384
151 2245 48730
198 21171 42896
304 99685 38027
494 94127 58355
351 1463 4478
84 4326 26322
43 75334 47114
474 98020 11030
110 76808 6703
474 43819 51427
108 99667 25658
303 36824 82061
121 42119 36112
282 55844 69783
431 84531 61985
272 49177 13185
202 26934 33186
8 89978 43845
217 11698 20229
439 30437 31944
442 37841 49892
196 29296 3409
292 93739 79026
145 14523 80615
343 82192 87956
228 28213 96364
472 20471 34543
429 70027 80413
489 43967 47250
473 54287 72693
470 76941 78206
297 50245 70403
65 68044 39612
103 70566 76601
447 88656 90781
315 58004 69929
247 34385 60154
260 35741 49204
29 89100 40124
201 562 34524
353 88465 94363
433 54024 24780
190 88929 14336
53 62140 35904
21 58494 84105
350 7068 60489
492 50297 8686
12 59026 80236
250 74325 90591
259 57339 79822
444 38832 81448
312 92644 50112
271 39536 60495
17 39302 41217
347 30071 58553
325 88385 13558
321 17641 21212
230 56290 77542
450 5668 39459
24 92768 30545
258 99606 5349
143 20530 40280
298 24359 73495
394 43103 54820
203 91458 33668
160 12439 63267
247 6823 43837
249 55431 81690
241 72136 75457
14 5344 19705
182 51663 65079
26 43058 19781
261 83031 40308
273 94633 2632
484 26764 61614
350 33467 60461
288 61969 75210
207 55569 91993
294 20310 81988
78 6353 36242
461 58281 17887
97 26547 38366
11 81292 86346
135 89461 13876
401 95979 12900
202 98633 10049
292 49240 53542
411 9445 91970
472 50905 95141
352 43782 1732
350 8249 70280
311 48481 55672
87 7813 37122
282 62382 67962
415 66483 7421
346 17810 63159
324 28668 74361
179 54478 69049
282 28108 73461
323 97703 2337
311 31299 54441
90 47115 62336
251 24907 48288
490 81641 98709
403 19387 61068
219 74055 9645
75 67201 91790
333 19222 27020
313 85603 36565
103 92131 30847
423 22011 32341
229 75505 21205
328 37452 69212
406 58529 54620
421 25776 71271
389 51104 66351
7 29309 46721
362 90541 14805
490 71315 98324
210 62724 68490
83 51391 86910
225 13468 14324
161 1413 9257
261 1202 11670
195 54104 76089
32 15721 36670
466 65399 85981
363 64149 76239
221 94393 35962
51 19847 26148
270 35809 70733
494 84526 24556
29 31167 14826
152 136 9148
136 47544 58901
329 21426 43929
88 3424 17897
113 98383 41598
60 29602 46765
33 4934 22302
229 59219 86520
16 56795 22694
119 49413 60163
230 16388 3295
483 25669 75728
22 97110 3623
405 38442 83367
200 76074 97114
255 88470 27190
381 8682 21084
22 47594 30943
396 68971 1399
208 83016 28194
29 42041 61791
193 36802 2207
329 79784 1341
38 63073 64190
289 97051 34080
392 81370 25131
64 11208 26025
146 41425 22940
191 90859 56181
323 58475 97725
382 56420 81771
96 76517 60484
448 22522 88051
141 12354 29449
58 71403 28190
451 41315 48009
12 22399 60581
109 31788 9626
17 37994 961
122 20902 26489
428 73369 87383
332 62418 63066
56 49637 8030
48 9374 15479
396 37275 86631
320 77726 5697
278 30188 21948
199 78332 24622
211 39390 59616
267 19640 31992
440 42952 14303
317 20006 50374
486 16034 64467
54 32598 74011
286 54156 66802
146 15207 64934
446 7867 33212
246 85647 10741
238 54643 44160
351 48494 4311
44 41298 64132
235 85932 86133
46 2754 46799
54 32869 35451
64 85932 73307
57 30192 65995
418 10602 39614
19 6837 51009
476 66061 16416
76 77793 53508
66 94972 13553
414 91120 25206
12 29577 68498
110 78521 93458
129 33221 27965
75 79303 2239
28 98344 23377
147 27646 41087
120 97302 32682
83 66099 68297
473 75073 24903
56 45363 60106
5 60372 19776
119 20343 66926
65 93668 69223
460 17833 27891
339 89427 95810
258 93791 3796
239 31816 54602
419 77461 87102
411 5650 53741
410 24805 69265
144 44478 76537
387 26443 33847
224 45277 10350
465 42091 54641
110 61607 75092
246 78977 51072
238 96478 21853
249 44332 67204
310 57899 9918
278 71524 42000
244 74121 93724
128 3363 57030
99 81047 50554
69 26418 33253
112 89769 28653
481 337 77439
91 5823 33419
448 37392 73321
345 71856 1778
313 76108 952
272 8046 28143
77 86352 18392
271 71625 55008
322 83390 96937
275 19996 41867
75 46342 52254
72 31528 78440
268 88437 41373
300 46573 59803
148 75369 31066
203 55781 15208
177 91342 9460
338 93780 22879
478 77640 13424
170 71404 103
462 91849 95989
439 45261 48154
54 22411 50677
217 52817 60401
296 6565 79160
239 59201 84340
184 97329 24884
29 49886 79795
292 76987 46691
83 11319 78513
325 96174 32595
45 41507 57384
239 41842 15252
411 31314 44416
263 38359 99541
426 50674 97108
313 44932 64681
468 89334 43491
139 88519 34897
161 75741 95430
278 44324 55091
45 42111 3373
158 92634 38241
276 45872 93728
123 46697 66136
484 16051 89572
346 60324 66732
298 33250 81976
463 92669 24329
305 56839 66883
255 42729 64210
134 76150 4375
158 16264 16662
138 37046 42004
118 22252 23597
355 88448 2963
290 95185 99271
163 73226 73660
241 58619 82727
0 33051 37115
105 5226 68962
156 43897 53428
236 55517 57008
359 38280 52821
415 54185 83268
397 4312 5439
377 9108 33017
6 24972 76031
300 14923 71652
35 34116 35988
222 66403 30062
467 32285 93629
60 15640 82024
147 15639 98910
180 15625 41244
156 13198 32977
471 76044 9546
416 13943 17856
441 25410 70267
485 19529 53429
345 45722 45845
84 84382 98405
159 36632 80762
254 50171 76509
288 36599 63265
204 5956 30106
116 84186 20113
469 13628 97334
262 13342 58838
226 69727 62061
412 64635 83518
118 47959 97593
376 52799 97399
64 18958 40370
357 20550 69879
231 51176 82637
63 17806 43953
263 25266 27300
157 37272 72327
38 5390 9229
150 84475 15277
409 82196 90525
7 42037 47882
211 78310 81883
148 51109 55379
129 50434 69354
473 29188 42191
369 78476 82005
283 68760 85074
352 4083 8554
88 48658 18548
214 22812 24040
441 96076 54736
173 19151 53646
359 55191 89660
83 26802 54772
130 2155 35242
91 70895 79635
459 71330 95013
454 96989 9596
124 91161 15759
100 4947 3402
271 57642 45607
344 48258 65439
493 70490 73856
332 73418 96774
440 11469 18899
344 89036 89818
236 94742 33827
0 81803 93830
163 98741 94211
107 51888 72702
244 34500 46323
26 9749 38527
450 82670 64124
131 53780 29264
158 94696 15097
457 60885 13119
339 25244 19159
184 36137 39868
65 55066 82686
133 8109 95127
11 97000 1205
248 4020 6337
299 78172 32438
9 12868 29583
26 18888 48365
7 48186 24738
93 80610 83024
71 41049 51213
194 10132 12158
125 12482 14032
61 86983 24717
272 51305 19407
126 22293 88596
327 78026 83771
209 75237 6830
453 87463 4829
130 58760 87297
258 73506 982
301 52532 11615
251 26086 66779
410 11060 29742
417 24158 81005
124 87895 45406
350 28262 37964
472 74106 23628
224 78291 42456
422 87740 24552
262 83937 46877
174 17018 61719
312 71007 73806
175 90983 5305
111 81581 12974
16 22475 30280
44 67731 38567
258 56836 14513
106 16682 64155
56 84155 18816
326 53418 83124
73 20991 40218
234 45471 50071
174 35749 50529
375 70437 30768
431 45856 50428
121 82209 22980
11 32974 80015
130 99206 9182
350 42669 98786
407 20456 40590
153 74857 82677
198 31165 55127
220 85729 46492
180 16325 24530
59 63726 40851
273 23832 31185
345 88922 20967
326 13483 18321
448 28790 95066
142 98662 25781
125 82440 7497
240 68163 57101
125 19367 33854
381 1531 42981
97 38279 41484
24 78843 86078
211 72301 3219
263 38844 74787
481 19399 29396
118 26621 6990
139 83963 56112
77 89510 63822
194 33969 66332
495 89134 9608
180 76852 1186
486 25995 61903
199 32160 84238
292 23012 93586
428 73963 64807
283 71204 72589
292 47743 54105
139 38729 74740
324 68322 91998
475 49425 93845
265 69963 8950
283 34924 66499
16 83848 31941
167 83810 84511
121 63315 76965
338 61033 11192
61 21699 49461
310 53905 18961
0 33168 35829
88 74019 16665
132 8112 41494
255 55299 60512
46 65249 72587
421 26827 10292
293 84277 293
1 21823 68474
235 90988 15857
227 99838 27221
325 74838 83894
353 55113 77466
289 73541 36756
361 42773 72468
32 251 22133
9 57346 569
446 58066 61812
346 14458 39033
200 74173 9368
264 98130 4674
329 29676 48312
318 86248 4795
47 85912 86101
222 44767 5588
275 22931 49554
478 33075 68966
145 94028 46478
340 74770 97818
0 67266 54989
179 68570 94304
2 77401 2820
118 46464 88450
84 6794 72541
309 88804 94121
470 23182 49752
379 36583 50044
313 74589 13893
57 35999 92940
198 90452 2061
270 70178 78144
387 18655 67189
30 22686 23548
254 4785 23075
89 18350 82786
243 29205 74213
495 21510 65647
98 5198 44640
241 2792 73492
231 42038 62088
83 3278 70259
413 4259 54599
177 19349 24570
41 92722 15837
314 29328 93543
23 55579 67146
469 60802 36691
327 83181 41054
418 80387 12882
474 32842 40732
313 322 42716
424 99298 51465
207 74729 74798
176 32934 80293
277 80892 11071
105 43816 25651
469 92571 50917
67 65313 6253
202 16729 24953
467 19699 60431
216 70331 15280
334 54271 60697
307 36435 41443
117 97675 59230
412 76291 823
187 11817 27063
420 5641 13568
393 89076 89939
214 1162 22208
14 27106 78998
319 86453 18896
354 37890 59007
395 46270 6704
497 20017 58000
342 45120 54788
302 7601 23821
494 95992 41204
126 98905 99392
82 94360 10535
347 80581 98906
282 14763 80130
34 22230 47469
226 75241 31058
276 9133 76281
217 23391 6852
138 71426 44970
187 86403 56990
302 46119 6530
318 26353 95428
428 28850 33608
61 83813 7028
340 28600 75876
235 18999 22862
292 84656 41949
358 70480 94678
119 14364 38709
25 7673 12073
169 78376 87245
237 89732 43045
404 80493 4673
191 91365 33749
324 44291 75707
37 5483 10889
279 55841 38255
408 89810 21770
445 34435 65410
213 20495 75143
253 2479 58341
272 62661 48464
353 5933 19574
393 21840 4
185 95672 39601
346 49024 68408
412 3229 46790
279 75536 21089
360 85464 86775
335 90154 28922
259 37744 72754
183 22348 94316
178 52026 73735
214 63390 68983
378 22635 803
262 12880 30976
481 31803 34818
423 84288 97082
167 24900 68182
427 77554 97011
134 55975 83060
305 36319 50076
148 46098 51341
251 69785 20914
250 59786 68156
469 83064 39963
93 44082 15674
223 31816 93162
281 69591 85033
234 78027 22391
68 61221 67168
435 21656 53885
362 57214 46468
424 2332 54851
409 7670 30278
487 7290 21894
23 23095 54417
408 58569 6384
432 49225 83939
139 56862 72494
263 51087 41045
318 95298 9257
195 84269 98119
63 23664 94960
454 84828 92220
339 5821 13558
269 33877 72183
143 93661 32208
413 1259 20589
158 39467 92093
343 16976 22956
98 6392 56681
36 69810 76498
455 94776 64654
281 38663 51687
367 95039 84030
307 14186 59923
437 94437 57948
192 23784 24561
123 2795 10009
420 87317 21321
112 29690 32427
173 50144 8118
223 23636 51077
393 61698 66283
74 99174 62416
327 91035 37132
147 39442 62499
476 34050 41023
120 61033 69313
56 34626 2726
437 34981 53234
38 50376 91026
197 92612 60771
94 39395 19728
49 36085 57580
264 64032 87651
252 69742 75573
412 88514 1764
454 99097 34704
95 12933 84986
208 2829 74702
88 57506 19301
474 18986 34049
389 85145 92265
204 82917 10666
176 39932 48124
231 53506 11736
249 16654 51301
291 23307 39432
431 64404 65166
480 60079 16714
159 5957 6522
192 16902 31418
102 98167 7986
133 63671 69076
226 49378 55428
308 5596 26097
288 67011 80850
43 2993 15411
490 31474 38293
68 95833 27533
194 19151 62045
248 11797 19460
431 35876 30809
127 50127 55722
105 50911 11111
30 6949 45950
126 96957 7128
111 45816 52069
38 22682 86023
225 54736 87745
207 37174 44055
236 42722 1604
418 64080 94011
230 62040 15406
441 36610 42175
191 76259 92193
328 8735 35200
383 53495 68764
402 33914 38890
161 9941 13466
466 6369 55301
133 79377 86734
83 72333 7647
469 14432 36269
168 53308 97805
7 86888 39127
49 13477 39719
187 70979 34914
193 5614 15744
13 84197 9104
310 15455 55960
400 94980 95736
242 52302 69838
37 70241 25136
385 58219 3921
36 47959 11971
419 65162 67141
292 99282 74940
497 71598 46276
372 73568 3844
274 99837 6350
66 78804 82661
68 62514 73518
292 59172 99863
357 63236 33935
20 65760 87420
358 58659 91275
355 98975 97267
178 40039 86598
156 24756 30942
227 61549 989
367 23207 86714
69 65057 73526
229 23974 65628
1 47921 49858
454 87474 92910
269 38992 62333
343 18514 37765
302 10708 37270
132 11270 5967
241 58955 65378
437 58276 80885
254 1235 20407
209 46608 4592
355 30066 34615
342 57142 80534
464 5477 79711
343 92868 75739
107 80657 4961
132 56307 70875
42 67823 96418
362 41808 84483
140 70137 4416
262 73451 62368
229 98508 55127
36 83412 26890
249 23199 37270
478 88785 26721
13 33615 77202
486 6384 53285
219 32480 92887
112 41932 60881
391 21054 42478
214 34450 41317
235 31490 55742
264 92954 67377
405 41917 46221
190 61358 43507
163 63394 22061
62 88611 19611
305 1112 24335
442 17523 18897
262 21766 46299
222 69690 91938
237 82532 87314
205 27804 38007
168 73387 75073
104 5192 8242
254 86590 22678
192 7561 17629
197 17438 34176
212 75646 22987
197 74356 17254
148 28086 73241
182 95862 22350
489 34080 2779
250 86106 15190
457 21828 50019
282 16448 43952
387 73899 81678
387 33753 51268
76 45322 91413
487 55379 77468
364 67561 81510
164 31432 51389
443 63363 1753
455 97508 7578
152 73818 96338
320 10527 80774
144 61087 86089
1 82142 15965
259 92304 27141
422 18015 77903
204 52676 27661
366 57468 303
59 46923 58697
276 2359 19028
397 11486 50668
318 21838 39308
166 89366 13781
268 48065 91361
179 73011 81388
496 36622 52349
431 83698 1655
304 23893 42062
18 71529 77574
436 63060 53124
474 7040 7211
56 90662 12928
97 13358 72843
192 86678 13642
171 50249 73152
220 64044 1821
421 73963 21574
405 74188 2437
403 29770 55022
150 43521 85668
191 92721 97474
374 33207 75620
214 37390 54709
103 36495 23040
176 95128 23818
127 10588 11933
204 20618 36433
450 34646 5923
147 69692 75455
175 33487 20540
134 94725 30838
164 93110 8227
244 76816 79703
99 28043 45432
169 33920 89019
142 92446 56431
404 8696 16890
27 9936 23638
218 98908 31272
204 82374 52078
94 66531 67869
317 99002 46650
482 40692 98323
437 87527 52428
226 78804 87517
13 40377 98186
236 35639 51377
410 4088 60798
498 42118 86339
176 7746 81602
362 44229 94617
285 58348 68980
138 58893 90669
178 62262 82438
107 30331 34729
427 91517 5826
143 23734 68733
162 27320 59127
41 82440 23961
134 34098 99890
499 44541 13490
362 25397 55611
421 34146 91123
147 51559 90340
303 97736 1706
448 34723 55698
94 41682 24849
1 64000 66188
444 89603 1415
57 94234 14263
6 64306 87273
136 28270 40569
296 74286 92489
304 24851 82401
115 62780 70171
99 73998 11933
25 14892 17248
269 5550 11000
484 58849 69456
156 48106 63937
412 73117 83686
458 35971 89031
486 67237 23418
45 28495 35911
415 76261 86726
280 60898 39944
372 14482 36726
10 88923 36189
369 53345 98687
125 97870 3203
95 36619 70351
347 96707 23575
202 93644 35663
125 90745 1462
73 61645 64479
295 89544 27070
327 37115 81358
462 19135 54887
81 44101 94082
140 80916 10252
11 78451 21127
36 79649 23514
247 46408 58971
470 27504 56704
463 37151 80115
296 47605 30107
26 32137 97069
41 99908 76578
477 86599 88812
261 75904 29960
262 43781 56462
27 99271 24820
131 31797 2255
30 86517 29486
429 30764 94579
47 5301 44257
130 9743 40456
172 35752 49113
56 69675 92383
9 99968 48674
168 13865 50068
177 14834 38112
430 56606 73510
402 94596 45447
30 84827 75520
133 66129 68620
390 7405 21816
68 98359 64964
253 78022 82552
8 71316 6225
199 25839 46028
28 83814 53605
426 69219 27601
436 4583 48241
386 35888 6084
320 13362 31679
247 99834 17808
4 72112 25262
193 33889 6258
152 19948 29733
224 61239 13790
374 76433 87698
396 10200 30920
164 40202 41063
38 44002 46141
134 31817 51526
491 28841 35174
273 15567 22542
202 39263 5695
36 65533 67741
291 4221 31858
359 75077 10267
266 56057 64203
311 61176 66959
494 96701 53124
292 69149 56509
307 1917 44563
435 33713 6804
32 88988 7462
425 67126 14213
374 14237 22314
157 45312 18017
442 3704 8901
156 5642 66085
278 79776 2416
150 70460 35229
132 6177 50570
224 68563 4763
307 99732 33267
118 95695 21328
344 77943 21882
177 88120 39988
73 56078 25995
29 57048 59241
406 75082 72459
275 15653 62736
488 50229 28607
179 79296 24203
194 96050 8114
477 21341 22604
162 1766 65317
247 76545 87491
183 42447 70374
322 18797 25346
365 77194 92626
167 75166 77734
438 49000 52861
333 75496 34498
174 35861 74450
227 55149 55379
51 65806 84832
70 92824 7259
144 63668 35536
290 37146 46634
213 78280 92628
159 75887 11141
270 42268 45532
280 64797 20991
366 32042 64714
406 8017 34507
264 32633 82627
114 67790 336
118 52964 61012
302 55968 80206
368 96726 37134
336 42316 95717
335 51920 9903
145 82353 56865
232 13338 13793
271 79996 89627
196 31566 32414
479 28565 64774
394 34160 58795
376 92702 23557
261 76883 42443
370 94217 48056
259 89894 17624
292 41671 48407
196 75888 28111
109 36716 89141
445 63790 99519
381 38816 54574
291 18820 20728
342 99305 48172
431 88041 93643
323 19899 2233
88 2597 44341
380 31384 81113
6 63380 41784
441 79006 86637
220 53109 67249
266 92147 519
379 92939 44820
354 25468 41718
163 80837 99339
74 52260 3915
114 20969 56425
96 64008 5639
388 2474 23890
472 82613 8440
98 66652 86215
266 59149 93578
377 15863 57932
268 51243 82944
273 44774 96082
485 30999 79097
221 78502 88769
433 76799 55516
158 4457 52007
238 45844 67015
381 36138 85023
219 3839 34223
18 59204 79819
359 13013 58860
179 40968 52993
294 78265 94490
277 3814 21120
257 80297 93110
95 48585 50644
181 90340 6594
0 72523 95116
412 46628 16729
129 56978 24530
388 97327 60614
373 37380 37491
202 32446 87720
165 4799 71087
367 39724 91268
35 13897 41141
23 84353 79993
430 56360 61569
333 26245 79819
440 23922 7463
185 95837 35143
103 24370 98870
260 42978 47928
436 70518 56671
461 13183 59344
245 17625 42646
187 27989 16525
303 20097 76737
155 46921 39035
409 265 59617
236 88548 51062
495 45762 82856
257 72241 38223
385 96908 45370
293 207 12797
364 15175 74010
117 45990 49263
253 78134 80560
156 81419 41438
206 91918 1284
335 14267 9765
481 7432 20233
77 28964 30592
185 962 27239
11 25267 27971
83 31942 32122
28 63377 72533
322 78141 49530
63 89739 95549
191 16050 66356
271 96966 42652
185 2362 6083
156 65547 25379
253 6504 62005
86 90815 8738
15 81275 535
449 20837 42672
18 44970 45025
40 59231 70233
431 210 22806
61 49723 52779
435 64854 9915
319 96764 56572
378 40474 61373
77 80239 82817
305 43989 78242
142 98266 8500
205 22504 23148
216 88483 52077
166 84637 64922
75 63435 90559
259 53288 53594
456 53688 20229
167 92177 98601
28 25951 74620
267 7360 45395
132 58774 83659
26 87454 53966
216 48675 59007
228 57832 85082
265 34788 64450
47 98019 36007
436 14759 28381
48 36002 13433
381 8655 46250
465 94387 47464
9 91478 10409
153 81952 91038
119 86385 2129
73 52661 86197
384 72730 7700
121 4262 75615
164 31044 12830
162 9917 86845
491 97455 60906
442 59964 10198
479 26317 67000
127 98267 7511
149 85065 53231
174 33009 40246
427 23900 81699
457 19949 45141
180 23421 27553
499 58880 65999
117 52865 17575
30 72415 14904
208 40525 97466
442 14431 41451
320 87255 9100
58 62613 15780
239 30241 44828
75 59125 87773
42 49412 68922
226 65879 17043
77 89979 2435
66 99264 58666
465 47196 296
372 52523 61702
357 23589 38029
351 53217 92473
409 62498 64337
345 7796 45005
329 6282 29721
371 95333 97375
446 43556 70524
419 77057 96125
146 18977 71713
387 68675 90038
353 43359 99292
222 8495 28017
252 2455 5218
320 23530 11917
217 4737 51700
476 17720 46026
36 14522 93840
77 43335 6143
487 43774 87083
194 42524 69590
84 99314 9499
79 28324 56562
201 83495 13257
205 6457 26895
387 1896 46517
112 65138 4722
182 81023 81607
412 93839 96119
237 57198 85311
383 94109 8993
37 97356 11548
15 6215 9071
276 91606 55325
485 81750 83483
328 77368 80502
137 2437 9778
85 71087 99184
431 64640 75182
221 517 56944
147 2694 16912
38 51350 81478
344 61429 21205
302 72059 9608
83 16356 72253
451 74564 86662
309 3321 16945
150 43918 68818
351 21938 95359
455 9681 54693
134 98682 23935
416 36142 67219
329 39036 58448
73 20971 24153
227 37470 48430
159 99235 58992
281 7499 73104
245 50951 79063
222 88063 740
235 76814 77382
468 76214 16628
101 66729 95383
264 90224 26934
429 75878 77300
179 42196 99496
242 62463 2949
382 41587 74643
299 78758 17615
320 8999 37411
42 33912 67568
174 8200 37324
363 21386 12513
366 11123 51571
426 37700 56605
205 92806 47274
93 85195 35269
246 48933 64966
369 70707 75211
414 70651 81870
379 47538 57151
396 3877 60246
175 15221 48707
90 19897 37802
497 65329 2033
373 14115 43254
142 86366 55194
130 85038 19942
184 11778 68699
15 50357 29246
94 7736 21897
321 73440 17711
273 7464 28411
323 47036 95704
74 19625 81412
304 75246 86683
384 49395 39924
278 77187 78424
335 48101 82106
456 50180 66597
16 98774 6490
105 41973 49921
403 9252 36978
450 58448 36754
351 17150 50060
212 62861 77981
358 54134 27825
196 43681 44333
38 76863 71390
489 40244 43413
66 38338 19143
242 77155 16270
465 85896 4856
468 1032 18740
366 2281 30528
404 12216 78821
445 20402 46373
267 39945 67313
397 37941 45590
206 79392 17505
369 6569 9396
141 15415 86433
238 57145 96878
434 41500 44896
182 33740 93224
111 63279 76016
345 75763 24862
410 29261 83899
448 69362 74295
247 13424 15155
89 62484 62907
257 52780 57982
267 38017 64966
364 13379 31548
437 76152 92787
207 98118 69198
307 60875 23433
365 84668 87722
165 58784 22312
369 52504 8200
291 47704 61703
32 63797 4683
254 14752 56153
365 78422 20390
194 35516 85866
298 7593 77058
464 28135 98950
280 14656 16603
200 58676 67893
69 1887 34665
285 91623 54173
29 89906 9770
120 26920 28374
300 3070 45510
175 40145 74673
97 85207 48849
268 96474 21572
317 50918 3367
144 2852 44311
16 29992 64141
31 98114 8348
494 75730 881
238 60520 804
292 18379 30957
353 86292 86431
387 84198 34750
47 69033 24119
171 57313 81318
281 99236 15836
225 75563 3909
137 13744 24677
283 59362 95080
444 84587 3444
406 36995 48171
148 18205 94894
491 24031 64713
80 20035 67074
94 40841 86105
447 44375 57046
50 64513 5831
441 61207 91494
452 98591 99868
451 46538 62382
448 45964 13582
106 97929 52232
130 66481 76733
177 83812 12852
185 97211 33066
137 92995 94293
31 26331 30906
182 24487 97619
103 54404 78465
455 68857 11599
363 850 57896
217 60066 98277
257 27879 32584
16 94667 94727
56 45363 74963
422 54693 60837
445 17774 94901
440 44412 90275
465 37126 40770
27 30301 58815
330 30503 57366
476 91018 93683
211 71252 40142
184 16243 26734
214 16737 34425
274 2695 37995
479 89600 90388
332 39365 78931
406 85456 91137
290 95290 26314
42 27635 32030
64 48444 76937
397 7886 48910
493 13782 71202
223 17154 22574
65 52441 96713
430 42477 69630
351 716 39912
352 83037 69053
487 88907 22888
242 51317 71185
344 56384 789
470 22274 67843
451 25755 74744
216 58730 36939
390 89321 50699
303 14180 22022
118 58018 70273
236 60828 44296
62 91309 52448
434 68975 83156
202 48880 72107
149 35128 40534
357 17542 37364
420 81008 82081
230 42225 97816
411 69277 6748
101 879 41007
324 70548 5814
12 20568 68555
407 269 24060
232 20004 37387
47 84336 7934
269 96422 98794
201 71650 94725
405 9899 24233
399 88090 89283
139 90053 36719
307 82186 99956
45 50998 73974
404 15109 56686
365 28337 74372
8 6720 25940
420 68320 5324
171 64856 74618
470 6010 46748
380 13763 44481
46 7608 51491
350 27378 91141
423 13016 35548
110 11116 43547
146 58678 23744
252 2111 70009
383 38892 62644
54 28227 62468
201 41904 67635
107 718 37825
450 18492 21157
11 66525 40457
283 33808 43413
411 10611 34387
459 77893 85450
351 67416 19976
56 64951 35136
359 36954 53809
376 45186 74436
159 29106 62354
59 52528 97539
185 99198 18488
387 90224 97886
486 96841 18889
247 93433 38526
17 25912 60359
130 41196 82446
456 65592 19540
355 63595 32135
329 34358 42269
200 19990 85099
275 83807 95892
488 63928 73503
214 40988 50103
331 65065 90738
333 22089 32839
465 99192 3072
71 30005 94910
314 5680 8998
321 64423 89802
245 76531 15246
126 66552 23262
284 60682 68850
266 52815 54591
208 5063 14472
105 968 1513
427 23005 66590
185 66175 98529
187 9073 13767
472 64766 72010
127 82321 11360
143 11784 75811
390 51885 12014
187 87830 23691
490 67131 86684
491 17822 27195
449 49552 66893
456 62465 22595
37 78286 21613
490 76695 10542
71 81502 45564
364 17234 56489
298 37734 86680
161 36903 75861
285 68665 1180
321 53697 69979
119 1376 44800
371 46 6190
159 53718 91501
253 96155 74805
278 90173 91382
152 39551 73365
409 15536 50806
1 63435 72543
47 35638 70229
187 62119 37819
268 4786 16732
443 12230 48642
251 88888 68771
109 16420 33876
342 62698 78036
36 75965 85437
302 77014 58006
239 2120 36163
294 61200 80668
128 23755 89737
311 70683 87880
302 42105 57603
280 2173 63500
342 8428 40501
282 79706 98190
475 35525 51305
126 30896 47113
71 43130 53324
120 80608 28010
56 74363 40370
80 41721 21151
215 41165 66263
159 69436 90689
107 65645 76172
51 5335 32091
369 87516 76107
49 727 53240
194 25129 85946
260 64539 76353
199 58783 86791
27 25912 37096
312 98705 58635
75 31314 18956
155 90647 99427
59 50988 96618
365 79873 85380
446 11000 12477
400 39685 99992
292 76330 36910
420 8703 23569
182 99489 39820
397 20538 48832
143 42965 53873
188 17155 30208
7 44216 18944
49 66664 5813
234 43915 43939
302 69707 63608
399 94383 56383
424 96711 41316
206 2058 60415
127 91881 92497
366 78970 25108
142 9271 24447
201 76815 81905
205 27975 43942
63 98994 1462
292 28100 44036
278 3828 55983
241 33055 51541
472 259 67999
439 37437 43915
211 36729 70984
249 71928 5972
333 62035 94940
401 75724 60338
55 81320 7530
499 45196 46870
188 56442 2357
22 8986 36071
320 72434 12843
92 74295 19723
246 26347 34646
438 52447 65019
183 23943 71513
448 85741 98956
174 74716 10348
356 52406 94375
425 7224 37976
136 94281 32576
470 43234 46874
219 35243 69720
16 50240 52420
48 51894 88766
222 78411 28271
396 95076 11500
142 70435 74058
223 58109 75780
152 12688 62261
291 925 73292
326 45052 63399
157 11101 65894
384 8865 40120
317 2216 61474
381 34735 51585
228 27196 40278
498 83287 44276
268 96141 98358
451 4433 14187
279 23496 41335
53 93517 28922
363 85851 56981
181 57932 34359
169 74357 14882
243 77986 56412
427 92228 37145
68 87391 2397
87 73335 95864
2 4703 5268
401 55482 60739
42 70535 2283
148 20237 31173
92 23898 51426
327 88514 42043
81 56525 81883
24 37776 81518
66 37462 66723
366 26714 65657
135 88702 16243
493 50405 91694
337 25742 27295
94 91405 47456
327 53867 58165
377 26003 31587
444 68035 44024
125 51313 91770
266 22249 34505
403 88705 20231
439 85380 99416
413 51096 6764
31 80290 8825
427 2602 30402
313 25835 40932
42 90205 95232
81 34732 55486
232 31674 2656
166 58157 74181
204 73633 9774
138 5550 32913
268 78259 99396
355 91312 85734
220 42606 84050
131 54340 70714
175 28400 60966
453 62168 64143
352 27934 7020
198 88613 26349
71 41959 59690
13 57686 66737
390 80684 19141
110 19807 38291
10 36318 74587
491 5949 91445
157 74552 81878
469 86178 2931
368 99653 45742
79 47049 12749
0 90002 4854
42 55392 4334
219 76286 4705
414 69235 33403
412 41409 62141
47 17087 79441
272 63010 63456
417 45992 61146
15 94917 23741
474 49627 92704
384 84085 94832
301 19888 46267
357 35904 50385
28 93730 64295
19 94240 22230
469 90525 52148
417 68080 14218
387 69498 89939
470 83882 17818
212 67144 31982
15 45730 54483
381 34004 64768
82 68865 94188
27 18523 28376
23 46052 92740
8 58184 90794
56 72392 50577
149 22883 37855
102 28455 57125
101 89788 51882
6 86405 17637
97 52598 95157
9 35524 55683
94 48613 52901
265 35172 68645
158 67556 83497
345 11935 14507
225 78469 25506
396 42511 44402
153 29549 47846
214 21043 25774
235 91996 21687
6 72482 46718
237 80342 47160
196 60713 13006
456 94128 65530
285 15537 81550
293 94604 99835
223 15509 28901
196 85635 20525
439 33365 79123
267 75607 27971
408 39029 44422
303 92899 820
16 7982 70021
306 33243 60149
366 27286 55279
101 20373 44369
53 71871 74116
228 36448 63313
482 42962 95087
345 20865 43033
172 89488 11421
200 96285 75499
320 29513 32521
307 78203 9560
490 15998 38356
30 38996 11565
210 32762 48715
320 53402 73646
424 95481 11089
483 93581 9632
445 17410 28415
246 81619 36592
112 31309 79318
247 97014 34654
275 57425 83675
473 15 3342
176 60383 22463
298 24414 37293
145 25774 35400
2 48882 51431
65 52974 93721
291 98917 19770
409 98166 45429
364 72691 24283
330 83469 83751
9 32963 62211
426 19551 52463
69 98007 39465
181 67980 48447
188 73436 30251
424 19382 44559
21 99630 22254
416 96087 26320
156 99726 52830
146 90188 72022
247 92082 19324
16 14248 90550
426 60966 78879
273 39833 84620
116 30310 31550
181 44613 10965
41 32316 33859
215 44564 5937
354 29620 35824
264 30983 99337
68 27317 90069
338 31344 86734
8 26307 81914
248 85981 4781
482 41505 4127
314 92347 84749
385 93702 7424
434 43116 49914
487 97057 23497
342 68549 11254
352 45108 53997
116 11686 34729
203 66237 69714
393 7882 23343
165 30516 76069
73 82855 29323
203 18965 53152
444 95740 29625
233 1380 86225
114 99602 65888
347 81008 39819
229 48727 73319
252 62234 68058
131 91492 62960
376 38648 42467
140 38557 17168
277 57883 3832
287 52432 66774
216 44046 90478
249 10922 44710
251 1375 8515
469 49956 78335
81 6654 75677
450 45639 32431
68 80092 17891
303 71718 77264
0 7035 25097
197 47069 50686
425 73242 25467
416 48080 17428
137 31244 56451
351 36858 64889
115 6118 37620
250 21965 5030
212 30926 11017
109 57346 67058
491 24817 81436
41 10323 20251
9 50941 11703
74 70933 76709
59 41565 59289
172 59286 80982
417 4759 40367
244 63492 5232
387 86356 87793
276 40073 62860
49 17906 23875
367 64181 33207
473 28439 31184
453 30166 32575
19 70855 86062
296 47995 62689
161 45364 45670
485 50262 20991
104 66568 18289
96 45622 56315
266 61292 1495
227 62932 2034
134 56671 60260
331 38206 48474
424 17906 85669
294 92807 26047
291 23787 27516
381 2983 35531
175 78034 10385
327 70771 72994
353 5995 7018
52 77798 11629
414 10567 45770
284 48264 8541
208 1036 53504
347 66429 34353
90 90920 20752
286 32204 36301
197 31404 43411
492 69004 90480
119 37666 71869
82 47405 85884
127 9556 10989
49 73688 94170
408 17092 38583
308 32137 41917
435 27019 54502
74 72093 82190
422 37555 61974
147 25658 41148
192 73050 39595
493 73005 8621
169 27210 64070
289 93436 18516
281 95904 25726
394 14552 55610
466 96702 40484
154 71206 98399
367 81460 85328
227 3646 28733
324 42936 50651
279 53007 80410
301 50191 96064
111 53487 60413
345 45680 65870
383 25279 31243
25 14094 18110
54 7937 9292
401 722 34522
96 32562 92874
16 83731 63450
104 70008 70020
302 80835 95604
424 15517 22893
52 41016 64974
426 28741 74258
471 70275 28058
411 99004 2305
358 8862 30823
46 9575 21275
197 21965 51160
291 98203 40868
161 69708 77405
323 23663 32057
155 38450 62679
215 15086 22795
126 59990 60355
287 30446 50743
458 75083 6733
469 36228 52541
393 48929 84123
292 18532 91054
23 14682 44578
54 66378 89932
320 40852 6897
152 79694 84451
110 14775 56469
10 54641 12785
13 57645 14315
80 74738 6088
220 19554 31109
486 44108 4228
6 81576 15281
424 24501 38719
387 33178 37632
41 5638 72414
310 37019 38386
7 45614 64479
444 13032 29598
83 64037 91659
489 53396 61998
133 50921 81437
3 45460 90245
215 65453 17281
437 46862 57104
104 39872 52292
136 68279 82665
196 33143 88727
215 54536 31014
276 72926 97528
1 6598 78433
287 52388 66791
61 69798 82041
348 35229 54609
412 30053 1616
35 43520 87919
199 73865 40290
463 25304 38104
492 67234 72498
409 6 18827
170 70452 97495
440 59959 76866
69 11284 72678
136 860 15004
462 86072 71379
254 57718 2190
317 20183 34085
92 93350 34638
473 64523 36899
170 65993 78415
267 31330 41307
326 30158 90525
71 87271 18710
72 65468 7965
486 84571 1957
444 25311 63853
495 98421 2575
321 43323 82018
109 24662 75065
337 28935 46903
410 62733 80639
307 72265 95558
228 7401 10795
130 5584 12515
5 94173 43049
229 20846 27608
40 6849 27457
172 55613 41683
377 61133 37909
257 21317 35039
75 5177 63060
376 38587 87685
156 70239 2879
402 89944 40827
344 49100 66493
459 35387 59189
390 31363 74596
300 62564 69840
477 88289 6635
82 62718 33470
103 19689 32940
298 43551 75366
346 65354 85375
377 94158 56455
73 17451 19075
264 51425 13607
148 63944 84701
455 43446 61002
422 31762 72751
111 87847 10648
444 6473 17563
472 52362 56788
259 67546 9400
162 94673 97875
37 59476 70089
400 20846 22671
388 41347 61770
100 97031 2263
455 53298 72952
337 45858 94935
495 48691 56322
264 87506 32936
255 54345 59056
18 49689 80159
422 98460 45066
487 65232 31539
404 38474 91971
257 64910 56
433 67925 48141
223 46230 54974
69 40299 60075
96 52050 53423
390 67815 88390
393 94117 25030
32 48186 51831
204 39426 73307
473 68213 75880
15 45046 51974
245 35173 92306
252 97187 25521
393 44557 17305
420 52177 14496
350 98969 55888
444 30379 32802
368 70070 43500
402 63289 74102
64 31745 4577
244 95148 56240
341 85752 50615
303 43754 63932
389 39405 86039
243 19584 21612
261 15979 39259
333 33727 15556
10 55391 95229
169 81378 4925
36 70491 26655
6 34653 67324
241 34247 16450
196 2453 71023
308 82166 91829
171 21229 51097
263 67463 23885
326 78041 24354
15 3137 19539
85 50126 96244
418 69616 54459
486 29118 38583
102 84973 86133
424 3867 46581
46 71452 12370
460 37239 5248
397 20637 52310
234 90660 13097
61 14028 56860
40 81057 40780
22 41289 49957
215 33369 33378
426 57770 94710
36 4441 29339
267 80958 82492
48 61734 38203
188 3330 25545
443 39577 41072
50 68829 86852
343 94200 82166
339 81602 9198
427 2085 3651
55 44813 24519
294 62900 96514
48 80441 75185
180 34376 59445
99 77043 81908
211 43668 97268
72 61172 14794
179 16389 77846
28 60137 19648
405 58043 73162
70 54585 5844
474 29574 43004
119 61611 82212
373 37511 44168
343 47955 79732
220 79873 96644
202 59725 68577
174 45874 81600
367 99624 53001
422 80424 94862
276 95508 8802
108 81677 41650
457 93335 44170
0 88126 29817
214 57554 45388
286 14559 28497
465 75665 92430
130 67177 69045
361 49236 85401
72 58317 76611
17 62393 62756
199 67687 89880
472 50916 59650
477 28772 46020
421 71558 77891
143 8912 29770
376 28020 6538
193 79100 13753
166 38610 44057
497 84035 86269
187 19494 57875
97 68238 20139
184 95917 35973
97 67529 82664
158 86264 2213
423 50265 1865
73 33646 36918
331 611 18167
440 66416 57934
146 98730 32158
348 26762 26821
186 64060 90706
383 40712 86365
40 48244 62162
246 89663 32134
23 58493 25181
333 12405 59701
40 80798 86278
425 18747 31850
276 42646 79449
272 6038 11037
351 79275 20150
339 7029 19466
445 16205 40349
464 60759 2859
183 95680 27976
64 51069 54238
411 50194 56616
61 78293 20152
168 53471 67771
75 1618 22680
259 77284 92187
266 8646 42105
97 89088 59698
174 21567 30831
411 39910 75404
328 26939 99024
10 17152 19622
176 39208 59824
267 3034 11946
27 55098 1360
107 77459 14632
49 4879 55963
236 42474 25106
223 89744 17752
63 506 18883
103 29225 39471
153 10059 63627
112 85751 72812
77 52477 86132
228 14683 72498
457 64874 72783
266 54456 41641
168 50111 95013
79 87910 72830
453 91111 30808
263 51794 33913
201 72942 8654
60 57556 57860
100 8362 36406
138 45894 46380
112 34733 35163
442 21461 81793
100 59285 71242
419 68810 13756
37 44807 46670
262 24203 76774
200 53453 80298
281 67121 28346
168 4812 13093
32 86678 14961
347 28523 31217
13 74454 27649
317 46370 85615
188 72786 99795
473 94962 99277
353 75416 16258
2 32204 49107
251 53733 61863
112 36598 75024
76 90909 20143
101 66285 83391
150 32847 72258
143 49352 85408
356 733 56254
397 35810 71329
160 73653 3222
270 58244 70224
464 43477 54916
312 98623 2111
76 94086 51183
47 81744 42618
408 25773 57086
352 15706 49754
287 24405 56704
420 14226 75207
226 82720 95582
322 74548 15096
62 90836 49073
469 19179 84306
309 46277 7082
59 56541 91850
210 94109 6326
19 49368 17056
110 86313 26858
369 67445 87562
171 29346 58454
426 87126 99854
290 29860 92497
416 24347 24400
113 9865 36299
483 7143 24816
456 83069 58188
30 33769 87356
320 7998 41454
49 20029 35988
334 76477 88151
320 28936 62576
373 31603 40916
435 22158 22802
185 73276 12303
207 34827 43300
373 58708 42866
475 74168 32228
129 47755 84926
399 81223 82937
467 70309 26601
298 59463 8327
106 72777 16348
10 76825 82406
229 3366 13357
386 49511 84366
257 8550 62399
206 548 46001
75 52450 6858
310 85861 44753
152 82162 97889
195 62688 98372
49 35533 23534
168 2319 63492
104 26400 38897
381 86484 50335
401 98511 30940
106 65044 35640
342 85462 94194
487 54458 78758
342 49373 65307
218 86790 25675
397 1170 62999
333 32163 40494
354 1320 3652
358 66270 84286
437 98867 1349
476 91853 505
420 22974 76788
350 32647 67127
421 14168 46039
367 67541 95179
373 41973 91694
465 76722 77680
374 3088 40713
486 63591 45853
359 27786 85351
193 68563 24997
274 61184 26756
157 91422 55130
392 86550 12114
396 50181 82379
191 6024 15374
79 63705 76627
292 73920 6807
478 64477 20860
161 81572 30772
453 74070 94346
434 9040 28463
375 60856 87112
264 86729 90154
244 81878 45569
320 18218 42321
145 52311 5635
492 44752 69752
63 90599 25700
388 99897 39719
288 89315 33729
120 23060 95433
73 43695 18876
0 85041 30899
135 97624 44273
426 4049 46026
213 28596 62987
165 61555 84052
499 71522 40884
487 48829 92675
218 23298 39050
71 4667 79673
313 57729 66215
100 98769 10548
369 92335 98956
312 71275 77820
34 78934 9256
99 28947 53377
240 42077 96724
256 16352 49755
352 78756 93981
258 31460 86051
393 81860 46834
7 21216 68667
153 19572 36144
374 40724 64687
376 48121 61678
328 54053 58833
91 43018 94450
376 26959 2061
154 48693 58272
325 53320 66336
219 78577 80446
25 3341 6419
119 78447 39282
258 22738 22824
454 87238 99151
485 70059 12525
256 75509 22578
472 34203 89349
193 85015 43924
115 29624 39806
179 85570 16131
90 76889 52574
255 84961 16094
292 43874 56554
394 40414 78643
370 12403 35308
80 40350 60147
348 68312 72387
99 12944 23616
18 49762 8358
268 54873 68110
344 43958 93932
364 81137 56998
437 20488 38150
32 2253 10715
152 93058 83610
262 25559 60644
102 47445 51346
24 62908 92945
275 75951 99857
37 65535 79868
364 21109 53877
438 90504 28307
448 80494 28652
253 51211 89653
359 37312 97593
131 49709 73612
122 61198 47273
74 82281 55203
123 95771 73282
51 79007 8172
332 22104 62213
129 89745 27427
51 57954 2760
35 12035 59023
356 17643 78513
326 86726 8293
474 7291 87346
418 15858 77874
194 57941 89294
234 75868 54512
104 2381 60069
382 98688 29407
366 58907 80590
357 24565 35445
377 49479 55625
369 29635 38041
363 99013 10869
435 42901 86931
292 82258 89216
444 31199 32419
295 23784 70622
457 60249 61337
179 37614 92667
476 9786 41124
498 11732 51927
20 10815 20018
338 47463 4383
496 54182 80033
75 16798 60939
46 14829 44005
312 49497 68855
290 86072 30083
405 11531 27351
365 2062 42092
405 9249 11237
450 69572 57986
64 6243 24953
147 38026 80783
361 82530 86851
499 27713 36636
22 55166 69975
307 14240 24466
334 56501 72894
10 37886 42535
365 74042 93147
24 69775 45166
339 44740 42220
60 92594 6888
192 3929 45172
240 57698 22926
28 67249 5190
493 58174 35617
10 98754 3235
427 34570 73683
242 89086 16955
133 87564 15643
47 77525 98377
241 12800 38466
309 7365 60529
266 64030 88200
449 597 32935
355 91954 11510
325 67260 80154
436 16796 26336
301 68495 94643
74 6963 48598
254 13974 50221
244 52202 54353
497 21115 34961
290 5343 38490
300 98934 9662
395 40167 99631
103 47392 83719
425 59457 71453
290 43764 332
457 8668 30264
123 43629 4563
317 41103 83652
43 35644 70635
427 35370 41904
191 66312 4819
402 4088 17770
331 55078 55528
318 48440 55674
227 71987 9176
357 94739 37721
183 19076 1679
298 10499 45887
174 17937 27323
270 75759 82507
36 68144 68833
338 21771 37583
418 64967 95496
249 35267 85676
412 60564 31960
179 1748 48010
389 29389 56492
350 42911 2154
274 83 40759
151 4926 2296
406 75035 10622
117 80849 18888
396 73039 2623
482 53479 63752
287 68670 82162
183 50427 70662
110 62382 41181
75 31549 37725
272 29754 35353
79 73895 5256
418 64741 4719
388 74796 96401
483 41197 89871
112 18752 37081
243 46793 24112
318 56520 88841
427 20186 55459
209 59112 24909
199 35023 23481
87 54071 5553
253 97094 46890
396 5254 45400
296 92434 51693
228 18580 86458
342 9357 39476
80 95423 32361
448 93384 17169
82 70871 33549
259 67373 30065
117 49715 79301
228 14154 37798
290 43273 73410
359 74778 87774
105 23116 82633
87 56298 90019
236 53906 19276
87 64517 30670
267 60100 61280
196 73859 5457
378 3849 4306
458 34744 56068
444 28933 68844
279 48020 92295
432 72506 15365
125 94246 47383
427 3521 75524
319 78794 46389
37 16774 20421
11 9687 41674
217 90080 52546
484 98563 30630
408 82470 25065
45 9586 16076
198 60913 80020
251 13805 25707
28 69475 93096
399 96002 16679
412 97833 40314
6 91478 46977
438 85255 17266
9 487 21874
100 51691 52595
152 16906 83803
273 32161 73374
435 32667 93110
239 15374 34971
88 53865 92847
97 58365 82148
455 98799 12234
449 78589 24196
476 33923 34978
382 65411 4068
187 19266 33139
375 55193 79331
281 77103 41147
64 10592 21073
6 31781 61443
28 75749 18848
204 11658 77807
412 44494 68435
219 41685 46114
177 59333 2610
255 38225 10479
380 56117 64657
220 12221 12906
13 77002 41394
42 16331 17160
422 58359 58887
105 54620 73232
86 56852 96521
77 2108 34690
210 64257 10241
134 18293 56416
483 19178 39284
390 86114 18753
387 35064 89824
130 23725 95200
334 64272 76402
146 55070 11873
218 83090 89224
265 42665 11615
195 70995 92366
445 6711 45798
24 10880 98828
463 50978 93890
367 88651 92852
246 53975 18993
467 16501 48170
143 94939 60653
184 2230 47775
487 3198 58160
249 52209 9612
147 95170 38318
211 7705 32651
101 99295 73711
473 86780 46736
417 88231 7826
141 17208 49675
331 19885 57882
290 44167 44227
120 51376 57592
315 87509 90131
457 4500 7718
60 17103 65074
154 70985 30063
70 88474 9271
60 91173 29623
329 48111 56802
386 92448 62828
137 71459 32540
342 22361 24707
203 12306 91719
154 47273 87113
225 98853 13319
64 76147 22349
17 35548 59405
358 69231 89204
313 67887 70135
328 95348 31468
472 938 58822
375 40154 17411
93 67474 87350
477 60820 31433
249 87342 94952
212 48069 69437
267 49787 81339
197 21184 66288
446 51277 86961
466 5841 25882
135 17849 32433
223 78006 3336
40 72389 3889
241 14999 28685
453 91731 32690
50 87756 16607
465 77570 45564
143 28108 32394
363 37644 797
448 73668 88176
324 26679 56845
94 22708 61932
19 17511 46959
114 79890 90884
339 76652 48903
198 66727 19494
332 33592 2475
462 52855 82065
327 24123 91037
101 8922 18919
266 46261 70543
400 22288 33168
393 68377 21206
107 43252 57153
144 40227 86306
481 33828 94811
137 48447 85938
169 51253 36375
481 62464 78230
73 12301 65420
127 29319 46129
118 83322 93573
203 34562 54169
423 11334 98589
431 60188 69087
213 93580 70401
268 11306 27626
4 60483 66966
268 95868 10224
439 78966 93220
479 56587 16725
240 57671 85505
68 68324 79316
241 59804 61327
181 86544 42297
73 76753 25146
367 45299 50084
350 2308 62028
280 70900 44427
407 55351 72181
422 39366 89792
475 53588 25207
349 4368 27535
286 64505 36157
190 39829 49933
258 93581 1215
359 18999 86953
1 28650 83056
25 66389 19797
17 77982 5678
165 61166 64676
409 74450 75647
