18098103
16835187
329045
22054386
11048998
16346446
10416967
23588834
3298363
18950178
16945043
11940807
9712686
16018325
11244252
16745179
12708680
15754848
4305658
19963623
11821285
19436341
18390507
6734835
3534739
17405328
21219802
12300694
13856527
16453702
22792798
24137932
13440369
18546673
13840830
6304288
5562856
2718835
18704404
11182343
11753206
19801570
11933809
17650970
6515350
13933092
9283056
16346446
9331622
13163882
10764832
21020799
10754607
9154694
10373135
12573063
24134346
9786746
16400944
22289031
20567756
19429564
3672648
4843165
22795955
4794759
11060908
15410491
21661227
18304667
11716959
8404708
230160
12272978
20405332
459274
4547212
4618958
19797393
7266181
15733058
12685178
7931166
14224882
11603423
12569936
10417164
5388191
11341742
1462174
6016167
17044732
15660588
3936591
23776196
10649711
12774875
10984612
15465962
11219260
10190575
8053544
10584537
20177517
9106672
16744138
17330609
17585644
329045
7569007
23897896
11338385
760355
18186934
22545840
13306824
17097490
20740622
10209481
6970774
13595168
3942235
18454167
16346446
10894747
19270361
19509638
12195845
24205821
20040350
1427521
4843839
17714732
180431
1220865
9509617
19527194
2489994
12214516
504434
15614797
15667913
16029547
10604442
24105919
22560848
20618100
6735238
2601115
4442148
9189669
21552559
1459377
586778
9070588
18283767
22054
12952856
20235959
18606729
18751633
16813670
17373510
6906303
22533151
17312167
19735609
18186269
23522573
5748599
10374557
12847060
17697617
16413300
22054
2356434
23262459
16615498
9752489
3692248
17709509
22985689
13241345
18243305
16170456
16235132
13870867
20274729
23485551
17221570
19465590
5297014
23429624
20180944
19774577
15747212
20371780
15680187
12716581
15414214
18479682
18146665
8184818
15296073
23422533
18599555
12217328
14827983
17343330
23376162
22517650
21616382
16744138
11698629
3731491
23376162
4410806
8652339
20908650
11622933
18668526
12982729
10029804
20056919
20481060
1954950
23263065
2369491
11356295
11182343
9947437
12362283
21083116
18561224
12693476
6655652
9380660
14872380
8564093
4184990
18288919
7683429
3182585
16644008
15055009
2429376
22334542
17912905
16931012
21485355
8440811
8379103
20076892
6926411
11605308
18205041
13140658
7975070
23706429
8795653
2523341
7852866
20651345
24205821
19833995
18794126
3972907
24105558
16100674
19604674
16458507
23737686
14592832
24209407
5500423
22545840
19482955
24134346
12286000
8324726
19246637
23091293
13870867
20970012
7551497
5943915
18706319
16504594
14880507
10979137
24105919
3868037
20514105
16624580
20476451
20684518
14122911
6786602
799583
406254
20187488
20874714
6899363
19424103
19340499
19232172
19473104
2734346
23427649
6834043
20164993
17509911
7145955
6676449
10562975
12403938
14234812
20073704
16433940
9753054
13294804
1718428
13876956
11186304
6718546
13193826
10279954
9196268
6588609
15839948
11867363
11365353
11755072
8696371
15834635
20007105
18154615
13294804
20286035
22904641
2148296
2248667
3616971
6172402
3446872
13959726
18582204
20730762
13658401
23451653
14849789
6009414
10476054
7318329
10668991
20339891
788489
16777194
18941682
12401308
15629920
21137812
17428407
12238884
9019804
10408903
9641117
828917
10032124
6117820
10770962
12963138
19465590
23962281
5921805
19526716
4000001
12871728
16671122
22002448
7702202
6596422
2555475
17130873
10508753
13414725
20481039
7810251
20673532
7199172
3577977
15465962
2601115
7867104
14012096
2021608
23535691
3508295
11010355
8293473
20588812
23262459
23218238
24105558
14717394
19158228
12882530
11252691
22303825
22189741
20131960
20325100
14402200
4547212
4497503
16042938
12223388
2298250
14494219
13875797
12994811
18752137
23491050
22341122
23869874
15929427
23193031
16409514
23376162
12619128
21354167
13165588
14880507
3928771
11182343
12869967
20869708
11493622
853956
3230846
2176100
15506235
9700687
23175450
17654525
6889132
6086749
10292042
4562727
14130460
15741256
13896713
23262459
7857492
16129757
6996762
11395394
13886385
8472736
17456722
11230734
13092960
6760340
941724
11675988
11993247
22833484
9896101
24133985
8846293
12064616
7296938
17788303
22196957
20266894
9244642
17662719
15265675
4967667
2708029
11783245
13870867
20325703
12811275
647556
22961415
22446341
13493824
9204957
13308156
7915188
22365451
22248151
21952905
12854581
22479111
13128831
18724951
19220410
19120298
6198852
22792798
18298801
459274
19932476
20281878
20373986
22227488
7742130
22569062
19286668
19554912
12626405
18926675
21510884
1673502
12286000
11569904
22904623
9106672
17690473
8394809
10727475
475714
20794601
20938139
24177394
20217520
18679295
4785873
23075296
10665918
2836508
21219802
20473966
4556143
20041477
12159209
17726133
17633133
10285973
7326748
20221930
6709784
10272789
16471435
21254641
6637302
16355899
16433940
20177517
3625129
406254
14521192
13623502
11404505
848889
23057203
17344211
14532630
579591
11852017
16528832
10042859
7878592
956133
14714119
12941463
5126490
21478061
18536227
18804178
17618335
17563233
16278842
15912337
20684776
12369610
18191267
4124330
5916934
13475765
568366
6475687
10011959
9479650
568366
4189780
12777115
24205821
21074860
22961415
11273337
12265345
5348184
1600451
21931047
8530492
23762069
14810228
6291749
19450937
23297140
12592980
23948678
8731840
17009788
17183565
21025662
8411465
6916547
23869874
20763666
15403805
24012941
17397939
5790405
1744826
21584855
16378583
12794511
10702189
21478061
12325869
20383292
853956
15304458
10529926
1954991
22196272
23827208
14234161
22868256
16883178
6293406
23341151
2824204
994387
3804086
24055259
21996964
16346446
6435286
16877290
16798657
19362445
17542205
18189560
17987074
12911344
11313804
13886385
6066026
0
2423826
10494591
9703844
17183565
19699877
17692930
1146021
1480870
14024169
22896588
23451330
8372528
6081668
20665447
18350261
20197399
19153572
10853714
3005562
23201915
22333698
7000408
15025754
21849339
21545094
9066741
19379921
21822481
7602031
11200979
18673470
4018096
11229781
5239895
406254
21254641
20441631
19420234
942337
2006631
22545642
16050888
17879516
10008035
6086749
18627244
23896062
8285465
10865084
10015884
19556362
24012941
23115568
5007620
14948459
21751319
9445333
10441500
19211623
11884758
14681915
20064549
17981891
6640853
22248151
22792798
323910
17595186
12126376
15465962
15308553
1462174
24105558
6337624
12017201
4988381
7472649
10899396
20348095
19641490
22246178
9039815
11739023
7820988
13921313
22066401
1271873
24039099
23422533
22636898
15950256
9920939
529532
22646814
12988248
1669012
10052604
2291435
23422105
230160
15466132
11166141
23946202
9323677
17898530
15897731
24134346
19662825
16018098
23607205
9264745
13053016
20455714
5195260
8545425
3974361
2985367
22042743
15912337
8672123
16747378
17772237
2021075
19683666
22054267
15474590
17740876
7582817
16660098
17167610
7350625
17617514
9651285
18998862
12564860
6790129
15709226
14191105
950625
2372792
9301893
9924407
22791331
18058638
20625793
9213617
5833616
17438570
21343077
10282188
13484628
3571149
8622727
12871498
4699137
22196272
7963314
13586619
1757300
7474597
14622108
12534051
15624054
11981838
21792953
13481187
4812174
24012580
23870675
13314391
21324393
14234343
20259883
11689898
6459249
23962281
19932476
20579581
12612309
16107120
12032866
15341814
1703032
18035147
13062178
21844815
15770968
15667274
15592472
3351647
14193565
17692826
20516842
2655894
14234343
6854495
7709637
9802418
11711092
7628805
14710823
21174595
19618942
5121823
6296139
5206854
2471500
5718130
7035976
23386421
15812259
22744132
23091293
15079266
18338252
23740162
20476451
19774346
20334930
23064590
6316930
7251210
18949880
17139450
13092299
16340831
10431898
7054001
13620838
7423131
2284455
18582204
22550400
10373135
9516040
13416372
3717922
3450735
18617357
16878970
14813941
13596266
12102585
18845032
11407929
20809848
2126651
22483723
17709509
19446145
8482167
17657292
3977916
18477265
22407465
17393498
11783245
5863744
24133985
22341122
13812460
20450354
23270622
4693395
4441142
20874497
6962839
6828172
22148700
18402541
6996762
10597281
10041309
18079720
14800046
14722631
2750842
16511326
6693355
24177394
16090452
17908664
16577033
12062142
2747900
17698379
22929762
13194599
23946202
19818751
8126827
15811820
20227097
605843
21255773
8536862
12135013
13082876
20191167
20126999
8724100
11304178
10750147
19832077
16419341
19427305
11783245
20371543
1605981
19318712
22868511
16410157
6310960
16066714
17542870
22864921
12101286
16912174
13650576
20334930
406254
12952822
15801459
19556362
17343330
20525657
2952371
11243277
2198839
7041016
16827448
24105919
19314253
5348184
13484345
22246178
20174473
14842564
16890131
2655383
21066650
15912337
18549806
2646967
20076892
6287733
10402708
13072968
12883680
22868256
12853352
10973436
19318886
23530932
4417094
6690141
10436464
2726895
11205238
21000168
17984713
4761705
20696303
5655600
22196272
23949401
22773803
6263917
23485551
18561224
14457895
24055418
7556424
2165718
21219802
20809848
19335652
24055259
20148871
18537367
8450233
20485799
12359282
14880507
6658481
7502074
14879601
18582204
20451643
19808404
12103370
5121823
20281878
6437371
2372792
1187505
2135340
10689599
6921498
3086037
19613344
5562856
13749369
15547040
7905040
21523244
13886385
14553271
8182255
9912915
2290272
19735609
7621685
18263284
2230814
6520959
22412048
994387
14088325
6671056
17552885
3911202
22407465
19207095
16350091
6051978
17552885
4819785
23869874
6959682
13908012
18282339
855767
20397091
6352969
23912141
6762249
13329614
14234343
13837702
16481091
14523345
15222180
4273250
12229406
17542205
18403969
1710861
20941264
2881856
23057120
21749262
12489203
19389314
3828136
6101946
13816467
4454870
19424103
2011913
18290261
2063594
7878592
18837982
13767007
11812789
2424330
15644341
18303726
1904308
5873288
20187655
5221796
3294883
3138388
14209334
12425198
20311060
15265446
15400751
9173095
12032815
21734013
16299034
22506103
14376785
16189266
19226706
18975754
5151131
4867498
22398769
22280978
15468867
19167471
1767778
19677204
4035456
12293137
18367179
2828900
15803499
7954376
7457260
14342476
8941235
8628710
8079718
20322184
16346446
17183511
13098732
504434
11809550
5796254
23578500
4702421
6772361
9800829
18617357
19318514
5006019
18304667
15245511
19094167
20161364
14813941
19266208
22895629
4292149
10867111
17974471
13870867
2749012
21710888
23366239
10502380
10952717
9376367
14253899
19244303
13673534
18065386
5549164
19884333
5331386
5193386
10672568
4881885
21729900
7855551
17909350
10551695
16888961
11217023
19386507
11466134
6964088
9516623
17922772
14266948
20017048
12101286
20684776
4089244
19651475
647556
16336366
11938167
23599874
6655243
12376972
8422030
18055251
13153102
14193565
23704167
11180263
20348302
18688309
19296560
22055744
4532506
16692851
10714381
23740162
9756202
3092561
21312502
323910
21936727
20715853
12630369
23362561
2392205
12282044
11523062
19240062
22042743
8193564
17617514
22365451
15943482
572399
16922244
6544731
9554369
13412767
14300982
841896
10427902
18525344
2466804
9875524
17297644
5609543
22464885
217981
10942644
9803481
10140980
24012941
20782182
9447758
14033515
23263877
1379980
23912141
917242
10164090
2848294
23103929
1187505
14908256
8406798
20947424
9127079
23650014
13368239
9127079
13416372
1569053
13861464
12759236
23485551
3026010
17183511
624245
9536238
1594818
1695220
22093722
17563233
17766653
24209407
15541497
4881807
16254805
15465962
10750147
19550791
17617514
12165563
1011402
8404708
0
13133286
22454732
14891848
22054
7383930
14285007
2130644
22415795
3189539
12416407
17413538
21819385
18010876
10750147
1138389
18166639
6331280
7045410
5199112
20841476
23393926
5143294
1840604
250123
2487737
4227173
16412691
18055251
4464056
18932399
21388791
13214520
17849575
9632145
12784629
17080025
12656330
568366
21042011
14983749
23869874
18933560
23355042
6598152
11783245
16547089
6434108
13119215
13272995
475714
9012401
17010214
8209261
18041129
8891822
21940769
23241290
13272662
2069227
886153
10764743
14958459
22813134
22518933
13478654
11505407
9070091
18837982
21819385
2491583
10510999
18680103
9406129
2601115
16885905
12133988
13834464
11783245
18879078
11182343
956133
14513404
17719139
11692678
8044654
4426015
22500243
14208328
8219732
19439729
20526210
4012669
9786575
22465630
6834614
16457068
12882530
4615326
22620512
8126827
24055259
2222050
23422533
20217520
13147962
4798107
20451643
15388732
10942644
16043536
3977916
21617496
21489191
9081210
20325703
22518933
12374725
12767455
20681340
21373637
1347643
18625954
18807018
15447662
23478102
7962362
16388089
9150236
12569344
16432129
13276079
20142583
8232659
11121539
3216304
22573166
8207079
1225359
12583781
5939466
16989231
8609221
6864520
406254
11882149
17811163
2523341
18688309
2630270
9217718
16323940
23367830
17282129
13503337
9877255
2055540
4552559
1768243
15198910
4890412
19190772
17879210
8404708
20141958
23314253
21650908
15597558
17911423
8599663
15787519
7425216
15165646
19069726
19847601
197103
21216661
899195
10845682
6515350
6549187
19576073
568366
20090928
3078979
9634831
5493812
12793634
19674330
10676248
11387199
22483619
17183565
6475687
12047428
22341122
22293614
17671200
10169319
4353122
10881331
8786563
8320192
20024992
9362805
12532712
21226500
23898538
10539060
18115107
14705098
6996535
16469935
18582204
7214547
3453354
661935
217981
21186322
9239212
16744138
24012580
6089567
7595148
16619002
14808484
12401046
24076444
18594446
12869394
22774861
17975195
5561288
20304477
17898544
12638231
22925302
9872763
12105880
17676359
1943812
885550
8015333
16807506
22829489
9125771
23001580
14737671
21660013
21489191
16604730
13699182
4981473
8495241
10133654
8518932
20449827
12105294
16067984
12794511
9331622
6139122
15069356
9703786
19976604
855757
12542504
21478664
9278581
22985689
16758208
14110891
10042859
2435747
12670937
23962281
14880507
10728542
10530365
21270142
18626525
7517266
4173983
1047544
22303825
16531568
13428292
18705354
1435350
12413465
22405238
7163523
15349348
23274088
11677672
17166861
8704771
23812209
15357530
1823026
10747370
7105560
23661358
7544527
20817820
10361959
15019217
7759441
6767176
15359062
13737502
7337402
17662683
4985075
5610552
13389517
6676690
3828136
17664744
17811163
3838637
18597338
18039839
14880507
4730175
24012941
12392169
2455584
13295146
18205758
22235141
20274729
1645515
4867498
6936126
12642548
9012401
7061661
8132307
993040
17084995
13719093
22872360
16588144
10589666
11685118
20161753
23869874
23870675
21007715
17662683
19031951
17975130
21404119
23400437
7535707
14632714
17849575
5532735
10600658
21379227
11835556
17202697
1594818
17183721
16316164
10522460
10084016
5995024
266801
23827208
6623417
21585969
4496850
16153099
13754685
4746615
17010179
20159514
15565339
12245594
2554626
23129079
16006761
1928857
21219802
21650908
20990979
4524638
7324784
20221613
8937943
23427649
6391833
21227093
6821033
7042314
8634371
17864193
6263917
9546013
14414664
16364537
7299145
23869874
24195834
11672637
15896059
22254677
22444204
1285307
21186322
22464885
10999588
250123
17411539
13161689
23719260
12133988
22836487
11570434
23249822
22222182
4008139
21523244
9661229
24055259
23003782
10750147
11039359
15693607
13592465
18336213
23167339
13416372
14710823
6879332
12621282
18434879
653064
18857814
2423826
8458457
4890027
777061
20746700
23776196
4368122
7019787
197103
18403969
19879707
22777560
23227717
20692044
1100097
1549349
942337
6750992
22992655
22446341
22198003
21312502
17878896
1462174
18525691
16374348
10115683
16950399
11779340
4052784
22303825
9062857
4307609
13588343
4110312
9387232
16030652
5504131
16376094
20809848
21354167
18628961
19179216
6053260
1323492
2142281
16938450
5737002
9843379
17617514
20467321
19613063
18245007
6889788
7813656
9530362
457302
24205821
20959480
586778
23427649
7852866
19995318
17961047
12349519
3225889
18619321
9242864
20385196
17402008
1935465
11115290
14549845
12290536
20334930
23982678
1312767
15453006
8228677
2671749
19604674
7875729
6940797
19045694
19963623
16817421
23946202
18561224
11947913
19120298
16744138
20282040
12964205
6609951
752243
2812658
20169351
791971
3965862
23129670
7657156
9871420
735459
1710861
16820863
15020340
12092016
10506556
172914
23043704
21076820
2733157
2917471
21233359
18832915
16346446
11326402
10041309
756648
20418804
22289031
22739736
4398395
4733950
18306208
10734351
6772361
9079514
9555814
1139183
20740622
20018724
10570376
4836590
11960946
13449472
5037798
2922310
21092351
8193675
10252523
23959805
21101320
8529018
19868267
16375888
22144181
23959805
17067632
21571765
20490014
17599859
3991217
4517134
11783245
15517911
11657829
12214135
10978222
16819793
1427521
18598493
18556560
10378709
20565178
6914932
21555819
6876581
19343419
18520926
17343245
17261269
10514606
16033231
18434183
23201915
7388994
3348751
21404119
20499245
5106149
3194092
18837982
8971440
14062094
18945152
13495171
7196323
14055389
17253238
14813941
19250158
994387
16378583
6576538
11852017
21491463
5595999
13295041
2069227
2917471
23485551
13326643
19377547
12112301
17662683
8296894
13677543
10318973
689412
13438485
1969927
6789349
3861470
18841883
13720951
24205821
20557587
119894
14813941
2172199
15616386
10551695
16581060
17931844
586778
5787134
23838397
7786261
16862534
24105558
4955171
6094944
8744947
19509461
9459297
20013215
5675073
19977750
23762069
11765726
8507216
4129382
8297104
3596980
16583914
23274088
8643573
22895629
15616386
22047093
7619362
3201092
16895097
3481141
9866574
8779559
23364203
4667027
8822836
8192271
12800269
11645375
20848147
12032391
14185564
21822481
23297140
11470714
18617357
3659511
18695219
19543350
9236472
9883564
8823919
1484683
4996070
16714194
21510884
23297140
2766891
13856866
20177517
14905768
678011
9480856
18112169
10762791
24039099
1825556
11026433
4550841
11088754
13526292
21879686
5654762
22288187
21016680
3569326
10544645
6149869
18723831
17091412
19058469
21724879
14363647
13406344
20499245
21045316
10207480
24133985
19232511
16807506
23351107
13808240
16733416
8116020
19318886
20807373
11677599
12112659
23180033
23776909
20129594
19058873
23107462
20598143
11383674
9106672
4115490
9593312
5574551
23807965
18582204
20007105
8251739
16783916
1940171
24105919
10480257
1225359
9501640
1050816
11585340
8614567
16607516
14015767
16759668
10102911
17472169
22322403
9869745
15875263
8054679
21710888
3691347
6821033
23218238
3815976
19207095
1757300
19963623
18010398
19671690
7593767
19650866
13458329
13684667
20217520
5706752
20481060
13083840
20427931
7877036
5512524
12879217
17406461
16509688
10803416
20537082
11262611
22446341
13123723
12138938
5341781
20134873
13493814
6659901
16826890
3297706
14962574
18978984
21399823
6444497
16153594
23777697
12109789
17593966
23740162
21761232
24105919
7280832
18617357
8716486
7069302
21444101
9271824
16504594
12834788
20274729
23707679
6578703
21732629
15970571
5879652
12326939
17851577
11834340
21224681
7892999
14380925
9800829
1435350
19331810
7069929
9979557
14319260
24133985
13588664
9050795
18298692
13156289
17451490
23429624
3182585
21696151
11060908
13808858
16166389
24012941
16550725
17852642
9406129
20730762
15616478
3443213
11431883
4730620
13785076
5356859
12489366
928416
18409850
8521571
8404708
8061899
899674
18107285
14416207
5944838
21480091
22185620
21500062
2006631
13683891
2126651
21478061
8075655
11834412
5323621
5764219
16482374
22569062
10923115
2870704
6474075
15644184
15429849
8910333
5388191
17769097
2011913
4345045
9583967
21578099
9572064
6844753
660433
14932550
19012062
13991460
17662683
10967092
2795628
22895629
22447185
5030857
16888961
13272995
6848081
21255773
4463092
18629904
17362058
13286431
5915754
23340050
2326441
8090766
20938139
21761232
14554200
10555168
12988248
11675850
1768243
4066931
14648041
4301227
14876107
9866761
7006075
7489179
11558021
21801448
13356060
14116326
20915703
15161666
14023359
17849575
10942644
1760414
16906034
8664000
20158450
4027227
22895629
21105806
10782017
8545041
8261588
13749369
950625
13295146
22082614
1215435
20365790
12586059
23238853
21015175
2208141
6816299
20641814
586778
19464263
22518933
8777412
15321893
22661198
3642434
7509500
3771529
3807807
12913435
15990553
11057478
7527543
7948166
10573212
22236940
23946202
20274729
10374935
20020074
11958076
17654525
11631408
7211346
24177394
14502522
22796488
457302
3166730
9258101
1703032
11205439
7537693
1203978
9786746
13613919
16839809
370658
24205821
20583977
10127197
18766922
12159209
10339586
6031650
2514713
14078499
23021851
15478221
17392525
15063385
18058695
1427521
17692826
5331580
9075878
23236410
5048851
8345528
19576073
23807965
4063013
10895833
18622970
3731491
13547570
1673502
13318284
376930
23959805
18242429
9220311
21045316
3807807
370658
19455475
14164059
0
6821438
3122836
10084016
7987394
16046130
5113022
21366473
17514976
9370012
6171103
5597483
9945577
12481000
799583
16078544
6775395
13319421
14363647
12118553
10219769
15441720
21227093
17343330
8631523
1870024
7092168
5680403
11887335
9023672
13284711
22303825
9494722
15396128
24105558
21875824
20434133
12964380
22637798
19581039
13733176
23449904
21399823
19024271
14076872
21587540
18421279
19338578
8220957
17585644
7286916
9995093
16433940
1526579
2655383
17821758
11987494
8717950
10592219
13335293
13270260
7322597
16332461
17344211
1927339
22518933
19283293
16671122
2123515
2123515
18002414
10803884
22054
10980948
2462525
18080424
10750147
13785076
10009914
23782971
9075878
13416372
22974276
14436922
18537367
23427649
8708142
21516882
2452302
8620428
17662683
19145841
22196272
14114844
22255589
15963307
17776175
14676217
2939306
17549392
9747840
10982438
10764832
22271396
12446898
512395
15797371
17550744
15108406
19833572
1975560
6640853
3807807
14496319
18616265
20538518
7286916
15095069
477686
5118698
17576265
3127548
16489688
16426165
1477931
14940266
486022
7620457
20926993
742777
18242429
16433940
7820231
1632028
12703033
19692720
57650
9948424
3413452
22361340
24055259
15875786
6263917
17130873
16139854
16517556
1462174
3294883
10326895
9530583
11300096
22422011
1673502
1543388
18235893
8945485
23592841
21101320
10588237
18058423
16504594
19553888
18556560
16978229
23028478
11431117
19554658
21761232
13193826
17585329
7962362
20211356
18421279
12881722
11345470
21254641
22744132
24076444
18514816
10779074
15222854
12253889
10762791
22248151
17497462
15465962
20217520
21720725
2092438
11911295
23947217
18992531
120141
9196241
21101320
17545230
4999516
3695331
15683580
8424481
22446341
24076083
16861605
7357267
12510862
18272158
24177394
16551564
9661413
8986812
3752443
23043704
18584437
23607205
12656330
15269950
3625129
13950721
13484118
11908851
937396
2234461
20418804
14299706
16378583
17662683
2237120
11803034
1225359
7351326
20052649
18599555
16446060
11904000
17799136
15465962
10446840
9663982
8840448
21546572
17197156
6830524
21254641
17497462
14545219
15906046
23420130
17477898
24012580
21761232
780204
21587540
23175450
1975560
9153338
17722930
7556424
9516040
4760845
6234958
6139122
21780792
12132707
22500243
22779820
12729743
17253238
16886483
9010818
4930815
21763443
24195834
5549164
8559568
3560656
13062178
22518933
14011981
13420376
1013911
8406798
1823026
13984066
19240062
4505578
10630662
16029547
12850441
11585340
17298916
8556009
19344380
10544645
15904830
21536497
4819785
9447758
22569062
18096268
20595686
14639205
1794279
22586473
9454451
17842162
8521571
4446619
14714630
6263917
19662825
5031659
3042338
20908650
4160103
14940526
7679799
23262459
20591117
6352969
19345529
11219886
14088735
18064970
17635554
22833484
8452029
8359749
12944642
15357815
5877192
22341122
9005130
10670132
18582204
13749369
4104102
14318860
15755919
20762551
1303968
17253238
19456816
16152194
21005919
3449897
24055418
359215
19046751
13504744
16011588
15254040
7045525
8519322
6829865
21478061
23661358
5319070
9468377
4714751
13950076
13801183
2198839
17343330
9602161
20309892
4812174
21875357
10471271
5306828
11582238
4153461
10393419
16896924
23422533
6882790
22138292
13781543
17864193
6770868
2346556
20207666
24195834
22029630
12229620
8224340
15080884
17249436
19065713
20387657
17344211
8298851
6322877
11266232
7201852
14497366
22029630
16978665
23341151
14082460
11875237
9987808
21150599
12217328
7091525
12365939
3748781
16657372
21491463
307369
2264036
18582204
22518933
19062550
18166639
13193826
8015333
3348751
3315903
16807506
12326939
19721054
15456426
3857262
10737529
14206202
23743692
18975754
6962688
14305600
16888961
4674909
20336821
1013911
16568880
8037244
1796692
22054
9167396
2158092
12224285
22303825
10750147
17654525
9391297
13721244
24205821
760355
10978664
4871002
18331746
19069726
21166782
23812209
16346446
11060908
15028717
15124407
18584437
23719879
20294629
4739280
18598493
15861339
16877290
14736197
956133
10539190
9455131
17559374
13328309
19137992
10476566
9242864
4015506
20583977
10546826
3367791
579591
16627935
12896729
14343688
21512619
20832934
12125546
2577429
10755351
10242261
10306210
11043095
21116453
894451
13193826
21761232
18482809
6666431
23962281
23376162
3022266
19691759
22289374
6802406
4359668
18446152
21323589
10011959
12217984
8667595
11445032
8227043
21005919
20938139
16525382
4423690
16326490
23454390
2929050
11116030
16191464
19815331
7761048
6861336
17238255
11561959
12033761
3655862
12328425
8193623
15853967
16101647
4752315
6505411
12049618
15404689
7705982
6539979
1970953
15269417
2959043
20938139
16158129
8261588
22197159
11259382
15270543
21895258
23343416
13431954
2452302
9227774
1918308
22740177
11841182
1677267
2354241
18593762
3216304
7994502
1703032
2538513
11277208
18382555
22868256
11702936
13017286
22795955
20658970
21733607
2938295
17998335
6394540
1477931
12155122
14544259
21606304
15784618
7604242
14090997
17789548
10765313
119894
22196272
21813859
12948145
4326972
2344882
18561224
20958252
250123
23037692
13272995
9083126
17529969
23743692
11613969
12007613
17850394
4517134
14161600
18963667
5373224
21485355
5695497
8856462
5644484
18141503
18169190
3099221
