1000 1000 1000
24271 24283 97348
57208 66399 65998
19371 47145 64830
33615 97604 52715
7007 43386 70424
32225 50603 51262
16464 91343 44169
63840 65648 30182
4991 65733 74169
77264 77920 23542
5662 94516 64671
39105 80518 1333
14357 77862 14899
37977 87870 31976
1211 12714 86663
61223 92196 96661
45491 62754 66590
1741 57406 82965
55777 96303 87340
6785 56211 48471
436 98567 55002
31763 56491 56212
39930 42139 47008
65098 66518 13725
54828 65996 65902
8030 38222 4442
84407 89639 75959
26454 72251 48028
63772 81796 12286
74904 93807 92056
10764 80686 56622
68841 80697 94487
71230 74510 2522
56732 93553 96250
26670 48030 26151
93611 99337 70402
35542 62903 52809
84596 87227 6885
47972 83610 32457
34413 92992 82795
43287 58073 29916
7594 50266 97307
19004 40164 95317
59041 92328 79894
72744 76859 65489
21553 66804 33447
4593 54886 13932
10990 46412 28080
33220 49174 43443
60562 70560 7820
36524 64536 818
23179 55067 97668
20165 77702 35948
30138 48811 8422
59684 70741 80700
28362 79120 9853
26484 31248 29636
39348 98019 62772
14453 78493 81186
19416 31392 26140
42195 42201 86897
25979 81180 14935
62664 83377 17905
1994 25914 20754
53275 91217 76339
46397 85889 26290
12232 92181 72055
79818 91845 42462
33327 39320 42160
54748 71014 79825
23487 68506 29066
17041 19131 81595
23729 94729 4533
20667 48546 51015
2490 9233 75177
29366 96308 41046
22068 90658 3353
65754 66312 50727
56424 58086 22784
30176 41396 3605
28136 31424 47755
2730 54851 73358
43623 43897 3060
70318 72411 73823
44223 62217 23426
82971 93540 71143
53472 79080 22413
90726 94968 28348
44362 53958 75029
27433 40037 74326
10064 76725 76221
72718 73284 74634
22000 75400 18221
41845 99260 14644
61243 93756 46738
10561 82874 48147
48788 65665 88940
15980 53865 3438
21745 79094 74393
50098 51400 7034
36948 45690 45989
64366 65334 52337
19352 28756 16697
13177 95433 46950
12904 98505 64566
34433 38965 48532
72345 80241 89765
48666 48785 62779
64760 99549 62749
90771 92233 63282
10007 14746 67770
21054 79552 95082
48525 64001 81971
30210 74483 84421
11783 83736 75548
35662 69427 56457
28 25746 85173
16808 17198 40982
64463 76847 96951
48976 64245 55901
805 94047 60082
63484 98017 93797
32770 40975 52004
54904 61242 59862
8183 62484 95090
42347 87157 70531
32606 55474 6185
1124 52444 46692
54488 68201 119
12268 87524 3277
1166 91553 46951
57640 61471 4432
63620 96508 5738
13610 18170 5083
680 98303 7123
70324 75364 1452
21804 75324 6579
77109 88961 24743
8032 74874 45340
29472 47171 50560
19376 92431 86626
39352 39459 32759
38585 67296 92673
20204 25361 60434
99901 99905 25202
9899 90539 36913
5560 47098 2840
20108 58236 60426
6919 64894 25116
1117 65158 67968
1205 50326 87433
50859 65650 45832
36609 70773 3646
65538 75073 27213
35745 82016 15720
41604 56906 27225
3598 76531 20562
16673 55915 78988
6586 93435 86013
36492 97399 66930
7133 10714 86797
16197 44768 82695
32436 44114 44266
27666 92194 88593
31937 38324 735
19532 35675 79893
42059 91273 10034
6497 50137 96248
78727 91393 87247
9892 11443 18288
20207 60479 24257
79990 91730 90154
11439 36739 154
30734 81299 81097
185 77490 79603
45905 97462 21478
54967 86904 2320
27752 29870 71981
22827 44111 57773
23919 45971 37509
54232 78388 15781
31051 45231 57819
4667 35880 19120
33125 84299 11452
46717 65899 90152
388 50092 54144
20204 62373 74671
22735 88758 3254
31274 81230 89792
35348 79013 49821
35569 99117 35166
73352 82378 3337
5187 96411 97816
9306 43863 15517
20945 45273 8766
25370 81423 29161
39816 95100 84516
26108 85286 67884
30647 46460 22660
36037 38806 57265
7018 85459 47220
69199 92520 52197
27636 71221 29382
27590 36727 7136
33778 42817 79256
9716 60104 15192
29969 43034 55348
1113 94342 9624
54927 57519 69762
7661 57507 49960
13444 42974 28659
1894 40992 12925
67909 68446 71031
3541 34884 47239
22550 81077 26917
72477 95677 7147
72304 95628 14932
70255 86096 70726
70990 91694 85499
54790 77064 17252
47033 53927 74557
66824 99788 43602
30435 77260 2893
62705 99842 49326
31950 55901 34384
45411 54406 96244
52520 70131 94895
33962 60396 20117
42149 54122 35532
60620 78085 661
66813 99978 36364
8409 66510 98994
23948 33201 91442
7167 7549 14315
37311 83180 74952
53648 55136 9100
3329 74474 52096
36060 91403 3722
85380 94345 55405
24528 44223 33381
24863 47910 96794
23466 59950 11330
25718 28556 72720
15087 19445 52446
59298 93403 99450
36756 78876 88098
673 44644 42694
19899 28167 34484
5366 78336 94616
39784 79431 1536
23506 46772 68739
41344 49611 45989
14501 83530 46933
5490 27650 80314
35698 93377 16133
22694 94866 7041
13617 60509 93167
16010 33227 24161
1379 99474 73518
15586 32593 69659
46513 65665 45459
93853 97129 62850
20493 46821 26085
28725 36473 56270
33347 99185 18909
35812 48377 32256
25362 35014 23038
618 4451 48388
18293 59414 85288
75918 80747 10330
60900 64610 15322
3158 56398 86106
5111 21892 8223
30263 47584 44600
60809 61056 3548
29681 89239 63178
37883 87284 97340
37990 84867 65619
9581 50635 69533
38870 83473 44861
82035 88356 24595
28545 61102 40143
39742 48696 24006
2633 30950 34052
37551 61729 79563
25084 89350 22842
29159 51374 55635
37054 54507 66534
15874 99973 93843
79468 84459 11223
31713 90615 34769
49387 76886 82968
11658 96146 53142
64664 65339 80307
9194 39807 6106
20372 24456 99848
21435 77971 14836
22935 23351 91338
21733 49661 22740
30892 99534 34055
16054 80225 52817
12294 49859 61001
66761 89537 86178
71187 89071 88487
11278 39816 19038
6718 61298 50052
21540 91624 63013
14958 83243 65171
8886 94594 70571
6652 81968 37544
43910 91018 18148
15828 84795 71601
44878 96620 6894
67768 82628 34652
82010 93672 15171
17362 22835 78221
89166 95168 32348
17667 90524 19148
5539 53508 13776
30378 39728 85429
23423 74273 41426
10618 39127 26648
21690 86470 90607
27447 61203 64118
22258 34833 67184
94526 97254 14701
43461 69992 32345
85017 87098 97457
13248 78937 44716
35031 75823 40498
34312 53358 8170
8570 25831 83771
52734 54473 62130
58939 78732 75406
35203 42331 94751
24077 98375 95003
5923 90790 51917
31816 76584 48108
42188 88647 22913
10026 79301 75325
17381 48202 29792
40666 96916 74281
3909 6517 47857
1024 6970 53503
20576 51163 23073
26419 28152 76364
25046 42106 10196
13803 74697 65515
62464 82658 11490
74863 90964 96645
23550 99086 7624
14115 62824 25309
48697 85921 47005
42960 84823 1474
77752 81186 54132
3887 81046 76392
7251 99743 92792
16291 92146 26471
72611 96104 52507
35796 99298 93687
43308 68530 25430
1323 49669 85666
27299 87845 20802
32993 57281 72982
77246 99029 79429
33083 33678 79927
40934 52381 30560
41404 72578 69484
13271 82929 99873
18764 23732 19868
14653 78056 45456
33515 49298 80316
35950 74538 73742
5781 14665 83956
33192 84420 43677
17042 24242 64486
6394 69026 48342
7821 82545 1962
125 20855 77067
1925 59733 69788
153 24910 66615
13308 71621 63163
53807 89218 72296
6188 15591 17684
40760 41483 16465
12088 18166 5414
45956 73044 85559
63648 71030 43423
46685 91562 38095
34132 57282 77426
60279 85486 58481
13946 52446 47797
42629 70548 97132
83725 90621 14972
25896 82647 81867
35490 99250 23016
28031 56457 71632
66335 72539 45212
69514 81167 78116
11261 99044 96703
13143 39211 85591
10209 39092 79218
21371 84968 40099
32550 62912 14246
4259 30863 66793
75658 92837 43249
19485 21267 74183
380 9806 83545
40162 82661 71181
410 52951 69439
976 65282 47719
23544 35385 83423
2829 31327 91675
44230 48544 37027
20361 41855 76781
84218 95801 53932
66231 78592 27475
17157 21734 73318
84012 91232 37655
44554 74678 68104
90070 93122 17585
6123 30408 50606
44026 62216 77289
29390 70938 62156
23285 63244 93035
19034 98383 72892
15112 83141 11654
65515 92030 70192
2835 68290 68602
65621 80092 1810
10449 29988 67756
2789 99084 41777
67523 98328 58517
3543 67195 11313
8208 12462 50082
33515 79588 97922
6247 69191 84474
36105 77685 87394
10250 47530 86562
23922 60953 50640
36337 81721 220
2491 76520 1284
21312 76574 57723
988 23952 51736
12555 87940 71973
30453 97638 78022
6493 89605 7669
44269 83650 81036
34952 64717 67085
51350 60750 18688
55395 78751 84085
25680 32295 67132
17643 24721 99548
30144 99583 53545
50814 61991 58358
7046 85988 96105
65867 97217 4478
25141 43393 47279
14993 38809 74789
85132 99159 73533
15343 63500 11736
16691 75396 94114
14270 39097 52876
4594 90956 63962
30561 90822 16375
69246 99631 6207
11035 65887 23464
20232 36996 90050
49094 56520 23789
68373 83344 35501
511 900 78734
20729 80753 15398
66393 86384 82756
15802 30218 8434
254 34435 6573
11881 96150 68988
81988 96426 89897
2423 19568 52661
51632 82257 80491
3731 80581 70354
75605 75909 50478
44172 84146 68320
43480 51949 42200
89544 99554 7257
12695 26840 91382
50849 90742 49490
33154 46666 62268
7190 91834 51627
50845 56645 8372
30053 43190 34509
27348 99683 72941
28501 94292 33674
14767 72682 59621
12220 89032 63054
82876 85819 72538
34725 47519 17088
17704 28801 54157
64179 93623 16124
39962 40503 13383
34757 80779 87493
50868 60296 90314
95595 98794 67670
1181 40374 91609
17913 73637 48440
31403 63057 78032
23331 28123 90459
20700 66633 96590
10900 24221 96058
17415 65741 76742
30346 75000 9967
37246 39001 47732
66400 73844 20727
42940 89807 58266
79229 79704 227
43828 99227 42122
11610 73088 24605
59467 86969 5118
86236 96887 15238
7612 59690 68284
17389 89228 47772
53168 75485 7022
15107 30726 24076
69898 92031 815
6638 86750 2135
48861 67005 96230
60946 63071 55304
59700 59911 91197
27693 83320 79629
382 12289 29132
55954 58237 64530
4879 18930 8245
29807 86067 18317
20249 42689 50498
60819 83767 69680
34079 91500 2793
11299 74497 15046
12222 67780 49814
580 90686 92945
21453 35563 81952
20302 44048 58786
11982 20780 64092
77406 95290 56938
28946 99630 87242
74410 80001 86849
9094 81965 51535
19678 50530 76817
29862 38959 2684
5924 85770 6574
9100 97345 98130
60567 90510 49983
65647 71034 92934
59949 71077 34518
35807 95762 66795
27407 87655 49827
13590 94277 37868
18091 21021 36515
30439 39064 83456
30497 83968 75098
53908 59446 86357
25688 35545 93986
71384 75206 77126
26572 52100 11225
7847 48016 13362
29198 74097 89818
9342 83460 16506
43762 62747 24874
61898 75804 63449
3886 12162 69112
12140 19089 57448
42080 63730 11773
6464 29503 44962
8693 49529 33687
25953 60607 23401
20380 82466 21564
20167 84226 59738
1100 34452 69618
60697 70004 77758
14433 81291 97912
5891 77288 15999
63141 93071 36582
3920 13637 22824
18141 92513 92484
79614 87213 24327
6862 78554 39111
76288 90080 48361
37181 65692 29859
39594 81313 33442
25121 41569 60592
9063 40882 11582
61589 96507 39176
1794 6354 10430
94850 97828 64604
43015 61562 59653
251 41930 90504
40948 54938 73617
89645 99283 55793
11753 23121 70588
17332 20291 31336
11805 59209 35480
60698 88935 10248
7034 52546 48411
25095 31196 12696
56895 75729 74186
74415 78146 16321
8475 87055 83754
26614 57750 61032
19489 54725 49429
29890 62114 67079
32730 89015 63532
9867 83897 3232
28803 55557 53139
20614 92450 4661
85715 96466 89525
65664 77710 71267
2539 97305 47284
35089 48305 28211
75041 86423 47407
5224 74316 1924
2957 76690 98235
8733 77510 85668
9516 33618 3318
40169 65782 40500
50956 85094 35488
58076 95964 26636
3914 75446 1794
39633 45871 25853
48807 60267 24638
58586 95258 85643
10455 54053 1175
48669 51775 16376
29413 80441 19982
36083 64077 75117
34816 93391 99889
30756 67008 29874
30783 59555 83538
53892 63132 52427
5744 19588 87998
54879 97696 11622
13562 78094 38316
18758 66431 56880
75416 82579 69166
185 22220 15749
77670 83693 54060
40957 86653 48088
20743 29424 59836
90810 98252 89239
9115 48613 67970
46795 73064 10766
30208 89950 58342
1378 86919 62289
28814 35099 75639
27066 46162 41215
1491 30287 96001
46628 53028 90139
26826 57293 61887
64842 65544 4391
20524 87523 98340
21421 23749 53174
4388 72125 40308
53489 58234 72555
59028 61322 90488
17487 59056 30236
80434 92148 2344
12918 88494 28025
70923 72593 45585
51295 94740 87649
24492 72780 71221
28712 44642 55699
7342 95699 80118
9314 39869 41346
53607 57241 19621
37935 74719 50362
3684 49538 91162
26205 98620 46888
44905 48800 32140
4694 41208 96670
62306 89952 4948
40623 41599 72054
10574 11618 55308
23686 56573 2201
11112 79760 2576
9181 14916 37016
19135 26469 50741
47501 49365 87611
2975 42577 72206
56400 66451 55290
10023 72902 90934
33823 72711 96040
41857 57622 41545
62484 89013 17212
19460 40005 89214
44547 60520 77693
22613 39836 23579
13864 67727 20397
73984 85889 80393
6544 78144 59771
64927 81186 78652
2399 50881 3803
41021 77219 86611
7357 69372 25815
81377 93557 28692
6798 12616 21824
21287 87247 92968
7709 59631 51661
3136 50479 29499
12989 15449 28709
17429 99436 98360
31834 60499 53498
66059 73187 68152
40571 83527 6897
34735 95857 436
24746 55959 50503
59152 89579 40265
20480 46762 32896
9953 36448 21841
24891 54450 42230
37119 69230 66376
35008 91000 48317
11266 68204 72186
25532 45103 81908
51133 57413 5020
43777 99873 91837
1220 65063 69215
34834 93550 11513
42167 75261 57376
2532 80604 40030
80857 93670 2615
2222 39967 13064
10209 75573 89999
1760 63964 79821
55287 56654 45818
71311 92043 72865
38096 62925 94819
22737 41730 32698
26724 69260 37214
15565 95913 65638
28503 39728 41985
10313 39262 90776
16941 86948 56567
65526 88443 26359
3661 45919 27851
28971 47038 24853
6395 99321 32684
4903 87411 88536
3217 10728 39523
15149 51910 10142
13994 43317 59920
419 10797 35305
28083 74810 70797
501 52931 25026
7746 51249 48237
26495 99038 81583
57117 99337 43209
2502 94107 1551
34434 46225 91134
51484 68413 12154
49672 64414 81279
20558 95981 6364
11719 64684 93718
67028 88445 44090
34284 89078 77156
6516 88021 85893
47996 63022 35795
19630 36326 35320
67222 69208 669
32662 36121 45941
56634 94439 3471
71545 79612 36246
31422 83795 30398
35104 45857 54457
6820 82505 86335
17115 42998 11382
57713 61475 29911
1644 28307 57409
1171 32739 78097
61178 97933 71712
24804 42986 83350
27834 59869 63077
44220 82489 59339
23593 97055 52932
33690 85974 26502
53562 83140 61247
3173 54934 18861
23818 53231 9654
59245 73920 96482
61845 74872 8549
22707 98457 74009
3919 30900 10661
31640 52141 64550
88171 99138 52393
60836 82336 55414
193 61271 18098
80053 94236 11684
58444 73979 67245
18893 41974 23566
35072 36201 35441
7417 86207 55752
33487 52696 17795
10838 99439 1405
12849 36123 11787
21182 38955 47908
60303 63051 92698
36505 99282 25527
15631 40404 58465
61164 77813 42323
1673 98774 19731
44109 63956 29583
63347 72343 70746
5207 39794 91121
5660 21718 84928
20643 76933 46927
67632 84254 24620
52420 63041 24735
40241 70273 3736
53385 83923 52276
32837 74980 34193
63617 97828 90415
57900 87845 9781
18996 89304 90167
88945 91422 66358
74637 76893 97598
19255 67518 92185
14664 63156 86310
13038 87834 91606
2768 72284 7200
25941 63684 59058
59509 96852 80914
77160 91446 23072
6467 23453 72134
8118 54843 71281
44626 82451 74673
8087 47594 40250
2990 6350 54987
21377 23700 28376
3592 34293 48940
16165 57445 44754
11371 35905 29144
1558 70144 46167
25631 43345 64144
7883 59344 99726
8553 64754 97194
73127 76787 8375
31058 67356 92488
25283 87897 32134
43625 84986 97578
51255 57018 90125
7241 70046 8865
465 12404 73680
27440 46192 68740
19127 63445 10184
37400 72866 42430
2654 58251 70429
39171 71438 22033
8850 20158 19923
26621 87203 61895
77186 95141 52773
12396 48017 78190
56668 67544 93071
18903 59385 95343
38169 97129 88605
44533 64410 65517
23515 44995 23087
9931 13749 29132
87853 93580 53758
40494 92402 54099
30160 55348 11329
18807 35622 72564
24506 39508 4233
74277 81983 62624
60530 61091 20868
1441 90210 78716
18059 52817 98575
20294 35855 49362
67048 91348 56097
67752 91437 13225
88959 90463 20749
57344 66804 58430
9422 68464 38540
23228 35485 45116
5724 9234 8209
55508 91266 88982
22692 66372 13423
54 47856 74757
42307 55341 2108
36791 52066 11219
27064 93080 42135
13998 90727 44227
181 62361 24166
45319 79839 7191
27006 33195 75219
16477 98381 74580
81758 97642 13196
40014 99649 97992
32720 50839 82815
36798 99338 71054
9508 48946 15172
49741 80081 77931
45086 74819 76416
9006 11191 91792
53464 95640 97587
60638 76999 89035
67652 99196 39728
5046 51205 25600
6816 67666 86084
49 60697 26401
62582 81288 48426
14647 72916 33566
68552 86661 82523
11436 13010 25887
8117 68586 32068
76360 93917 64889
15536 98684 47327
31420 84431 46062
81529 94680 58733
12995 59737 46427
18292 67135 30843
30755 76813 20744
7013 23612 17536
84281 90183 68059
18020 35201 88768
36939 55038 42341
17208 27943 68156
36214 41470 83810
33508 90758 36762
8297 58485 86909
5847 18768 70413
7547 79262 82981
12471 63918 9440
32146 59223 96223
33885 69289 54546
43338 47832 85240
40286 84894 35583
24785 49918 37267
2154 65919 62596
85001 91786 19530
29133 81448 70160
19795 63849 32122
42406 87056 30128
11523 21253 43636
9179 86029 89258
28104 47292 69026
6953 17837 35531
92021 98656 96324
47750 94479 73930
24022 37232 47281
86808 98883 64913
33619 87119 1753
50233 96088 96733
36476 59347 67453
59512 96575 24353
3970 77800 45789
46185 85684 15711
4749 57037 37284
39188 68918 51154
43870 51482 95789
47743 89581 11720
61050 77724 26814
24790 66378 3201
3438 98401 98886
34740 36851 53370
41716 81779 87231
18547 86536 83738
63720 70586 62856
11575 78090 53238
14235 51972 74659
16758 57769 17174
68338 78875 24668
21074 41604 9219
32993 47060 73745
2970 40287 84594
8740 9204 84751
43452 54704 98569
8454 78675 26887
22490 89729 20468
56186 64777 93204
21023 73115 73392
14625 25629 51849
49025 85345 92538
65957 69388 53787
18450 95765 89994
7054 7656 25347
51099 58126 31150
16608 54158 61448
44032 48417 33919
4323 50719 12468
34711 43529 58815
50368 69873 17731
22573 55940 72474
59939 74385 94157
29420 69987 8992
46632 76450 53477
49190 75956 38254
23124 76961 88384
16091 98763 81340
48649 72224 37930
28787 89596 63577
45201 47608 38769
43138 57947 80522
96702 97777 22961
33661 55600 32538
943 536 890
603 703 423
870 612 753
370 485 749
4 803 249
294 48 826
327 279 944
767 575 624
880 578 772
956 151 822
126 220 398
96 668 183
121 891 262
547 869 442
782 710 736
183 453 731
153 380 577
62 957 586
897 916 354
989 51 345
556 347 722
95 472 634
317 873 407
51 238 801
901 964 264
644 854 443
130 166 773
498 309 980
925 268 499
635 845 629
351 10 207
112 940 222
331 807 903
180 18 283
140 746 327
994 497 739
289 351 409
520 641 798
850 451 190
500 632 650
327 786 208
412 267 547
305 935 382
166 765 825
21 339 104
663 501 28
509 282 613
167 99 591
514 934 520
263 948 382
625 372 625
245 451 85
230 205 993
537 623 15
910 986 382
948 910 997
886 382 737
87 833 341
643 672 96
832 593 124
254 471 202
796 167 21
932 470 614
242 824 176
582 402 551
844 756 29
814 300 803
656 396 768
515 759 795
150 285 334
843 545 209
231 301 443
518 375 816
475 279 556
275 490 810
236 154 659
889 685 83
781 802 379
385 71 86
235 523 723
337 540 168
360 220 359
568 151 110
866 283 69
637 466 533
187 313 711
353 652 931
382 843 32
155 78 238
722 198 516
410 788 943
147 965 109
976 21 350
166 85 345
422 941 53
473 396 722
634 788 807
291 551 857
216 296 653
586 553 699
436 209 218
130 406 741
175 735 839
22 619 644
456 168 380
269 972 973
685 394 655
27 766 799
830 846 919
801 993 140
711 612 298
984 105 388
380 171 529
91 210 545
823 585 144
645 677 447
529 523 765
883 716 46
626 185 626
846 580 584
951 242 509
7 308 545
763 814 215
131 556 756
303 892 53
907 280 352
835 707 375
963 624 897
118 847 190
978 407 34
446 187 628
685 283 566
348 225 363
518 581 718
636 245 653
478 683 696
622 949 96
591 835 167
435 446 138
30 959 484
366 824 36
500 228 251
166 457 585
269 261 507
854 443 679
400 796 822
999 328 746
211 303 485
940 590 553
568 443 846
145 640 305
559 504 787
946 889 932
744 533 755
716 461 539
459 815 212
486 646 677
633 573 462
365 383 587
625 751 952
292 406 761
868 278 646
45 707 221
70 128 561
742 653 200
733 714 771
173 431 874
67 391 870
346 614 688
536 462 747
292 77 358
900 529 677
829 575 250
125 999 101
273 367 66
870 839 860
480 888 114
645 69 304
37 119 866
660 749 58
43 152 811
15 70 86
89 242 360
542 223 282
189 85 599
291 883 609
829 158 248
197 447 735
123 289 39
829 857 872
184 85 698
17 542 239
256 870 877
540 910 435
535 146 685
926 598 69
7 776 861
593 9 397
884 550 785
669 515 880
353 330 720
203 930 457
439 907 254
849 972 35
856 310 911
277 948 245
167 16 212
135 93 552
145 137 289
939 656 674
770 801 223
298 590 692
556 295 317
220 304 483
679 939 8
427 730 939
349 369 9
947 919 480
619 582 673
528 697 160
112 255 128
592 870 976
465 155 484
894 970 430
596 538 111
994 874 567
942 188 515
827 394 734
517 312 976
385 916 195
191 405 857
75 984 733
560 559 701
655 14 655
839 53 295
338 999 665
555 573 278
33 872 355
416 206 742
661 843 123
5 209 579
730 906 358
210 846 960
821 237 681
283 407 23
206 770 673
380 434 992
931 467 609
650 595 823
402 848 963
215 636 239
707 767 863
561 342 179
221 362 910
81 194 244
922 872 230
465 674 46
363 673 736
102 77 541
693 668 375
269 644 89
37 849 54
757 107 489
127 146 323
266 187 946
857 415 503
722 329 782
863 636 88
644 754 825
302 198 291
512 869 452
490 95 437
738 706 185
647 120 775
381 582 102
167 320 583
669 562 592
216 306 428
147 139 166
854 346 547
509 823 76
219 359 473
216 348 433
581 553 787
476 441 782
786 850 959
777 24 157
764 297 535
490 667 8
599 772 335
708 66 953
286 753 186
260 287 530
797 13 23
83 608 865
387 592 991
186 747 336
432 24 450
88 386 918
485 747 804
256 94 811
931 106 83
839 437 656
595 706 89
32 751 389
910 712 799
212 242 378
308 587 66
743 84 112
131 964 986
901 778 671
288 194 596
754 605 864
355 330 644
658 737 804
422 734 345
204 323 447
43 531 614
926 582 614
245 170 246
432 481 6
312 961 221
446 477 731
477 403 562
485 726 2
302 981 225
386 507 167
2 468 621
9 221 524
487 734 322
876 504 884
925 794 278
917 813 426
580 679 283
36 18 126
205 982 549
973 798 275
675 725 309
935 594 56
218 62 278
375 908 172
818 581 823
871 62 729
220 87 171
2 398 865
702 395 876
291 18 318
579 599 935
127 106 503
670 801 162
43 525 595
392 835 471
660 344 352
337 483 977
907 73 601
300 804 867
73 916 243
264 409 639
438 251 404
967 881 57
228 777 263
898 627 856
861 369 503
219 137 142
194 17 39
615 729 590
255 765 343
730 506 1
865 120 180
482 868 307
233 344 512
554 153 163
485 769 35
831 639 890
603 448 923
539 576 294
675 760 429
836 306 422
671 890 705
759 381 8
990 685 990
343 317 343
653 627 736
524 142 529
310 257 719
898 781 936
303 848 379
334 334 598
574 336 380
819 194 211
175 887 144
869 147 337
934 53 509
839 399 499
476 731 270
322 259 664
108 992 590
435 747 398
173 859 9
775 237 614
313 747 779
955 773 135
225 131 246
256 206 229
892 520 699
867 339 407
639 189 503
267 15 444
7 207 997
558 772 411
81 77 381
321 467 559
943 672 297
920 552 952
848 144 344
250 757 982
27 779 858
958 158 350
433 968 400
579 238 317
307 165 269
213 431 69
971 890 201
713 416 505
553 105 726
399 753 882
816 392 415
927 677 909
121 726 106
184 349 404
41 331 111
110 367 804
208 332 613
467 67 474
903 417 546
523 243 309
314 271 733
256 27 373
898 488 833
486 324 775
388 314 29
295 959 20
549 530 555
533 5 366
28 253 132
110 462 508
799 589 798
934 539 873
128 709 562
880 687 59
783 273 674
474 339 479
814 53 448
182 972 503
458 237 445
404 604 807
843 862 214
539 20 830
462 703 823
658 646 852
788 784 219
367 712 944
946 166 580
860 996 472
530 840 992
661 328 688
141 271 508
183 802 803
348 849 284
793 571 573
14 4 81
734 940 762
912 78 821
172 496 90
932 584 815
341 99 154
136 786 232
283 56 249
524 51 604
468 787 265
63 46 672
470 98 133
496 207 305
768 696 789
623 168 564
95 535 775
242 941 967
568 592 57
652 565 903
656 933 84
466 32 825
392 501 413
873 875 995
962 429 61
132 664 58
90 315 582
554 214 327
409 399 886
964 26 673
981 565 188
244 511 990
883 141 308
777 999 354
322 810 517
265 562 236
629 818 964
518 334 700
266 190 829
156 520 401
315 610 89
763 692 930
865 341 344
524 4 89
526 436 556
977 384 953
570 288 358
836 811 280
544 691 252
698 881 983
202 504 845
617 273 777
605 822 907
851 904 681
30 76 755
268 937 284
571 402 520
219 261 363
842 466 643
515 70 610
187 46 627
697 336 920
948 387 850
879 191 562
896 115 255
341 371 647
975 656 6
540 858 516
626 709 747
33 446 76
25 878 31
801 609 234
158 165 918
162 22 495
701 900 528
154 773 2
992 680 941
719 559 798
205 331 434
313 486 802
959 292 128
407 31 493
337 883 100
190 266 526
249 435 710
706 168 532
55 104 598
289 543 832
634 557 739
7 669 913
802 491 741
197 232 369
444 685 954
432 422 918
793 641 790
609 383 195
502 592 941
435 657 849
605 63 540
479 214 438
87 419 491
457 47 532
535 330 909
428 581 590
661 183 712
413 567 745
928 353 846
323 350 713
992 114 142
510 799 441
444 227 241
296 21 537
978 50 126
933 100 207
15 287 473
848 685 621
992 22 609
313 670 912
736 493 936
882 693 993
256 600 792
128 236 401
143 24 627
272 221 510
746 8 396
689 679 317
953 61 569
581 337 940
951 271 403
438 713 102
520 264 565
884 512 741
411 620 978
857 430 86
571 413 49
260 267 570
297 355 637
446 61 722
559 567 142
899 274 407
91 390 154
518 397 730
583 680 344
491 804 878
814 604 847
37 303 570
607 341 349
769 351 618
333 413 903
722 17 275
523 841 637
879 833 317
519 852 881
418 978 335
884 739 203
729 608 716
520 580 646
349 641 771
963 519 65
780 952 224
929 700 947
578 216 328
881 142 531
562 509 619
194 853 951
293 108 703
726 902 257
47 682 877
181 981 308
299 518 246
432 16 439
47 494 969
769 591 171
312 547 952
835 641 958
311 465 910
504 847 868
66 305 511
3 680 63
721 360 862
106 534 862
525 813 319
507 178 609
411 641 61
234 347 270
148 734 459
573 448 221
49 925 961
471 670 881
379 463 852
460 96 765
809 501 144
844 87 654
595 199 702
260 71 126
67 153 676
497 599 727
926 970 564
278 807 624
266 423 811
44 603 698
538 272 681
355 830 0
981 866 583
3 746 796
247 715 942
86 79 341
489 547 409
734 845 16
341 735 899
75 298 613
408 280 394
793 285 799
485 467 525
582 594 729
811 677 999
592 474 604
888 568 183
845 828 219
544 481 435
524 966 374
691 353 647
542 790 10
774 996 589
68 513 871
875 535 254
724 322 175
118 94 564
745 151 313
574 596 824
36 941 112
394 544 584
867 175 260
651 681 959
358 122 200
815 200 289
58 482 983
967 366 768
61 455 487
799 429 562
859 44 661
651 8 244
187 226 466
675 220 458
403 328 810
311 688 146
958 748 808
850 219 316
480 846 855
432 373 686
762 596 378
760 817 897
327 114 367
163 292 445
795 749 172
761 671 9
362 377 388
495 906 956
135 399 663
396 781 283
645 362 516
419 373 462
74 53 225
237 253 120
990 557 583
545 119 427
805 492 131
358 91 673
892 219 844
26 364 729
14 115 763
258 491 750
289 647 835
68 200 892
451 624 996
429 876 373
785 651 482
98 428 233
924 396 773
812 150 839
113 998 261
628 465 653
367 910 70
822 929 184
786 843 359
104 713 911
475 923 923
524 567 625
1 139 963
677 692 982
555 647 218
723 207 954
265 248 454
133 762 792
423 881 568
10 456 663
564 657 542
459 759 927
925 596 34
74 59 277
440 732 36
924 916 385
924 897 504
800 342 365
551 450 107
463 872 58
798 774 953
95 456 101
99 457 541
998 13 369
587 599 751
129 978 994
362 684 689
511 72 523
711 57 836
521 605 724
112 26 836
977 996 29
969 753 851
701 727 390
785 903 13
672 148 228
69 352 951
464 980 3
908 822 266
850 124 244
973 54 135
911 721 959
580 768 182
61 259 448
253 487 628
943 286 290
951 889 929
422 857 563
605 170 47
762 94 161
914 638 950
707 175 690
170 120 639
888 675 287
389 273 303
12 361 369
398 854 913
27 374 533
596 78 317
439 465 799
34 572 986
852 33 578
130 972 158
591 694 799
729 904 684
19 787 879
27 399 660
884 471 517
478 455 98
405 605 29
932 307 314
817 549 408
71 633 871
306 574 930
46 97 227
258 841 384
886 397 481
731 382 153
570 547 608
5 380 663
498 504 818
615 798 10
647 788 128
31 665 894
848 650 825
719 83 547
139 937 590
154 242 246
164 497 978
349 695 42
961 784 81
635 345 767
966 904 104
572 788 25
629 308 360
199 576 889
913 522 205
297 390 452
515 252 523
370 725 185
190 241 509
881 680 354
970 21 159
683 830 722
754 947 83
248 680 935
867 650 715
310 779 136
193 732 952
883 483 640
608 894 936
43 116 652
787 221 607
151 998 347
539 30 109
794 863 171
108 481 624
58 556 864
287 336 731
433 782 1
867 623 281
159 428 579
581 44 572
749 622 75
954 518 666
933 249 726
851 522 862
763 589 42
695 211 302
995 664 785
458 367 980
725 781 180
767 728 401
146 758 66
71 442 772
461 217 497
305 93 196
558 746 873
694 815 253
923 452 993
184 384 3
952 853 42
584 235 309
218 430 561
617 480 529
444 357 625
212 599 12
542 44 432
564 945 170
118 421 530
52 302 687
460 1 6
284 848 165
409 878 981
444 684 405
430 840 249
840 214 869
579 622 157
473 806 401
776 41 136
972 243 249
317 292 563
82 628 713
682 717 362
782 837 539
660 984 65
195 343 113
924 722 184
940 121 525
739 357 518
800 236 372
523 487 783
972 102 556
413 725 488
367 339 439
739 9 222
542 274 562
971 928 192
770 384 878
327 488 560
66 112 633
341 496 335
605 963 334
907 818 91
658 134 457
245 350 746
695 783 458
528 664 162
165 177 557
839 612 698
899 151 621
734 739 191
284 22 434
773 8 336
609 601 691
606 563 740
702 728 456
961 831 832
793 482 524
267 263 985
432 180 580
631 445 701
107 462 616
649 797 212
632 613 152
729 951 371
657 909 745
241 522 19
198 212 385
765 972 148
781 128 171
366 295 702
903 842 92
44 247 186
775 207 310
339 624 732
676 376 696
431 64 231
906 755 671
633 118 455
361 994 11
225 926 533
902 528 260
43 61 111
467 310 775
825 198 813
457 437 468
638 871 304
148 550 141
848 690 138
87 694 811
612 752 865
282 81 796
469 437 539
294 817 249
614 266 480
667 877 20
454 996 524
40 91 504
72 501 978
113 562 22
631 693 364
481 714 36
951 573 992
569 266 823
