7478532
20370553
23394083
9865234
1208965
45324883
42969466
47201599
42074129
5535331
39933566
2426484
33004352
8545066
38155612
31302878
6028127
19225202
26723101
37660737
10648541
48430302
38762119
33540654
48222454
25424085
2973989
31959976
3683252
48266354
48635724
45096354
10517554
27441293
46169022
27395773
6682150
32488675
26581076
18207707
37786065
49655258
23508919
1610777
35456799
43787762
46864002
49447201
34850094
33818206
42131852
38387852
38285845
9258567
49160525
45435007
35379307
24832900
18103510
50363567
31725833
34540049
26493316
17390197
12457957
29163783
47460880
36424197
10572151
40504778
27642208
32092103
27016775
35228549
46430969
40992481
33193340
5485243
41121821
42805550
48282808
2211867
20945773
32170190
3057907
5905635
10737695
19631258
27709322
14873285
42416751
49715994
49311315
12143461
26316050
29185660
44970878
49541931
34429300
12433238
25685677
8711874
17299530
17120091
36409534
42840734
14619506
7365400
3896231
5946471
47302906
34177048
43889375
33131626
27530409
21811176
49101739
11035116
29980166
24005478
17870813
4371609
21705785
21177585
14009017
41115613
28260761
18540390
33061809
48199366
29423863
35582235
32369690
15325198
47071834
7845450
18212467
30707708
46628375
3196356
45697636
23227114
3184174
49084795
40555972
21691678
29299462
7428418
4360861
9354542
23550654
47974157
36076168
16151796
12213201
12605531
46244491
41803685
20773318
12158867
14230227
27559706
14983207
15227562
44512761
2692111
30496967
37553907
47876674
42653573
34565126
3258660
40374681
27243843
49695938
44073472
42694683
23374062
35604724
38791958
22652423
42030347
33105089
22135243
3477299
50519914
43161725
33503940
49430980
48406256
17104693
15861665
45774444
44620176
34489546
5625004
17619223
5080913
33863486
21046834
25210542
38968418
19377176
45579740
47848360
7218479
42116909
5840646
34975437
43140220
13630971
6296274
12608229
26261826
45759793
30744920
15233359
22704462
47390516
8814781
36205627
11854059
17520136
37403540
28802135
37815911
48388023
22263727
7857594
16938011
26128203
43035027
40831215
39972213
27639010
8409492
42853555
44595209
39215830
10289980
35399196
40422799
9762191
29096831
32612279
11198586
7290197
22946099
40210563
36219758
20488425
5552681
45610709
32386024
27546212
45319907
22388485
29106445
28201474
44998882
27289479
7175218
27519882
2973989
24588665
4148806
50328859
39322113
7991346
14094450
22947375
34047633
36458187
47715629
36174687
26044473
17682056
48710088
12925399
47294644
13051053
48576170
17089878
835872
8126732
37574235
31666934
15858811
40323621
34976046
39289354
4366236
45823336
47284669
6297711
25546658
14127286
36505830
2783393
34310926
47302906
48201341
19237557
23128306
15020290
42982012
27192684
25270108
45877124
26592246
34429300
44429978
28798754
755005
17244492
38600531
9008954
26598750
5944045
18784550
37917725
10435692
39639044
45651284
25535421
13234504
34177048
27166324
16050652
38703974
23141446
35718315
44459453
8271044
29748172
38749432
2812490
44340796
4481964
47298559
1991808
25397070
49066208
42030659
35582792
3497444
19998620
36965899
1637754
31341827
34877386
15150022
44426901
1822366
38425051
31637419
32210886
46201516
35621412
44618378
36056603
48163
20304331
8646556
40782299
38600531
20730526
37766586
44833526
39337763
19519689
48588528
14919594
23729864
43317688
31298266
49042256
25919291
24610702
33198667
46406541
35474780
39348910
49236056
33830622
12558430
41612237
41144323
18602355
32664245
818287
35541383
21920093
36337581
11718787
846123
41125332
8905474
14923913
25574126
31552290
18386061
28610981
16703485
42002934
10346111
43258283
16282936
11254286
14189600
49215902
3944449
22399779
38304410
21569837
965230
37411897
2367502
19690649
35050603
2740622
36757401
20529399
27557084
8274899
37472683
19417475
26968497
42093195
39749852
36391179
14012182
9238196
29602234
4371346
21113850
39135462
33702528
35591082
48660897
22631180
33275478
26388608
42260804
50464927
1948562
47673901
36586387
37772673
19197018
21443941
1210438
25862217
31123411
27354691
32273532
47230158
46698632
5653436
6974539
3650395
15968387
18408037
15133164
3385797
43451745
36391091
28586488
45414297
23411730
50082146
9190032
43158811
36672718
40304303
43814475
23227491
47288392
21374682
44132311
17320493
27784181
32367885
30232383
19323777
43217538
15397941
22634001
34729682
10226163
36131544
32384471
36928610
31720601
40828983
38387550
9425839
39602120
27988643
42112829
38407890
49527559
24193230
18541606
37549812
30451755
33735956
21671537
36783608
17399911
35818030
42516177
49259157
32930766
40738503
38125569
3012435
28320474
45144509
31347939
40974502
21275114
36423957
34634198
39020432
5804417
48769824
26067984
19647025
13911024
9485716
8242934
19475395
14505777
7444538
4329427
41809960
15922758
46355234
42918497
37702983
41574166
33809297
226324
10957055
41247491
42223101
19681641
24181811
40729007
40129739
15619049
38721746
21260068
48974394
30918837
32417215
31041006
11822142
43572296
23195455
9265032
15151062
2064785
24237509
16852047
35318996
43211058
38719689
30566105
44480983
41353909
20343012
21344837
38195789
17832145
31828679
21546421
14933798
27592990
33516639
29297388
44469411
21386354
26128203
23431612
48999970
17582544
29974105
41736764
16835366
22634001
34577362
3687645
40864079
9197942
34738751
29754304
43242826
37311993
34299544
11545690
40852886
40782124
37273752
9625076
3960800
12001433
32089638
47939038
41563584
44511241
18598479
8721007
6954862
4880733
48980831
41644200
33643214
44864499
49786154
26427124
21273475
14900691
818287
22514516
26682705
33703252
6676740
44929532
49185148
2576001
23508919
22898289
11906650
34294107
16953035
3677679
24274494
30360506
25594591
24023536
36013539
19261599
2576282
25259754
3930796
44978049
32194534
3675376
3896126
27701369
20745690
42383428
23312731
44512761
24175673
0
41216027
39111558
20882243
1481109
45657285
37235176
48588528
45806127
35970365
14506888
16977007
34878144
46486252
24621348
21397497
14202895
26443061
34310540
5652751
7497584
48999970
30183345
20972074
42114808
8721007
3693644
33392548
31058598
37217313
38519532
29310424
30712119
26247488
33257125
9355520
45216612
38030780
29758374
30612223
34159506
37202360
31168972
29204186
33138838
39811080
43232006
30818840
49560219
32355590
26695612
33184013
43491209
19002253
16555401
15619049
47110742
37294119
25512486
19020326
15483662
6974539
41252645
2623229
39568035
34448537
29048712
45642850
6280741
30664226
42472578
26022763
15903781
39065539
13113830
7167043
5380320
33619678
598094
47058893
14932683
16427985
32824557
21060454
41838035
28866542
28778468
20458430
3518697
43555701
30204008
15073257
31472536
26546679
40242612
49465489
17932736
37264545
26524324
39475867
10474594
44931632
22554966
9574868
46930159
7782142
26961932
328390
35729463
30770898
23773948
21819455
43483231
28452300
33609687
41804774
690291
28079880
49486623
38504665
6234219
4823422
2921482
19359257
21127960
30231117
48344589
48253162
30864649
26325903
43841463
42090494
14608895
49515856
48999970
49523204
17341208
30120503
1256817
30656770
12954069
35450117
26778423
32737726
36476163
27014916
45651284
43333403
32436215
40929218
10098525
35610348
44329337
3254830
32243124
21396211
9820719
36741788
35625285
6859416
39446096
23858142
37549812
41853335
14666455
20065636
36658478
26082105
1948562
46897744
21607861
43162908
16572208
39114425
17597846
31338038
13327329
40978034
41486678
18831241
13535824
2007844
41680309
12770162
41252645
44510913
25047926
13873835
24536217
24453490
3670898
50578732
48613840
13438756
45267063
19225473
22402325
42904851
44313424
43499983
17619227
5412871
39316672
30917405
48437284
23877391
2668057
37150762
25936945
11179908
41128248
28877468
13745256
22480813
45467517
49486790
11030939
22388485
11698980
35607148
45233512
361864
23151920
48583851
22680761
24568645
38569173
7931922
49641304
2756323
39170642
34618116
17514361
33349437
20798023
12859263
29194977
19566617
18596224
9605042
16375171
31761992
28205332
40929678
24188347
44468828
24702632
44219854
34263671
22771410
4124710
24224422
44505379
48623059
8212677
37543229
29418358
29475980
44600358
44577643
40211294
46834165
11723438
24687866
23464409
9630931
37549812
9209540
38690112
27684175
34429300
39251189
39843137
10693125
38539518
38936059
40565051
49213186
29263541
49700342
8881257
33232156
9466189
49465489
26822634
38722330
37373518
30783849
24977533
50530344
41021155
28777141
39112037
11897305
21659345
25237617
47386746
17559292
20699600
41193316
25380329
10332441
38387550
15457199
41746740
28731337
30492648
35440530
20891015
34029740
12377788
50464927
26871663
38505886
44189244
46376313
20139237
34771701
8368151
43225631
12591633
5831766
50012890
34753099
39047136
49611815
32138654
47215367
12273992
19662163
17492986
29683234
50382362
47158441
3868475
25874221
424914
24209450
24284478
2136389
44708457
16709761
32063140
