7558745
7786744
4727995
5630886
3030051
1706111
9927712
4322997
844688
2637085
5927136
3996548
9056598
8899997
9568047
642525
9094998
7060058
7920418
9614356
7308771
9783140
3766695
8746714
3778925
9891630
6420858
6520348
6854184
4988808
349493
5627429
3578027
2678240
10028098
5383913
912631
6286574
1977832
5064768
4856076
8726948
7500180
9317045
6445607
9525375
2326889
4002489
9004904
9792822
8811517
6564514
455373
7797481
9761011
9822288
1347762
6426278
9295144
9845776
6591945
4017135
7266285
4521250
9903326
1250879
9228826
5827625
4255548
5373128
10044779
643681
8925982
6814066
6762342
8710453
7495056
6838178
9830797
5267582
3852109
7525522
3475260
2704508
5974802
7108512
7659778
8289031
8971829
4460494
8608932
2799504
8712882
159306
7001392
6332515
612676
216155
4198850
3064744
9074063
7280353
8540998
2945134
6265180
9985105
8562168
3533092
7528260
5422575
4402512
9116580
3745831
7614747
1552330
7293736
661709
5334492
1935791
8265764
7532029
9193240
7744691
1649837
9341324
2600213
3976487
5612329
9028599
2614389
9779475
8321713
6247602
1802399
9578598
4704170
908938
3119815
3355380
5388200
7177417
553491
6529562
3669782
6434985
9091743
8321583
252401
4806649
3074604
2134040
8967912
4992460
5612161
4740305
2539474
9316979
9048340
916610
5847616
4695970
4647020
7227929
7097811
150520
9669444
6764528
5482727
1541518
7937812
3962194
7674241
6692808
6124638
5090224
8488881
8008231
4038097
7261402
6592483
2251672
8015881
4451009
9489180
1566037
2890152
6083440
5587894
6123888
988736
717710
3625883
8975655
8177889
4697801
5579497
2132164
7920418
1048521
7629989
1766073
9705989
9192587
4042083
7491937
2081844
5286214
1751490
6825763
8206811
5973455
8150551
4966435
10094402
9075731
7612270
2311061
9429398
8257892
8270577
8992810
2551168
5447589
7229055
5038213
5852345
5544875
9981478
10037206
1430753
5307663
153614
2185908
8008231
1892347
4121326
5134270
2583261
6059633
1314241
5373305
3339022
5767831
2849288
9371406
6330123
6967313
7102289
7753635
8593090
9833018
9488896
6722604
3654614
4351967
6254192
2180061
5259309
3335056
6848332
6699192
300148
6693161
6750338
8586052
3760725
4216363
5201849
7128094
7327107
8516769
8624503
553044
4014416
6070755
4395605
10121030
5867928
5567044
5547385
2337821
9775186
9814292
6068553
5481684
9515767
2529310
5146595
331004
4766494
6700365
10006387
210727
7060001
976306
3468412
9818307
575051
7884781
5114160
6181806
5821488
2543926
8641695
3160130
9511224
2573157
2575802
3112019
1608150
2396227
6284115
6810466
8227062
7866805
1474684
3075891
33544
2689618
4696766
1346651
8866988
3878747
2172906
2033233
8915672
6487496
8043244
4219897
9342818
5188960
2524386
5681045
3037790
5213080
9161965
7711845
6871901
7266492
7433327
6776216
2351498
4741921
9600564
1043853
4899348
9360736
4292328
3715110
8822272
10109237
884366
6269495
2938257
2445672
6698371
6558719
7289245
9750278
6534895
9691748
1337358
4444241
3409666
6635990
110926
3010997
5745187
4035219
9491760
3743393
4701185
155463
8580562
7013346
7303218
4768964
7478833
8833770
7286432
6955374
5477990
7084342
9205557
3693096
1574382
8544750
2102034
5347073
8621383
2582185
8868356
8041577
3399861
7274310
679362
446939
9938557
9724139
9042997
4979528
8406389
7909814
6980979
9735925
1383915
3362040
3235542
9121683
9021464
5689359
617342
9083151
9616828
7219249
9028760
8183604
5927937
7621172
2379879
7047673
1117183
6433844
4705228
8998739
1982821
9423848
2830472
3305923
5749910
2558489
4769643
4075470
6580289
6164378
5091748
9371472
9702063
8569566
7190362
3339022
3888064
8616633
340879
4430643
3980372
2595864
1489532
9966174
8645341
6015728
4218110
6166996
3741045
1571067
5196657
6158989
6733587
6832492
2406502
9739986
7046933
8675881
9608750
9490389
8460789
81974
9409153
9792206
986848
2349714
9828362
1830411
7165663
3522106
3966766
2781870
2645287
2284631
9314369
8350357
4693062
4125872
8137397
5644595
9870040
3681490
4198262
5629040
2876089
8417925
5411813
4292382
7991098
4306308
8862833
5777448
6155356
3270334
8726451
5571311
5211761
8552389
2295852
2557282
6717547
9530843
2438671
2639242
3777256
3338256
2519312
3653785
7590901
7828992
5758639
6046213
2529257
3433522
8144386
4455747
5423516
22548
8704088
9811742
6882159
9137270
2112214
1058813
4921154
1915543
9613968
6472871
4172717
1144513
5209066
8513205
3129904
4304995
817543
9022761
5248235
8696985
7595661
9237025
9906892
9407678
9072152
8246507
9234074
5497338
969446
9761011
6547533
9660737
2135289
2422268
2623327
5742105
2940301
9222693
9753263
2482364
6241595
7363753
367427
1096940
1486345
8966140
7461238
1384455
3482497
5228039
5707905
1120027
8779689
7416730
92499
3532098
4145568
8736735
5161113
4889213
9588215
3226638
1522003
4225641
2848128
2868172
8784557
5035053
1111813
4562505
7523682
3317138
1960199
9593696
4878543
6064548
2622848
8037582
3752231
5050172
7543446
5094312
6986307
8243915
4330304
7050626
7530550
2069985
8943030
8160038
7049129
9478531
5365365
9036567
5694489
9331491
6569537
8955712
4940458
8668891
9637723
8598022
8974901
6241205
4198823
3071013
4412083
8083757
4518354
7771518
4326129
9619758
8217743
1573154
5402903
4053559
1679521
5463831
9513888
10103513
7138443
5729058
9546636
7491937
7996786
8230934
6784242
9829474
7997330
4767340
9825627
4437096
6233061
835110
5253864
6849406
5068689
9523006
9543309
9386653
8227145
6507974
8799208
8789438
592998
8370444
1525331
997405
9597833
7158290
3113597
261058
3647709
9636935
5141576
4405916
9830411
729744
8427411
8246961
4665890
9731621
6460417
8126599
5002368
7687101
3455750
7856559
5984062
7541413
2570661
4963485
775958
4061606
4967296
4452059
5071487
6767287
9427199
7407632
7494506
5707649
5442675
2181170
1219006
8031744
6697329
997431
4168365
6139267
2932535
3057477
6263039
4790131
2326715
6654538
8470001
7454866
1273556
7363747
8839119
2253832
2300541
8625937
740681
7300621
6247219
9154427
3803083
457724
8033391
6718418
5824402
3400143
3702143
2720769
5736142
8108042
5293925
7584762
7165446
7699057
7770402
6236491
8550307
7164658
9031043
9946438
3844194
5494646
1912931
9544953
6540505
4546413
8869636
9543389
6734559
9524453
6286574
24882
6354398
1134588
5478491
6388610
9316404
9646994
3426330
6426210
5037004
2336686
6330123
7192871
4484833
3809908
0
1539509
1731688
3739149
9539341
3060852
4666682
3935811
6606333
10107001
675400
9899811
9001056
1676289
7374294
7828581
7016100
7493965
9460660
7169090
3767934
4706427
981943
8719226
4215478
4726369
996260
3364958
860641
8244328
8378364
9111311
7158290
8821392
2057920
3395283
3366587
5939684
10054377
6247084
9886729
9329856
3119327
9525854
5371235
8494362
9487961
7881084
8245759
2196544
1205696
1724419
1098144
8284903
9877141
1821499
7739402
7444641
516812
7920418
9111504
5486718
4121326
9557656
7526673
3209828
8434115
5043663
10007346
4791716
8885753
1165490
6317900
9560447
1912442
6034687
8818610
489023
9049700
2400620
7010629
2022692
671759
3302873
2674609
6866317
9748750
1861866
1368259
9773757
5821213
6135412
8838026
7668391
10085374
7946292
1746448
1974473
9872862
2862504
7570135
8469366
2781805
9056434
9186912
10070223
1782537
4823303
4935307
2396860
1319518
6148767
5219271
5628464
3593100
3785204
9163395
2548496
8827015
1238466
9082299
8545582
4909925
3940152
9333349
9206105
7965427
1681302
8177130
2095401
9479025
7969218
5957373
7990727
2060171
5086629
9203292
2350790
709003
9488920
7455162
5327513
2600004
7734735
6113769
207894
2265885
9392095
7342511
4054652
9842385
2574650
7311776
7924849
6926550
3609383
6938204
3350245
9260562
2652812
829970
7383398
5573027
8122677
5626408
9861647
6941324
6593230
7546742
4053207
2463588
4940819
5366468
8672475
10010784
8482463
580414
4571633
8764694
1374548
2415264
2536844
4057006
6672313
7554545
8351865
5389776
4132487
912290
9695658
358250
7211181
3904329
8831453
3579695
8868356
3814341
10074628
5020919
9391188
9449182
4782954
3335429
9975818
9678787
2152539
8579158
733305
6792119
9870962
1115741
3526832
9086449
6459955
6222793
8701267
2522490
2980272
6121611
8892023
6954142
1549676
2515224
9637821
1045290
9572439
8877954
9885373
7457685
1504674
7232510
4199632
8494369
3024027
4009599
3574130
4167449
4455747
9884474
8069861
9032755
8561625
8290640
5599247
8010312
6191153
6211040
9601789
8081418
5085816
9860306
5526990
9960031
9592499
8200191
9769519
4138197
7975953
8397573
8856211
8552264
1532566
4767201
1118456
3169452
4665426
8534017
3489956
2994686
7422540
1144035
3249348
926234
543090
424283
4862599
93747
4549454
9974189
4738644
9610761
3623346
9227568
7345431
6810466
449118
3510428
1589620
7926548
4820830
642525
8037365
3687890
7564184
5630457
1903142
6725446
9306650
8888437
521713
2691945
520339
5877197
6565113
4314998
2894993
1280154
8456514
0
8910462
7572405
5089039
9248955
6415088
4152771
6197659
1706412
103069
5855615
2936800
3317109
359141
8283885
8224632
7260116
7385058
5779219
6703263
9468817
5267582
1473319
5835656
3912093
2697961
6894774
7950749
3474520
1945203
9825627
6849270
10000028
3562314
3418166
1490757
7244839
9401891
7778834
7575448
9325477
3225804
9858144
5242803
1896577
9008570
3852763
5388930
2603035
1911031
2652172
6130919
9930122
6145691
1714282
9157
6595479
628511
6329836
2967632
8463158
6095227
4076115
283780
5941305
3506974
3195182
2971665
8738027
9205557
1912141
6939249
744642
9003789
8825388
7861273
10000028
5714091
8153773
7356350
1954309
7364399
3051931
6551520
2885304
3993734
5234982
3060945
157353
10109880
1516418
1223240
9981678
3492860
2150644
3786351
8067753
5138435
3882817
4582615
3266607
8748021
7826080
725222
5338180
7706151
7044924
8916435
3894162
2666680
4432676
3802975
5678805
3826321
9829565
7849052
6128581
9818434
7757973
7970432
1660288
7061509
7924663
8176814
1681938
2453860
81974
9813074
1717479
1894564
6280673
5453520
605537
2552204
6080595
3706630
2644285
4158328
8562929
2664257
889161
5678588
7013920
5597658
8989035
1343516
408939
3253236
4838833
702871
5954573
5277268
8461437
8961660
1497818
7627103
7855583
2081960
8429204
5149252
4435115
8214803
5439823
5588438
8733444
7818861
6176749
7245761
847005
330414
4664463
7724753
8543314
5512073
9433868
115621
10025565
8868546
5251906
9263356
9232505
8882718
5370348
200521
9695560
4528876
9050428
6308191
2666288
8507650
4648274
111390
2520969
8012535
2225145
7340083
8214195
4944109
4043689
6653545
9695419
478942
8089666
408922
5270807
8834241
5831507
2253040
5480625
5978069
9131095
9492248
6875261
5409943
9720702
6458983
2903175
8846202
2638015
5393667
867632
2873876
6274208
9526264
5995040
5978259
3558296
9530340
4970687
3037968
4273406
2887065
227413
10024838
5243298
5182372
9545474
5492479
2503835
7996226
7044904
3221623
3378810
7872696
9253025
6576152
9132364
2904981
1017843
4791716
3924220
5896929
7097811
2269897
889834
7818368
3172306
8692093
8628488
8515256
8837016
1239373
2259951
7827224
4255982
9049078
6685444
209276
9162447
9524717
7517040
6653431
7649295
7189779
5834647
3908915
649589
3397888
2484968
323883
3033858
7519633
2573239
10058629
1835172
4409993
2617012
10091661
957696
4019319
9699877
1996391
2259061
9966337
9711848
9103552
8171645
1453226
9268421
4457345
4161695
3674515
9815423
9735312
7280657
9098219
6307520
5015619
9507402
4532038
7415740
9103534
2364669
8581289
9218454
5838987
1067966
9377353
8475869
2419266
4192847
6724646
7021510
6403511
3217789
4271210
7323481
9039681
2562689
5212618
4533234
5841702
8043131
9786991
8599424
5922878
8235068
9857783
8232383
4353106
5670713
1113139
4317833
4042161
5380188
605992
3230637
6849270
4829809
7683321
1509748
7970725
6558687
6291172
7662802
2383911
2108356
9628216
8666094
7783905
9647473
9670103
9155423
5836546
5678377
1708320
5435471
9974468
2327910
2709021
4969586
1661302
2371514
4233747
2101492
329140
9032687
9834114
2852113
6171753
2971904
6804020
7913063
2198039
5608343
8577730
6340136
4759853
9320718
2909541
9362588
5331511
7301669
6644844
5105300
9543309
8657415
9886729
6413779
1978377
3209343
3279985
328350
975040
3285833
1983554
2438415
156634
4496944
1057552
7325486
7374830
9445089
9306687
3958459
2085920
6616188
6686626
861343
6750638
2958302
1006449
9897079
7867332
9444319
2254038
4915209
287979
2766527
7141697
7254271
3167796
6656642
7778834
511288
6460579
7954814
2902164
2827789
9906892
9612328
7436954
9080927
5060796
4199193
8759010
9043678
5718
4191969
10039541
7311378
4561497
9056434
1887003
8842088
3156394
5874121
3432305
4095155
2252068
5689283
4301489
3768375
3886982
9107049
4400416
3259905
6485549
8427522
6918851
4457381
8813036
4921322
1241007
3967747
6436426
6074157
3298956
6777074
9351010
7084550
8626039
232891
8495998
5023234
146097
5648678
455800
1997401
8246731
3683367
2099102
8611819
6334848
5095940
9858144
10087033
8565814
5021679
6157808
9556132
9754790
1331801
2726884
5207878
2297126
10074628
4025912
1142363
7128805
7916834
4378931
7734038
3618331
2257826
4023495
7939665
2083356
9276824
9866249
6235482
5476777
6287080
4666682
3649276
10011277
5958058
9350276
6506339
7244226
3259326
8710805
3229236
3511623
9378633
6780573
2778000
3727294
3853480
8170213
1955989
7579177
1247992
3898228
5503301
2538515
6735749
8965704
6241146
8149253
7945746
2634218
7637002
2110405
9342934
5311412
4044577
8777469
3670521
3337971
8313890
6145844
1117669
6780291
3365963
9281406
6046583
5989525
9870251
2608086
5561316
7772447
5531805
8780165
4860016
7856070
8290852
5917726
3288936
148860
3774924
3508361
405198
677092
913345
9505039
444084
8784670
4518216
6502135
3118857
2485734
7980289
459523
3896498
1437584
8674630
4899348
5599576
3609995
5845873
8870283
9098219
8622800
5421566
7289245
1500704
9989651
6758027
2086337
3828390
8769660
9498356
220122
7077733
910589
8665294
5017815
2249050
8795917
1908758
9097817
1945293
4751790
9939469
3711088
2324287
6839155
8670621
5880144
5599045
5809863
4266714
7551175
2611773
4251688
410323
5529189
1992359
670993
1275320
6905597
713979
7190688
8944653
2199140
5719152
4585022
7310048
3219484
8041807
6029474
2137527
7042351
7922706
1986971
9243829
6221643
6639030
3830966
10073958
9653656
2634792
2105277
4488310
9928
1142219
8513896
4259073
3655989
2166102
2713519
10107001
2470631
8603116
6164692
9264505
5621544
8849287
3555581
6477571
8937412
8105366
3642369
5686535
5849057
7453987
4281619
3697819
1127674
2406938
9608750
6090138
5122348
4283454
1899346
6900902
1477129
7537210
8442189
2543068
4427459
3760555
743071
8287577
8889277
2887923
1741999
1920421
7109797
3299582
7012793
8670849
4261989
8649306
5459081
6247084
1707366
2026899
872552
2751634
9422361
1068944
1023434
2327856
9118843
4786843
847010
612850
113060
3517933
9993543
9584484
2591290
5493936
4227171
316081
7113776
1781136
7490686
4747765
2750362
7091303
9391861
9430275
6263134
7864445
6739059
7281131
6598290
972662
3358117
4591613
6436221
2774402
7220853
7607042
8234238
4275362
1666675
9045581
3828577
4621006
6457262
6707334
7659999
4367332
5462248
3860597
3261308
1862897
7396050
9009174
3267963
3252388
1829739
1580881
8535673
4206267
1578926
5931183
8732208
9858103
2356560
2153155
6540505
5507280
8988674
2592887
8058386
7930268
4505678
4860737
5728194
153900
296992
7237509
2242909
6281647
5650941
1904839
6887206
6653533
7568074
8082494
2566221
2340017
4205321
4255980
1259119
9545897
9476952
9384624
8826506
5283870
3192065
9075921
8165592
606265
4290841
6100229
8807728
343354
4888776
9213462
2091495
1741744
1905212
6301873
7632662
4871495
2097275
6926213
6023217
247597
7864148
9882893
2785728
9831024
8448858
8382719
6581717
9841233
4938237
8631165
5320010
412234
9836362
8797831
7493062
7616108
9279513
7782859
1736325
8523497
10091661
8810523
4998721
3864389
9704149
2739329
4796523
1838443
1409149
1305332
6773685
62033
5747377
3431289
5697593
4605891
2063548
3201241
1602366
5772110
3923431
10090181
8997262
1453692
7146421
8814904
1035755
2966042
7999129
9259116
8833146
9467665
8237953
3756844
2475872
2593218
5022615
731877
1819187
6104913
2288943
8420111
10064677
3465688
7992760
6149189
1909807
3503044
7006956
9098219
434506
2769257
5722083
3926895
8897589
4315802
2819297
3481923
7336407
8885504
8485757
1712976
6656621
9911048
9410871
8091974
6640966
6892702
2209208
9333867
2342895
2475513
6863618
151340
5078973
2188162
7320928
4402247
9478889
7556345
7406844
7830086
5977422
5534081
997438
9192628
9148861
6208468
1741999
8825222
1877861
3791378
9891797
5287930
2065589
575394
2091102
6736012
9515368
8967160
9491291
3276974
3202717
286075
5676139
9758817
5220847
1107703
5752848
5730286
8782614
370003
1927402
5798217
2186726
8980636
9491408
8135274
3027962
1361761
3928844
6160531
5569685
6080040
304665
3242678
9743442
9263989
6337249
9514892
1045369
7882915
4295942
8552264
6819041
8249347
7751768
8577142
9958712
6851077
8588897
4538011
3796714
5635843
3668569
4269487
5709543
7830394
9334093
4988114
9951152
7508375
6286454
5884358
5918619
4970344
7664095
5791367
5125993
9955291
6263450
6699192
3341737
2420040
2843405
6999865
8657495
6441794
4915261
7238316
4318763
5242161
4507978
2260166
2795995
4276942
6637079
8269375
3377962
7905548
8892027
5547683
1775229
4582933
6175197
10003039
4192321
2429232
7760109
8127301
5059650
8702559
7225482
7625197
7736976
2784330
9621547
6531271
2557162
5721945
1227489
6480320
3109700
7584142
7135346
3894310
7097146
6090251
7687101
750069
2614848
9217109
9263989
2225332
1277154
7265175
9975794
5576616
1533996
9765531
3923271
5212610
9944869
2380171
7554038
3615767
3050429
3600440
8423878
8819136
10039541
6128751
4248954
3263834
9312430
3084350
8551430
7246912
9074063
4893579
2209774
4655676
7887353
6221771
8854581
8069993
1207827
1304842
1317870
3209962
7574584
4383124
4953804
4971856
4736470
3871818
6249652
4196804
9052183
7427407
6606099
6715012
9081398
9013348
6407541
2863821
6693065
3278790
887668
8337922
4710478
8130691
10033426
4002489
6137556
9966174
7030031
8238865
7944127
2545984
414852
7560576
8892561
3019878
8018770
4594013
968727
6263682
9527296
3594655
8253513
7079556
4047262
8795900
1933349
8224603
8301831
8282656
7647406
7279543
8216369
10049197
4196240
8938262
6052855
8223510
4814291
8296608
3850057
3579483
9174311
7797844
9954918
6264496
9303210
6311413
8075242
3742238
6938784
6616404
6793854
3073101
4428584
5819043
8436014
7158290
754784
8089461
8270747
1024311
3700863
7719643
1081010
7013380
7893756
3705970
8384976
4430862
7008547
624677
5750299
10006045
6484753
9987839
7970026
1007723
2042587
6303121
4354247
9768913
921236
7089240
3242500
9815987
2411612
3853958
6109421
8610870
2062495
9288900
4130665
7636769
3870338
3209828
2041361
2790320
4853297
4864784
9251960
8632756
4628787
6293163
4267761
3200999
5230887
6046583
7611447
2371371
6054678
4053063
2406293
8025099
4884138
6429567
2860100
1578117
480108
9066753
2652755
6281647
8280204
8649999
5139960
1098483
5772459
9994513
3312092
2447615
5687915
2388727
4861690
5971945
9923821
2141280
5930945
3118447
1611315
8962667
789798
10121030
1937134
5497932
3402893
3796612
3624756
4236178
10002357
7040493
4836574
3666996
3386774
8102965
1358315
4335940
3414436
1980751
8541102
5156329
7401172
9673687
273864
4867309
3901093
2789685
2954708
8131875
7871361
3024742
9790118
8905421
9388025
4999986
7175938
9694551
7864445
10046741
676099
8219382
7205634
4911819
1997464
3112543
3847713
8016907
7119909
4357093
681053
7019169
9974189
370303
7941124
9391188
3716337
480845
4643058
6046583
7614747
6552517
9809746
1996655
3313206
528593
6426026
147266
6301560
2782912
7457147
9639313
1272225
9739986
2218933
7286859
93213
9099675
1814232
1435154
3500928
9523552
1456815
9871388
2394363
6059322
1824833
7533449
8173066
4726855
9225261
2432199
1093750
2567622
4550193
4600799
3212947
1373373
5562848
9208271
5926272
9221403
9752005
9761011
9331527
6085641
7190861
9620461
6871901
1024940
5865026
9373274
684837
9856225
8356909
4255617
4096796
3794783
2585248
7230703
7258068
5654453
2306458
2670132
3790124
3191011
8012273
7464036
7675105
3492653
10791
5126504
659064
10099638
8278281
6932869
4619346
2193876
3706059
9087566
489088
3152293
8468712
7599513
3866132
8960219
1064821
9474522
2493002
7465709
1814719
4981072
5287880
796350
3413572
5491759
8885071
8736483
5916345
3258485
8474548
7095065
4944682
8457484
2901894
8011353
8719226
10034462
4935576
4971124
3830232
7599642
2645370
5736576
5072313
7945785
1745437
2321494
4670484
1875371
9438532
8503624
6186631
2345552
9755302
7398591
3442355
7709467
9998765
6058800
7470009
3847281
5231813
5168230
6141591
4816891
7616108
4181930
4289314
4277265
144566
3676108
7927424
9677382
3829349
5464894
6982146
5257690
7780796
4833886
2899562
788044
6949180
8805995
5473139
9605268
6721787
4236112
8174733
4433122
4473880
8048939
8383845
4241296
3810584
4906440
2715425
6847709
7047673
9520228
10036229
5117188
5817966
5856324
1487119
9019909
6674657
7277833
1360273
6378499
6910514
8485653
5838354
6010977
2086160
7086316
9943154
2160571
6525969
7087374
2188660
4534777
6834672
3138364
1373173
6808674
947197
7796512
847687
1417084
1465594
6514296
5101755
5184318
916051
5996249
9338745
7089240
4955681
9129511
5212929
8860465
9672500
8262189
1568419
8265778
6331015
7459314
9828963
8632116
5977026
7898286
8705766
550693
5728609
8153905
4942293
4575509
8972563
8258256
7087614
1384871
7223137
4155708
7471287
7121395
2330636
1826645
9675734
6235157
3933252
5039300
7057911
9217109
5091107
9886729
8719226
1950748
8693334
216802
6270084
6699192
232438
9953038
1208457
5486277
9391188
5768512
4637074
4767243
9754790
3107605
5856397
3449269
6616774
8541071
9390739
4559469
8228668
8614788
8356270
5268075
9427199
5777695
7723377
6181599
3940293
3371178
1356472
6751298
6728811
444633
4699558
6215702
4844615
4145391
7347283
7023158
2047920
3583952
1613355
3714161
7105341
454193
6380875
3471603
5697570
1614568
9337879
9897079
3238256
3271253
5453162
6076773
8411493
7033216
3982895
9219265
9812004
7705418
6103608
5750299
7494857
8098474
6894589
8949117
6126240
5169659
4586793
9140006
2127591
3400849
9918613
5129806
2995234
2169174
5359158
8178319
8351063
6399339
8092075
1380498
6313396
3908355
4304487
1684153
8983857
10107001
4509712
6534895
7066914
1580672
5744152
472359
9870040
8041504
6724523
7972672
8377952
2014429
2458902
5364353
400742
101165
7679970
9678787
7553648
9140512
2649169
5519700
3423785
6720994
1843517
2506519
1141536
810727
789193
7319001
1811494
2457340
6698666
9137307
8306560
1629292
1125279
2291126
1397593
8165592
5136574
8737450
4023680
2895337
3484203
3615568
1714064
1155537
7010824
7290552
8461576
2365493
1977831
8964600
9037109
6415670
6048334
8946091
5002707
4226674
6715256
3063047
7347283
391782
6469936
7030674
2339157
962762
1664645
1544147
3504369
5308137
1082945
2831694
3286974
6932116
9845776
10106732
5250287
9665073
7072064
9974189
7064573
3266200
9572059
3671717
8436014
8945983
913345
4274872
1780663
6028453
1658074
5254482
3544510
7774272
2112831
718297
4982735
2794960
9647950
4594815
147266
6325543
3563899
5665445
5163011
4939826
7385012
3460158
8221487
8111504
3120152
5841702
8596235
9227568
8079309
3362040
6213795
4427026
6728767
9392258
7893125
9310460
4057317
586423
10054377
4978935
9960031
6741053
3408744
1544912
4927352
2447592
9384814
8365815
4045504
7179623
5312430
4380253
7785900
6296936
9596263
16536
5416494
7954910
3901093
6275413
287127
9564623
3859512
9437318
7023436
3561714
683289
2424284
2739193
7162783
9751836
7616108
5194170
6941260
5911143
593838
2808652
8337406
6607506
4229566
4301696
4649985
5825684
790634
6021215
4851351
7628053
4791359
5086073
2942158
9016951
4806439
5911143
8818893
2393694
3235153
4515464
1429920
5212306
7995703
1815263
1149149
5114542
9042966
2867791
4593593
5132273
3453797
4728503
6070180
1298597
7629495
2642187
7975923
5580734
4326203
1067227
6553208
586253
3333211
3969686
8137858
6329659
2342435
2099766
6797627
5942378
6523024
1921035
9029836
5969758
1202331
9916328
7685453
9312051
4973957
9910664
4376718
6000139
8296608
3958743
406681
2007183
1434110
5315028
801530
6982146
9309932
6306932
6197489
3488432
2609025
3227882
7970432
8593503
8780176
4264052
9011516
4292439
9041048
2117546
6503529
251972
650215
4158328
4094693
1071874
1972096
