10000 2000 3000
4365 5358 4483
688 9663 2971
3351 4230 2410
3613 5763 9955
6585 7700 7776
2524 4517 3226
521 7490 9435
4175 7764 2140
1827 8404 1786
1576 2585 3103
1426 5503 3438
169 4107 770
1596 3788 9582
968 3086 6779
7533 8354 2174
626 1749 9747
1763 6824 9315
338 8829 793
3660 7775 1760
427 2906 9556
640 4444 6992
1529 1765 2305
6021 6614 1735
3532 9068 4402
6146 9310 8478
1494 7655 5074
391 3445 2721
614 2987 9456
4621 8898 6923
6893 7258 327
3119 3811 5816
3419 5433 2561
3182 5292 449
6007 7357 2891
4658 8418 7849
6625 9649 5625
3808 5865 5332
880 8371 5754
4353 8954 4116
188 431 5918
2984 4080 6050
2611 7660 1351
762 8726 5554
1126 6419 5854
4581 7284 6570
3540 8464 1397
417 9110 6454
201 1082 9432
2229 5126 9592
3678 5838 583
813 3946 1350
3036 4881 2791
1802 5041 7488
4880 9734 6889
5217 6604 8942
2735 3188 5669
6190 9930 9505
3401 9911 3226
7473 7548 8781
6096 9408 207
1827 2613 4216
6272 9515 5935
630 5270 7985
2850 4309 8381
9952 9955 5718
3101 7119 2837
3742 7385 1961
749 4308 9410
7021 8152 216
6746 7103 9805
4722 5297 8845
1428 6224 181
4417 9851 6809
3281 8943 6021
5698 5732 2757
2809 5933 9795
3492 5012 981
793 7159 1093
849 2740 6039
4450 8887 6017
2402 5492 9444
491 6950 7336
108 4537 6195
5685 6169 3345
2785 8710 4528
1562 4927 5931
1525 1719 2709
7109 7784 2657
7281 8343 9491
1265 5213 8977
44 7060 820
4184 5116 6391
4975 9808 7034
2345 6686 8900
5018 9467 2789
1490 1772 7515
2507 2979 578
2147 3113 3389
4673 5049 2375
7085 8198 4486
2280 7185 813
5265 8513 6563
4535 6778 4716
5826 8335 4654
5929 8961 6525
1020 6961 7251
3483 4252 8664
1195 3232 8754
4256 8033 4291
1657 5144 4670
1334 7088 9288
1616 5943 6474
1464 8938 7459
434 6665 7798
103 1321 166
2466 9282 8092
147 5163 7752
2133 2819 7187
913 7211 1337
1903 5569 6917
5692 8000 4825
5631 5653 9979
2669 8991 5151
1504 7970 4102
5625 7294 3941
1154 1429 6306
6415 7293 1733
3828 9216 2685
5706 9470 5003
638 7903 5419
1160 1990 3950
4932 9357 9001
4387 6279 8267
161 5881 8242
3671 4823 5417
5187 7561 6587
1352 3630 450
5418 8634 531
7786 8162 9066
4464 6556 6830
4845 9541 9538
4429 8781 6072
652 6014 8677
246 2552 7344
1662 9138 9607
4392 5698 7068
2405 7984 6427
6662 8715 7970
153 1426 8131
2863 5538 8437
3679 6151 392
7347 7761 9281
3382 4221 2506
579 2554 2282
6434 9045 2955
2078 7694 7852
1381 3812 939
1760 2516 727
3151 5252 8801
1560 8086 7457
437 4582 6346
3316 6399 3910
7845 8612 5461
3270 8660 3415
1544 7048 3259
2523 3903 4603
7443 8824 1207
8296 9938 1382
5620 6845 2259
3484 7457 1697
6396 8609 7444
1212 4924 8924
5082 8388 8934
4543 7777 2403
2051 9853 2345
6899 9666 2730
1561 6501 2275
1989 5989 9965
1735 4100 2843
4596 7427 4146
929 2072 9986
2666 2715 4265
686 7524 826
4776 9838 9750
1289 7725 1682
4482 7528 8617
988 1035 9061
3040 3584 4639
338 1240 7191
3139 7455 9428
1237 4583 8650
1928 6067 7765
1100 8945 2869
1779 3135 1127
863 5144 6320
1752 2193 2439
4533 5358 6399
461 7774 6519
2226 3602 515
2954 5139 7242
4809 9893 3134
2016 6913 8721
1660 8258 2770
2311 9416 7714
284 1643 4828
1011 2192 7100
6067 8273 4763
3051 9919 2186
3373 4515 1183
2522 6306 5939
6942 7064 5369
3449 9415 2188
422 9077 4978
6579 9421 793
2733 9163 5619
4042 8778 2455
5854 8405 8502
2580 7020 867
48 5552 599
1375 7404 9420
4537 9097 163
2677 8083 8625
390 470 4829
9209 9572 4771
471 6695 4505
2751 4566 3276
2753 6448 9195
6153 6574 5725
702 9457 6219
2893 4838 6303
1668 3684 5734
9051 9298 1160
504 4571 606
7736 8246 1197
9226 9396 8886
6319 6365 4562
8250 8936 5392
5611 9676 473
4951 9226 852
2487 2728 9397
5844 7772 4666
2630 4989 5192
539 8333 7407
4332 6474 1198
617 1002 5114
561 8404 5599
6706 7891 2967
1823 2327 9312
1454 7872 4593
803 9048 7107
1474 5941 8574
3192 7413 4944
3537 4315 8055
612 3843 6422
5462 7184 237
2399 3570 1802
3001 6977 7622
1900 4898 1807
787 2955 896
813 4575 9044
1027 1745 8263
4273 7762 7097
3186 5710 8944
501 7185 2369
7616 8349 1744
2630 9794 3068
2934 3574 7378
7219 9106 5285
1984 8276 7212
9361 9927 7557
1515 1582 6301
5010 9418 9556
1934 6717 583
4767 5847 7450
2195 9174 6357
1080 7747 574
4873 8030 6070
8356 8800 8466
3053 8624 5496
89 6962 5307
1940 2639 6309
2685 3239 6037
731 5471 1214
387 3990 2619
6368 7646 8295
327 5869 2935
13 4889 4307
7927 9734 4007
2306 9647 6181
5494 8587 7165
2036 9070 2963
194 6233 5229
1156 2070 7740
2378 3483 9020
1534 4462 5695
4892 6437 5803
262 1988 532
4961 5369 9913
6294 6597 3013
5689 7345 9966
936 7911 1985
7482 8922 2914
325 5839 6381
4369 5722 7589
5383 6429 6599
4367 8944 1286
6862 8521 4612
4731 5656 4123
527 9560 2958
1801 4401 2938
7186 7735 7277
8552 9624 6003
333 4792 5921
864 3787 7421
3306 4933 2421
7134 8180 3513
3234 3401 2082
2945 4321 7567
8528 8967 4913
5802 9460 989
670 7422 8828
3850 6902 3954
2194 2577 6372
3111 8846 454
3832 8679 633
858 2665 3539
6049 9148 8275
8528 8551 6089
3199 4274 5452
1039 8029 2493
1897 7030 5099
705 8609 820
3774 8210 4361
4860 6268 5672
2647 4325 4046
5832 6552 5677
674 9736 7888
4970 7414 8456
1771 4070 9925
488 3852 216
4321 5221 6485
45 7533 4359
802 7803 3703
4352 8369 2433
1471 9903 2370
5735 9585 8302
1993 3623 3291
7242 7836 9791
944 5045 3824
2909 8474 6684
2429 6790 1753
4896 6890 2049
6436 7785 6112
2448 3298 1532
7699 8296 447
6394 8707 4776
2764 4090 3949
603 7186 4319
3181 3527 1759
5756 9492 1939
1483 7754 5615
3365 8195 4576
826 3800 1418
3670 7526 7182
8205 8577 2876
6215 6559 2118
3791 4449 8233
5390 6008 6841
2354 4620 5842
6877 8033 8538
6584 7594 9741
172 4461 3805
1497 9119 9224
785 9994 9533
3973 4790 312
3031 6153 6585
8575 9738 719
2265 3347 8038
3830 4927 9352
99 3666 7977
2470 8863 9028
3378 9434 4222
6912 6915 2935
2269 5849 4915
1569 9605 3056
8789 9402 4077
7988 9504 8576
151 1690 4744
5994 7428 4013
6665 9753 4889
5797 8420 4213
1228 7193 897
2860 7039 2762
904 5668 6883
1137 1703 9589
173 1640 910
1307 6530 1233
840 6954 5684
167 8093 236
418 3029 9121
5487 9039 6262
5308 9567 9148
1433 9274 8012
2083 8487 6480
3880 7357 3751
1582 5527 2516
333 1680 970
3988 7159 2354
28 9511 3041
952 2142 2397
341 533 9028
1073 5951 182
4719 6418 2505
4647 8337 2847
5790 8962 9786
1855 9633 8659
7975 9247 4051
1439 8694 8940
1381 3307 9048
2004 6242 1299
8168 9629 6139
517 3944 4198
954 4498 9543
776 4283 1982
1862 8626 368
2055 4176 5071
4554 8658 692
1833 6810 1242
1845 2374 3986
2001 4754 1196
3766 5955 9269
3490 7421 5325
1391 2301 9265
469 675 6542
427 7224 9039
7922 9187 9578
770 5612 9187
3861 8937 9786
2906 8524 2010
4120 5108 3055
2071 6218 549
4049 5541 3159
2728 6135 4117
2075 5581 9185
3111 3747 1948
1571 9807 4567
1970 2828 9809
268 8019 8927
7567 7823 4227
3427 9174 6466
1267 9787 2428
6500 6999 1852
934 1758 849
6470 8973 4994
89 1669 2096
7366 7979 1651
956 8920 5429
3836 8086 1850
3651 7603 361
5956 9637 8578
3070 7365 5037
1389 8854 9999
5849 9804 1586
2353 9394 8135
2180 2543 2787
4613 5507 3088
4924 5993 7991
2461 5887 5256
1880 6064 704
4308 9415 5326
4067 9790 3243
1206 1558 3777
5069 8904 7260
831 8049 6038
7310 8839 567
6111 9911 82
3090 7038 1272
5091 7266 3478
469 3632 2448
2763 7499 7291
1003 5026 1554
3088 5001 5739
1019 5987 4920
1209 5220 2221
8699 9804 1386
154 5069 8921
7734 8026 5375
1624 3231 9343
5145 9202 3201
6333 7294 8196
1092 8035 3096
7195 7244 3680
6379 9369 9770
5779 7839 151
8723 9666 2734
2864 6520 2871
2588 7278 5143
4471 6894 9388
1160 6082 4902
1816 7460 2263
1743 6704 9307
4931 7826 3116
3392 5558 7362
3605 5015 2984
2353 8665 3433
432 4350 6877
2384 5931 7164
4506 6926 8897
2592 2957 6803
4707 7301 1701
3716 4038 6138
1164 2221 2031
4596 5635 4871
7540 8769 1493
3792 9851 6939
2994 7114 7342
222 6708 8256
8430 9224 1438
409 4686 6729
4479 7742 8157
1903 3568 5406
2864 5866 645
3007 4165 8098
2353 4022 3356
2131 4923 8361
561 4844 3995
3554 8819 8658
4621 6424 1782
1701 7548 2260
8869 9865 3181
5079 8754 7755
3393 7254 14
8938 9378 3380
2799 9833 7158
1903 9890 4900
2111 6172 3155
916 1004 6630
6195 8179 5238
4805 8800 1907
7001 8511 6511
4057 4889 5492
7789 8372 8721
1971 8817 2
2481 6602 7985
5206 6462 6110
3735 5941 7709
1288 3124 3215
2512 8490 5994
1722 3269 6817
1857 5643 2565
4199 9610 4076
5621 9774 77
2327 6416 7082
4106 8205 4664
6744 9885 8214
9301 9486 5085
3451 8351 5351
380 1749 729
2333 6250 427
1647 7843 8739
60 770 2088
3948 4622 6262
1577 7488 2393
1365 7787 5716
1544 8701 1384
7255 8167 4457
1578 9757 9088
3060 7032 8976
7947 8810 8410
544 4581 8697
2308 6494 2704
4231 5815 6823
7797 9362 4485
9366 9740 9393
929 4967 2295
1641 4683 4562
6055 8350 392
7196 8997 7382
1757 2091 8129
1961 5341 8209
5243 7204 6579
2869 7887 6576
3626 6241 4757
4051 4224 400
3735 7767 239
1104 8575 9829
677 7418 8254
2981 9069 6422
3351 7197 9393
6864 8799 7781
4642 7453 1980
5607 7165 7205
2875 6934 8239
2400 5262 8549
3549 7704 1147
5929 7704 2282
1021 4186 815
1565 9424 9409
1898 3012 4464
899 4262 1080
6090 7209 2691
3129 4273 759
3592 9249 100
5333 9488 4079
6933 8794 781
4923 7677 1128
5208 9025 3075
2201 4200 5989
3624 7145 4155
5684 7560 2750
1310 7509 973
153 8181 3898
8891 9874 6360
360 8573 603
1987 5063 2757
3276 3288 3991
3121 8229 5895
7278 9291 4618
3011 5424 425
3675 6180 9975
1920 2608 9258
4043 4891 916
2405 6056 4819
1270 8182 6910
3549 4739 2947
726 3602 6739
8573 9185 7732
7569 9347 8632
1395 2387 2805
2947 7860 9161
705 5673 7830
1634 5549 1138
1852 9403 4399
7712 8729 728
1812 4352 2583
5534 9429 3834
7659 9029 4648
2558 6741 2181
4440 8922 9165
5653 6040 4809
899 8500 2510
3123 4174 6639
1479 7448 6448
473 8240 7628
6464 7195 3414
3979 8629 4828
3621 9725 6273
4309 4646 6973
107 6055 151
256 5851 4707
4551 5289 6408
6838 8571 3494
1705 4265 747
787 1986 442
2056 5460 3452
244 5647 3725
1345 5553 536
3700 8783 7614
200 6234 1256
4291 9336 8722
4798 9526 9443
4419 5422 9122
4292 9831 9495
2874 6188 3945
7373 9090 7671
634 9969 5502
5658 6374 6914
1950 2525 7602
3074 7337 4236
6197 9997 6663
1579 2340 891
172 1330 1359
956 8044 3274
3741 7282 1029
1697 4123 1332
977 7628 9846
1327 3771 8680
3598 4370 9324
3978 8948 8747
9757 9833 1293
1582 4888 5107
307 7421 8422
6618 9295 73
708 4822 4193
3549 7193 8337
4799 7789 5697
3524 8668 4581
1364 9015 9972
1530 8651 3701
9641 9864 6012
1274 2451 5062
1642 6027 486
643 6627 5507
459 2288 9348
657 4989 6106
1282 3848 7897
2156 5652 4324
2085 2972 6663
3885 8142 9695
3065 8611 5520
1657 5378 7753
1884 7831 2846
3929 7151 4614
5689 6130 833
3154 4938 5166
2311 7380 1464
622 9456 5174
6385 7505 6697
487 4820 5426
526 6017 9827
81 2758 9444
2409 7674 3548
4465 4594 7537
1870 5716 3190
2981 8852 6360
3726 5923 7612
3646 4080 7945
934 4579 945
937 4614 1013
3132 6442 4638
2804 5433 3259
314 8110 5816
1685 8680 5088
5244 7547 1453
7888 9171 8670
2137 4778 9181
3033 8713 9659
4126 7796 3395
7440 8053 8307
2211 9168 7142
3522 6671 9919
1350 7928 3068
1642 9388 4349
3137 7044 6187
4695 8203 6290
1898 5967 4720
1350 5568 3395
137 1584 4658
2699 3171 729
5689 7848 744
4026 9808 5159
3355 4454 2902
7542 7943 3895
2190 8516 8781
3570 7922 65
1066 9149 8202
1283 8413 1333
6552 9830 5463
592 3860 7677
1804 9428 6213
3427 4577 7735
1325 9683 7354
1170 4845 5619
937 4229 1674
781 6329 3124
5353 9516 2755
1841 6915 6477
7035 8222 9810
1112 7295 2132
2315 9256 5615
828 9472 4707
2023 6071 7872
721 2500 4846
4520 8658 675
5098 5545 3767
1155 8297 8529
2932 7900 9264
5965 7781 8727
3289 5099 4446
6329 7623 1766
5729 7644 8372
1543 3315 1129
1776 2241 7134
1597 5307 1930
7560 8393 3955
5685 8596 5590
5426 8833 7822
100 2064 5747
5566 7361 3702
1357 1659 2361
391 7189 1349
4412 7189 3749
4322 7259 9842
6527 8082 8272
1417 1743 1248
1121 4078 7786
7445 9238 9475
4800 5504 179
525 5188 4114
4177 5806 4826
481 1686 379
6058 8229 2491
5320 6929 6935
5861 7879 6924
1732 2673 518
3385 4648 3402
2389 7007 2655
1118 6796 2583
6014 6795 1171
47 6555 4305
5520 5534 9957
1343 4618 214
7251 7591 554
4674 5157 8087
738 4600 3771
2448 9545 1046
4532 6251 4678
5258 6929 183
2522 3785 1795
698 4429 3510
4526 9607 3677
1574 6081 2334
385 5001 7562
1289 2932 9115
54 6946 7951
1955 2653 5374
5909 9770 5594
4016 9961 4854
649 6502 9502
1113 5271 1454
3671 7712 9254
873 5256 7830
1506 4523 1491
5796 8095 9432
1895 9878 288
4919 9302 4529
2867 9428 1214
6192 7501 8043
1082 9400 7980
2843 4263 7145
5469 6083 9870
365 6726 4659
5420 9144 9977
8382 8753 9314
4175 9170 5198
1175 6651 7112
7169 8556 8011
3517 4013 8952
990 990 535
8368 9231 1828
6452 7956 6685
2456 9791 1219
9195 9712 8973
477 5977 5497
1671 2891 4012
5709 9805 5900
7622 7756 2997
5953 9387 8679
5837 9805 4994
421 1857 9444
1801 9633 7221
2731 2855 4486
5247 5918 6597
5371 7590 9756
3448 3882 1727
625 3645 9071
1563 2517 5009
4550 5124 6793
3453 8734 7870
5492 9595 6247
1899 3085 6138
4848 8795 1520
2389 2647 1671
950 5487 5707
1878 9131 28
7659 7985 4130
2785 6384 5085
1146 6584 4591
1483 7825 1371
2140 9891 4578
5146 6158 139
4205 8740 5721
5805 7494 6228
5019 9795 822
1101 7032 5654
5356 5882 8502
6742 7186 1683
816 8738 7066
1040 3078 3788
7495 8978 8280
3531 8275 789
6398 7056 2788
5060 7590 7009
2396 8271 3112
3089 6219 6747
393 9576 6848
2303 2824 8488
2235 3264 3474
8004 9259 4047
2152 5805 7097
3968 6233 9840
2815 3686 4552
4103 9366 8437
1338 4999 1440
164 7793 1538
2347 6256 7738
3499 4519 8567
4972 5600 788
786 9090 9173
3081 6243 5206
2480 3006 6273
3933 8135 4614
8659 9292 7092
2238 7653 7867
1626 9501 9886
1804 3384 5194
2141 4587 535
3878 8490 7154
3188 7273 7154
1467 2340 1682
321 7234 6424
349 3049 6021
1839 8491 4519
3433 7444 96
2905 9765 1938
1848 7592 3583
1709 8917 5162
1190 9230 6175
1769 6118 4816
1789 6330 4059
611 4434 3809
1808 6398 8295
137 6752 1630
4415 5387 9249
4817 7007 7753
6322 8873 2434
3348 5075 242
2141 8635 5541
1593 2163 4639
1447 8291 436
2769 2832 9172
1597 9760 1595
1222 7974 7105
3015 8864 8965
4676 7962 330
2220 5183 1737
857 3880 4415
4374 7346 8258
2210 6512 7782
2524 7114 2155
6693 9156 7620
6098 8355 7029
4304 4945 801
6401 8763 9764
1950 9704 3485
2864 5246 1892
2853 3864 3203
1861 6475 1442
170 953 5969
3831 8289 7985
4700 8425 1643
1495 2270 7437
8465 8694 3918
6032 9272 9500
4275 8930 1869
3493 6106 4944
807 9301 1137
6255 9114 1410
363 5336 1209
468 3679 7232
1680 9872 6108
2584 4364 4091
3409 8538 7750
986 2603 2712
2615 9791 7431
1873 2142 2581
1673 2583 719
1129 3760 5737
2382 4992 1980
1023 1955 2576
148 6506 3650
2069 6929 6385
1623 3041 8349
1195 5809 1646
5065 9974 1260
4585 8719 119
1465 2051 9603
1178 2126 3926
2114 8700 1629
6364 6861 5209
2108 7180 6249
509 4496 5833
576 2143 7299
2127 2275 7124
1446 6112 3486
6203 6522 1813
28 9397 9403
5449 6777 631
308 1843 8117
3239 5822 5280
8115 9617 6647
2404 7577 3564
5729 6382 7731
3270 3327 9787
676 8271 3982
931 2115 9733
4916 9596 8023
3458 5577 5263
4412 8574 9294
322 7145 3180
3132 4499 3416
14 5114 6117
1370 1761 3803
1583 9546 9080
680 3948 9266
7464 9679 1067
7130 9212 5859
3004 9894 3189
2782 3567 3380
2407 3773 6505
7836 8663 326
6897 7617 8255
454 4417 4641
2895 9890 5166
716 931 7636
6097 8435 9278
2165 9543 657
3678 6783 5304
2186 6044 3543
6669 7795 1985
5537 9803 9582
3255 8010 8342
3762 6937 3370
2342 4547 1540
3736 9032 4689
5078 5636 7058
3828 3874 8394
1794 5121 7452
5934 9098 2329
418 6031 973
2882 9597 6910
4763 5048 8567
719 5721 7790
2250 7567 6922
8815 9800 6998
6033 6971 3964
2963 3780 2360
7898 9539 1777
1223 9341 5699
3396 5818 8263
1685 2691 2022
1764 3592 6127
980 5290 9811
7315 8157 7868
5327 6446 2675
2836 6069 4101
6678 7990 265
3680 9805 8127
2974 9740 8761
1891 4333 3363
5619 7477 8404
311 9322 9598
692 7606 2766
1911 3692 6688
6827 8957 3152
4115 7258 9714
1018 1085 9580
7151 8642 3987
3603 9320 5760
766 4994 6935
3724 5940 9176
3833 9818 157
3149 8946 1282
949 9185 1151
4197 5881 6720
4432 8644 7049
3011 5923 559
2055 6512 2897
5174 7907 396
3213 7975 4078
401 7490 1182
132 3913 1990
4585 4849 3418
3293 9635 2855
7387 9054 7891
2096 3773 3686
2237 4141 8476
4721 7383 9368
708 1475 4740
4783 5607 862
5537 7973 9215
96 4844 4447
4324 6001 4775
5247 9962 8577
4131 8347 3467
409 5971 7355
172 5273 5496
5412 7774 7689
986 6803 7030
6454 8619 1365
1593 8909 2964
6506 6753 1457
5130 9241 8107
1321 9069 9280
4762 8233 321
3649 9318 6865
7949 8633 6983
3801 4089 4489
7806 8224 1547
240 2197 3695
8563 9714 1453
2376 8752 3054
9118 9385 8845
5176 8572 7840
4851 6205 1892
5815 6992 3738
6889 9713 5570
1895 8501 9630
665 3038 2555
14 6533 4315
735 3245 9217
717 1553 8014
2673 8633 5374
142 5923 7273
4275 9672 17
2438 7309 718
5760 5870 1369
3596 5313 8261
2557 5596 4228
2112 3264 1239
2124 2688 7238
1337 4217 9784
1545 5395 3933
1809 4192 5346
681 9108 648
5792 6569 4000
3427 9745 1443
5941 7448 3820
319 4087 7353
5102 5663 4495
782 8761 167
2729 4456 5359
6788 7638 149
3721 7432 6531
1931 5172 8499
5942 7939 3974
5184 5678 6976
5888 7747 2100
3115 3234 4967
309 9921 9624
3183 3887 8504
1204 8093 1062
8030 9048 9255
3955 5772 2396
6897 8450 627
1024 7939 7026
3987 6664 9129
5007 7522 7600
6321 7346 149
329 389 3148
5282 7073 6544
88 8700 2828
4994 8219 8846
5100 6073 8185
2155 3094 4962
5610 6095 9897
8261 9567 9316
5991 6263 4262
1304 6041 2161
6992 8164 3226
3259 4829 1636
7144 9371 5216
1723 8904 214
7573 8231 8217
5213 8364 7825
5058 5347 3285
3682 4472 4611
638 9778 5210
5699 9928 9739
4356 9497 7705
7000 8821 7574
58 933 1400
5831 7002 3413
993 6699 1443
624 8407 2872
25 9623 7209
1946 2844 1895
2307 2759 5678
6645 8631 740
3737 7846 6351
2676 7889 5924
5800 9141 8016
6718 9597 5244
1997 8320 7564
4527 4776 6286
4465 9388 6163
5093 5536 867
4744 7397 4312
1315 4121 6500
1013 9581 1913
2545 6804 7184
3596 3618 1229
3793 8533 3000
3718 8406 4175
1113 1336 6336
1550 2505 5910
1226 6330 3406
4101 8329 4480
1291 5305 7959
1619 2614 7985
5083 6901 5185
1670 9764 9898
2488 9945 4426
636 7771 5377
5388 7654 7289
4035 9299 5591
1155 5610 1767
1154 9364 5278
4559 7059 6958
5487 6941 3544
2256 4610 4782
5954 7420 5385
209 2769 6032
29 4769 1347
271 9536 4689
2280 3337 1765
4153 6887 6338
2554 4636 396
5491 9448 809
174 5379 530
3813 9858 1377
396 2668 2581
3557 5246 7633
1113 3983 2549
2522 4519 3
1091 3119 4476
4103 6917 5270
5131 8732 3672
3885 6122 9739
3472 4530 8296
2500 9800 8361
7370 8848 8123
6484 9064 219
1051 2752 8589
14 3077 4555
4131 6052 4627
6573 7431 2940
3668 5034 9950
591 8866 9560
1182 5291 5704
1333 9253 3090
887 2790 8574
1652 3964 9009
4994 5338 9965
8221 9770 8455
728 4652 1940
8134 9551 8757
531 2747 5334
2072 7574 2397
3244 6275 3638
2033 8309 9676
4780 6982 1128
2000 7704 6632
2317 9811 251
2841 7408 786
8648 9464 3578
917 7508 8543
2419 8738 3498
1936 4591 8451
4002 7515 2379
518 5828 4095
3360 3768 8356
3289 7469 7050
1230 5659 2582
1580 9287 988
4911 7236 3040
5274 6649 4633
8403 8548 5820
2633 7066 2456
962 8309 6825
1179 8553 289
7817 7931 980
1952 5422 8603
6996 9359 2866
4769 7504 2125
4143 5694 3595
5777 6889 2574
1099 3603 7525
7443 7630 7593
5254 8891 2475
660 4763 939
3023 3063 5578
5918 6780 2464
1476 9031 2231
6401 8847 8696
348 2302 5664
1406 6667 31
4549 8490 592
1727 8418 3793
3348 7449 8672
230 6292 7907
3254 5354 8828
368 5271 584
1110 2118 7010
4149 7153 6673
2989 9939 6334
2425 8843 4034
804 1839 1558
1977 7579 2588
857 5802 5495
4734 6793 4671
5480 9543 7658
2882 5164 4789
6759 8629 3470
2760 3207 8967
3491 7585 9837
3516 5485 4247
1711 8648 3789
2908 5077 8707
6100 7400 3530
7242 9152 9902
7727 8265 7749
8264 8637 3638
827 3126 5476
4436 7070 2919
6644 9770 1905
86 9174 8676
5433 8030 6274
6172 6970 9563
6775 9916 6765
331 2749 1815
9442 9683 8889
89 4820 4793
4582 9441 4264
2596 8833 9044
8171 9898 6975
2810 9718 3359
5065 7708 1413
773 8919 3792
252 6621 8580
1976 7607 8574
6063 7774 2435
4706 9616 2167
4472 6267 5595
3340 6317 5185
5487 5868 2880
1417 2248 2559
4257 7897 9790
634 9989 7661
5929 9666 4371
3013 9116 497
1711 3754 2710
3182 7824 5377
616 1941 271
3183 7707 7933
2555 8012 9788
2235 6183 8513
3416 5128 9017
2225 8015 6920
2893 9411 3014
3775 8520 9517
1544 9150 9792
1825 8763 8997
3063 6980 2612
2643 7366 6707
2033 6000 5481
2314 7420 3279
6925 7272 4831
2634 6719 4484
26 5452 5960
983 6772 9850
5973 8199 7682
4343 7501 4833
5605 8272 1697
6683 7670 6147
5710 9952 6850
1556 3165 7862
8323 8596 9226
657 7091 2973
992 5121 6711
127 5395 7549
7456 9666 5997
166 8043 1226
115 469 4324
3935 9989 3472
1191 9403 5408
1636 6256 2064
897 9393 9115
3040 5315 1449
4733 6642 201
867 2446 4998
8561 9311 8855
309 1751 4862
1161 1255 2852
1175 3410 4834
1951 5514 1384
984 4549 4848
6810 9054 3898
4127 9004 7250
4020 5807 8013
1701 1716 6088
6957 7364 3565
290 6041 2656
4920 6879 6643
7019 8792 945
3067 7627 5738
2140 5339 6770
675 6129 842
258 3195 7447
8 9887 8542
8950 9384 706
3297 9820 5112
4793 9286 4444
3120 5722 1897
2715 6191 8788
2967 6309 3742
1258 3238 871
776 5202 2574
4215 5244 6680
3679 5306 762
3329 3463 1221
2555 3442 3408
2157 3978 3951
2954 3312 5847
422 4447 4948
513 2101 1166
3636 9497 3144
4485 8036 7822
9326 9595 537
4326 7322 597
803 7011 7322
2989 5756 1125
873 4624 9495
3796 5462 102
200 6784 6910
361 4104 471
6612 9826 3472
1037 5295 8591
3605 4786 2224
4585 6429 8984
2249 8168 5240
8113 9573 2530
3480 6841 2358
4164 4317 8002
213 2821 3496
1736 9882 7455
2066 9674 7536
3340 7419 7457
71 4978 8399
7323 9510 7417
2207 8980 5748
2700 7832 1384
3336 4586 1570
475 907 4252
4259 7651 5091
3136 4273 1713
3412 8986 4301
531 4438 1759
3847 5002 7886
1172 7238 5524
3463 6000 9813
4167 9276 8288
1804 4136 6700
7515 9001 6866
1398 8620 9463
4463 6397 6891
2359 3444 5396
2496 8427 4556
477 8242 2149
6447 7935 1140
478 1724 1200
5555 9055 6437
1196 2730 5339
2871 3715 798
4192 4716 930
5510 8524 7854
3320 5119 2931
3021 6047 7312
1139 4779 1422
1741 7808 5400
2565 6020 9806
248 297 1445
7243 9805 6124
3509 7059 9645
3448 6214 1696
3010 5238 4298
3752 8387 4707
3131 6137 6528
3786 6270 7689
1153 9775 9641
1774 7728 3132
6499 9403 4084
5062 8940 3958
1472 4672 6477
1175 6976 8793
6170 8493 2240
3490 5503 5983
8094 8795 2923
1736 9966 3979
3494 9683 1328
2371 7290 1142
248 2451 2117
919 9844 6300
906 7754 9141
4681 9455 2779
804 5102 7898
7635 9519 892
1089 7088 707
1218 3945 1006
3680 9155 5628
2444 4477 6969
334 5372 9205
3480 7454 2012
3655 8432 1655
5334 8802 4162
1987 8612 9771
291 3517 3030
5566 9728 2052
4387 7723 1069
2221 7263 2946
4561 5282 1723
5145 5898 7243
533 2400 9282
2680 5638 9493
341 3391 9173
7973 9876 6665
1080 2785 1506
7346 8225 1175
3418 5280 4816
555 9175 3886
4865 8181 9056
2707 8759 7175
3787 9494 3371
2101 5628 8638
4037 7380 2919
653 8608 2129
1163 4986 6542
2215 2875 3728
2964 8185 8140
7595 8931 8358
988 9650 1929
3110 5846 6749
7414 9335 1723
2418 5296 7878
2461 7196 9684
2703 7191 6543
2812 5531 7759
6601 7029 5396
2061 8942 1921
452 7470 4538
7856 7899 9271
2221 4072 8722
3890 6274 8125
7583 9623 6682
745 1129 6361
289 3750 4190
1754 6345 3501
2697 5519 215
2398 7292 6841
3628 9924 1147
3174 4032 8868
6441 8456 6635
4963 5368 1484
3208 9796 8552
440 3573 8596
3673 8742 9180
1183 8145 4238
5515 6133 441
1631 2490 1443
380 8954 8136
2339 6609 3464
3760 9283 2122
3781 4261 6177
1266 2613 3132
1200 2756 5965
2367 2568 6348
1703 1871 3693
512 2190 6923
1865 5826 8555
1459 4493 652
3515 7775 6557
6985 7696 1364
5176 5299 9469
5669 7099 3677
994 5487 4369
3461 5070 814
4385 7309 9827
9162 9966 863
1688 4888 8290
3841 8783 8684
1345 7366 4810
388 6936 159
2448 8712 8195
2342 6059 7614
5806 7645 9220
5955 9965 7264
2782 5837 8665
1881 5411 8138
122 3055 8684
2564 8267 7003
1194 6720 5749
7603 8973 5281
1879 3806 5857
3042 8573 7132
3804 4516 5505
461 4115 7338
7629 8315 7898
6999 8983 6978
6897 8670 1243
2599 6106 8447
7244 8913 2642
4401 8194 1186
5502 7449 9339
6725 8018 9148
736 8435 2175
8224 8786 9580
829 6539 6924
3234 8895 3943
1905 6984 1490
7040 7577 4963
454 2216 1050
5257 5780 3343
4022 7821 243
5871 7269 4338
36 2841 304
2106 8431 6539
1722 3280 1736
2148 9778 2841
7427 8118 4672
6043 9979 9953
4246 8588 5594
3434 9223 9734
4306 8822 8843
5904 6659 3937
3314 6895 298
2384 8987 6552
2346 3481 1544
1183 1986 444
972 9747 1798
3536 9270 6111
7724 8702 7415
7303 7861 7657
7140 9997 3289
4981 6757 8922
4819 9859 1374
817 6562 7874
3266 9943 6657
6866 9288 1537
4723 9592 7747
2347 4432 6375
8683 9274 3955
2610 6791 6948
5086 9800 2212
1258 8287 9480
6975 7305 5132
1715 3258 349
4906 7448 286
1460 5047 2250
1596 4020 2927
693 3409 6335
606 9006 2263
4246 6608 9620
3651 5777 8284
49 3680 2183
544 1915 4909
2177 3597 2300
1164 2147 2186
6166 7561 9572
244 2555 8428
4619 7919 5632
5313 8635 2950
3637 8657 6681
1146 5740 2625
2507 4871 9896
3071 7654 4959
5249 6364 9711
2476 6744 2877
1597 6876 871
8738 8787 8908
1555 6206 7076
2998 3533 1407
1315 4748 7754
1983 6671 3491
4261 5912 3900
7323 8964 1147
5648 7038 7761
1709 3101 5814
2727 6210 7108
1150 8302 5298
1862 9293 3083
2235 9111 5398
565 3553 6190
4844 9605 4323
4715 5160 7741
5548 7533 6195
4978 6881 8681
1028 7919 3136
544 9750 1110
3057 3133 2976
3534 7517 5855
1384 7493 9205
4839 5477 298
1774 9525 1366
5554 7716 8916
8954 9502 1670
4702 9245 1399
1875 3952 7446
860 5575 7833
7980 8699 5818
6122 9900 6295
499 4844 4799
5630 8940 6242
1427 3941 775
4861 5640 347
4418 6405 4897
2036 8433 5026
1371 3500 1202
1338 2077 3569
652 4101 91
638 6760 7279
3687 5233 2058
789 2459 9250
352 6996 9681
207 5614 5271
5109 9966 3759
3350 3397 2067
2369 6805 1734
1874 3878 531
5200 9389 7146
4682 8391 7119
6492 8119 4753
1153 6541 7505
8581 8685 2879
3233 7880 6706
1277 5036 220
1455 2006 8211
3795 3986 3063
6391 9858 5327
2796 9923 7959
965 7139 8551
2830 6801 139
469 4350 6924
1439 4713 5375
5624 9323 3812
1443 3485 5700
8767 9998 4210
1850 3363 8621
436 5036 3857
6987 9213 7616
3249 6569 6458
5370 6586 6574
5144 9457 1449
3300 7381 7713
2716 7933 5735
7263 8148 9172
765 4982 1783
2454 5395 1992
6315 7629 2125
1391 8092 1455
3699 6043 717
8649 9542 8102
5732 9130 7674
4555 7038 74
4293 8855 5143
2530 7176 8897
4037 6287 2373
7449 8834 1438
5018 6938 4033
5550 6556 2572
5836 8849 4796
1503 7765 4196
4670 8189 8428
2187 4117 4275
1232 3383 5728
7291 8505 7672
390 2797 3672
4336 6258 8663
7358 9747 9294
5998 6092 6610
618 7174 8601
4424 7907 5601
9256 9616 2508
1400 3659 6338
746 7832 160
593 5293 9559
4493 6704 8668
1693 7099 428
3038 9535 4641
580 6290 2545
1970 5203 6514
2760 3635 8565
1023 7846 190
4761 9455 3638
8169 8389 8121
734 5985 8836
82 4094 2025
7205 7523 8051
6085 7725 6751
691 9593 3241
322 3636 947
1717 8295 160
8620 9973 9371
4874 9662 2529
2726 5910 9308
2265 7814 4273
3037 9340 4266
1652 1949 538
664 7944 4589
4559 6786 3631
4950 9555 7132
1740 3226 3043
7318 9927 8980
1862 4877 2013
9366 9635 8592
4899 8084 1905
522 8990 9280
3955 6852 5697
2389 7794 6982
5152 6198 2510
1180 4042 6165
301 8271 8331
4083 8731 5126
2694 7694 4476
4610 8475 8995
3128 6225 7135
5796 6607 8964
5411 8760 2483
5356 6818 8942
4687 7199 6488
168 9193 9769
1665 7441 3542
6989 7439 2487
6760 7929 6815
396 6282 9196
4452 7399 5141
6427 8638 2319
3462 9076 9416
5603 8343 7628
3167 4763 5475
106 2007 1299
4538 9590 2020
63 271 9705
8202 9645 5843
2946 4712 9098
1383 5899 1863
3653 6261 3348
5171 7101 6876
5420 9315 4691
739 4463 6727
7265 7557 5836
1029 8156 4000
838 2670 2635
1873 5183 6237
4238 5515 940
70 193 3745
1254 3182 5428
3230 6311 1169
4408 6956 3770
2091 3267 4553
983 3475 8502
4020 5289 182
441 640 8005
2749 6201 1146
5115 8079 2533
5691 8871 8643
1951 4290 1558
4775 5516 8430
305 2681 9876
6773 7972 1983
2765 5999 9515
2906 9792 9389
1039 8802 5096
6898 9111 9333
4840 9743 8783
3645 7020 6794
2910 4108 1074
1315 4207 7279
4514 5501 2168
1701 4552 3918
39 7560 4781
7656 9209 6754
871 5473 566
3733 7408 7294
2094 8974 1936
784 4264 8945
1906 4180 1353
4084 5424 4621
2507 3882 8170
4481 7088 4035
3527 5228 6540
401 2829 6116
6977 8971 894
248 6350 844
1727 2326 5187
3826 8374 1955
2774 9868 9847
1693 5917 9775
6098 8873 2118
3914 8077 5963
26 2772 9820
2199 5403 8585
7397 9603 8327
2721 6195 4206
789 5949 3330
7301 8788 2990
1713 3221 1900
9769 9802 9525
389 2641 9541
8474 9058 9639
120 9117 6442
5070 9343 4250
2219 7964 7941
6543 6883 7682
3477 6622 7129
7090 9922 5585
4559 5329 9364
1143 1731 9758
137 8939 3889
3607 3838 6728
489 3949 2838
8138 8691 9009
3923 6971 248
604 1518 7461
3049 3409 4635
2903 3042 63
2446 5130 9498
196 3438 2286
4816 8665 2046
2894 8072 8981
6149 9189 6760
2876 5612 2042
2042 9802 5330
1801 6395 945
2372 4890 2752
6680 8854 9875
5295 8627 9303
179 5399 5172
1048 7510 5839
9285 9929 9344
2945 8992 4721
2833 5653 8367
6111 9119 4546
3653 5498 7990
1285 4321 3190
2693 7406 597
2907 5981 1523
2608 7252 6816
2876 5762 4014
3741 7569 687
4138 7475 6849
1155 8086 9488
1908 8759 8930
5355 5405 3093
6958 9586 4976
428 9350 7626
8670 9774 5248
252 4601 6329
9520 9913 3439
7641 9079 1291
1296 3086 6344
2372 8543 2516
1236 1470 1259
695 1873 1674
2765 9946 5816
5141 7770 6726
5595 5846 492
826 4625 4321
8337 9204 4709
4029 9482 1585
2223 6969 155
20 1673 9303
6777 8217 5646
6028 9629 883
4121 9373 1079
7892 9643 5772
3129 9843 6139
411 3460 7081
26 4696 9945
1457 9240 4704
852 4104 2875
2218 4771 6821
8538 9462 7426
2157 3303 5391
7279 8877 8893
884 1120 7656
7130 9050 6595
2296 4583 5962
7759 8397 4464
3704 6836 3371
5775 6809 517
6076 9045 4464
2084 4255 4635
3861 5572 2850
3440 4655 2968
161 4254 5865
5160 7532 3570
3577 6690 771
2267 4902 7493
861 6465 7039
1241 3939 8500
5342 6798 698
232 6620 5736
6161 9068 7920
2332 8445 1454
5104 9925 4956
6290 9215 5242
6279 9367 5398
4066 6505 8133
664 6596 1692
1280 3577 3344
1184 6553 8824
1389 6218 944
80 6231 3088
1708 6431 8561
789 4277 4805
1047 1443 7652
1123 6444 7979
1905 5582 2273
322 9372 4393
675 6731 3315
1141 3643 8099
1877 5098 5636
1937 7166 1482
1413 272 821
1768 6526 7294
958 2177 4338
1163 1042 7005
574 9076 4281
1589 1418 6891
1609 1983 2322
1588 8101 1501
211 2239 3827
506 672 3925
993 7517 347
977 5102 6703
1090 2531 6757
395 1535 5854
1300 9183 4091
125 3205 9317
19 7728 8250
438 2160 7057
1337 2956 8646
1310 9694 1372
1087 4211 6505
1908 6770 7954
768 4196 4463
1360 7379 130
1921 422 5654
800 8390 1059
1280 3190 6041
1211 8885 3529
523 8950 2876
831 5374 9886
1702 1062 8659
1832 6508 891
420 8621 3311
1303 1230 4515
1838 4849 2825
282 7888 4632
494 7171 7999
1774 9608 3433
1101 9312 3606
1709 1704 4992
1020 85 1880
31 2648 1469
1768 3277 5866
1736 9767 2181
318 3597 5142
1121 4577 2451
1549 5988 3487
856 4432 7647
100 8702 1410
1761 8275 8925
1587 4150 1515
1738 4929 5601
1892 2584 6044
21 2269 9115
213 3392 6071
984 159 1925
1559 7599 223
986 2891 3837
7 6718 8053
34 9449 6100
1940 4565 7403
622 7008 8182
1774 2383 3465
375 371 4487
851 8844 3439
1034 4977 7145
1770 518 6908
1050 7478 9967
75 8395 3601
1358 1317 1463
1266 1482 4688
1642 6994 3363
946 6190 4316
192 3653 919
1649 2206 8574
214 1348 9871
963 5399 5741
1536 3026 8733
879 4993 842
205 1213 2185
1352 9189 4459
719 1835 4336
1732 2204 8397
1933 7663 7759
166 7548 6802
735 5173 7072
100 6627 1132
1056 9518 4400
1223 7494 5587
1059 3394 8568
289 9269 7991
976 827 2191
794 7183 1368
33 1068 1593
1025 530 1703
951 615 1331
1494 5661 6433
882 1642 7037
854 8385 4564
36 607 2744
3 5947 8016
883 1298 3738
249 9287 1408
322 6366 6521
725 7239 7706
248 770 3994
1636 6388 74
1268 1081 1822
1620 5042 6316
869 7472 2918
1960 6563 3072
1900 169 7924
1828 4323 5464
808 6231 9738
1229 2031 2583
975 6176 6941
184 9405 9488
724 6084 3379
506 4650 9885
1595 722 1648
564 9260 1500
1884 8951 1517
1219 3228 9222
991 5851 2804
1517 3755 9860
1806 3319 4539
138 6883 7909
114 3002 8503
531 3169 6985
534 9081 2690
1506 6537 9583
209 8315 9593
1006 6654 9967
1203 9108 5644
49 5444 7882
1867 3027 5058
1584 7382 2880
1929 1840 4020
381 2280 3130
88 2941 6506
111 1885 3524
1248 8387 468
922 7538 9587
1247 895 3485
298 3963 7825
496 4088 5395
1488 6938 8965
1446 2427 9523
1948 5960 8494
1671 4866 1053
1447 3587 8569
721 5066 6241
1491 1838 8510
493 9605 9735
851 8239 4568
758 8402 2433
893 997 3046
1716 7391 7920
1940 4263 7021
797 7510 4565
42 8302 2296
384 655 2736
897 2887 5995
1124 3419 9747
1274 8132 9657
1687 8920 205
73 841 3302
1356 7697 4489
1922 4310 7942
37 7171 8678
1949 9196 1047
1773 1004 8317
622 5605 5820
914 1316 4777
185 7251 5932
1666 7775 8341
476 7726 3580
531 4087 7952
1614 7643 8601
43 7478 621
1022 5745 4067
588 8585 1437
416 3892 9448
87 3924 4632
1483 2273 5024
969 665 3991
1793 3269 780
317 1746 7991
903 743 2159
118 8838 1741
194 561 3676
617 4180 5977
1290 1952 5587
1491 4927 4982
1607 4490 9006
1275 841 8159
554 1106 3623
1415 9255 101
901 8811 3759
1964 9633 213
125 8115 1703
16 7783 1868
946 9779 1222
833 8263 5079
724 3079 5562
1318 8506 9288
1535 3233 3808
117 824 2943
1787 4979 6523
1075 1801 6625
297 5338 1243
1320 1968 2575
1122 3617 9947
979 7659 2112
1531 9691 3570
917 24 6108
1113 6105 9018
1368 1704 5882
821 2424 8401
1338 2409 5850
97 7021 2709
894 1966 2501
1671 2601 7213
606 2325 2329
994 3766 4385
1967 9851 5388
1122 6112 6863
258 2740 3147
739 1276 1337
1206 4850 8245
974 8124 799
1091 6199 48
1532 9681 6979
609 113 4947
820 1219 1611
510 2991 3250
1013 75 6201
232 7933 5675
908 8735 1080
513 3186 8002
1453 9227 9443
112 7140 2951
1885 2132 5789
1763 5951 6816
531 1773 4241
799 1195 2817
784 7823 8790
203 3862 6991
1095 5231 8666
1884 1443 5599
114 9615 6280
1358 7616 8994
439 9824 2093
1822 3849 5014
1571 4687 1553
231 204 6792
1424 2928 1867
1241 5013 6447
946 7764 877
1445 6304 6472
565 7030 6308
51 5813 7885
1736 195 8416
239 7881 2303
326 9397 2138
1558 3181 6120
386 4731 9688
515 3319 8351
1724 2338 1146
229 5511 6500
1909 1413 2255
1538 4352 6001
394 9748 4593
1104 9952 394
1986 2355 9628
357 6937 7298
1683 3995 4261
380 8608 1093
22 2708 5630
107 1369 2676
783 8027 8156
1181 2206 8703
1489 7566 999
809 3281 6809
1494 3725 6364
1845 281 3559
1922 5750 2430
1397 1586 5644
1552 3806 6023
134 2887 7791
757 198 2432
907 1449 6135
334 6183 9271
938 8034 8462
1026 7678 9967
1515 6341 2202
1599 2649 5052
1844 2030 2557
325 9090 1601
8 7338 848
432 69 6091
1521 7590 825
798 6110 8154
1330 2855 5120
37 9334 975
1219 9886 6234
1801 7397 9632
1991 8325 8980
1348 1874 2708
1839 9335 1609
1821 8923 946
1260 3082 6580
817 7370 7899
492 8914 9673
372 6868 7077
1173 3369 5805
897 640 7580
1103 9217 4894
372 2562 8619
484 8152 3840
1058 8168 8287
755 2516 6692
1780 6225 6859
751 4206 4616
1074 9784 2745
648 8573 4703
382 6039 9762
1824 956 5986
988 4376 7852
691 4798 7376
707 3334 7930
1619 6251 8098
815 7915 2431
42 2677 4292
1478 1870 5131
634 580 5230
545 2508 4814
288 7932 1242
354 2164 8880
1941 1063 3624
1589 5067 6130
1134 8226 8470
1529 4815 5553
306 4979 5972
1400 2077 648
468 977 8726
1771 9783 8826
1683 7347 3957
885 3164 6451
128 2698 3657
860 3000 5222
576 4584 9012
1745 7808 8466
1215 9612 4489
1902 3208 3864
1873 5109 5584
690 6586 3552
1795 9555 3030
1151 8241 3262
760 713 5446
185 6595 4305
746 9551 5145
99 1570 1647
1447 1471 5820
870 5322 8259
226 2779 4641
306 8270 4139
1946 8279 238
317 8045 538
884 5900 6259
204 9976 1477
50 7694 1345
546 1132 5555
1635 6909 3219
892 6888 118
1420 2540 5408
804 2173 2757
1604 8999 1995
568 8688 4209
1344 71 1548
1524 5695 7744
1535 4484 5289
326 6504 3342
1780 3760 6634
172 8403 2653
1842 2944 4896
1775 3624 4322
1044 9869 4839
1892 1062 7415
1613 304 1051
1274 5340 9717
947 9708 2632
401 7514 2015
1529 7029 645
1923 9009 4992
697 230 1401
1764 2385 6900
735 9815 834
1182 2041 3969
1594 3482 1019
1530 6849 2824
690 143 2366
1174 935 7477
1637 2301 2632
1513 7610 1018
536 3873 7824
159 5202 5307
1039 2688 9390
157 307 966
1573 5657 2143
824 7658 8563
557 1302 2468
1864 2557 9772
471 7904 6022
1339 6539 8066
1636 234 5927
1411 7725 426
728 3117 7127
811 6901 8741
1756 6496 8381
1427 1980 3316
939 5035 8831
978 3194 3237
1365 40 6325
1505 8870 6928
931 8376 3471
1319 3004 6709
1682 2936 4316
204 4648 5259
645 4386 8363
1168 8220 9060
1306 2006 8992
721 5530 8871
776 3515 5862
1089 5249 3281
1258 3057 3937
901 1022 1860
765 7697 7959
888 6933 9071
1964 2225 482
395 123 1257
133 267 6530
936 2011 2894
1760 5932 9028
1811 5446 131
590 2840 4901
1561 8712 7386
710 8263 8277
832 6416 8100
976 2024 2198
1673 5959 1001
1931 1482 5072
1063 8093 9551
1740 6641 6767
1066 6990 7544
1829 2060 4249
630 9510 3030
905 2416 2929
979 4601 4953
730 5538 69
936 9651 7459
1324 6446 174
1720 8833 9184
359 4597 7767
1650 9115 363
347 6607 7043
409 622 1762
1496 8133 4540
744 2755 5382
1084 5359 6423
575 6520 8719
33 4066 9163
820 9340 3671
1110 5608 6441
1682 9578 6135
1004 6103 1622
713 3265 9905
664 3956 4248
807 4846 1951
1151 542 2932
758 9826 4075
339 1251 1961
291 4720 5838
402 1293 4420
1427 3273 1372
1177 8745 4132
88 188 8552
260 5007 575
1593 1648 5196
1247 8322 5451
104 2928 3528
1024 8745 474
385 6330 606
1430 5378 6217
168 4198 6260
1357 3188 8413
556 3712 5714
1470 8262 1083
1816 3923 4133
1795 8902 9165
196 6325 9237
9 2661 7083
1740 3319 4738
871 4969 7546
1922 4605 7609
1756 4247 419
583 6597 1166
873 4891 5042
1418 5461 64
431 8460 3903
237 3117 6463
914 9482 3109
178 489 6000
1630 4872 4942
1485 3305 8126
327 3340 4495
1441 9326 1000
983 3634 5494
652 9462 2207
697 8770 5063
230 1635 4841
1965 630 6552
1730 6198 2352
940 2326 6007
673 7927 8402
1023 5126 6806
436 7475 4887
1734 7847 469
505 1856 5736
817 2045 108
1836 1645 2032
1368 5030 6856
1765 1735 1810
1410 3820 5762
793 3789 3873
1626 890 2842
444 6458 7027
523 8734 4522
875 6053 7904
66 3271 9236
175 9959 7521
478 5004 6876
5 1441 6936
1982 2682 2830
145 3672 4278
1780 9094 2371
1450 3188 6955
629 4158 8592
592 4534 4865
1317 7959 9727
486 8520 760
1535 412 6078
1762 8021 9909
1224 6293 6434
1695 7220 218
1391 2350 2691
271 9512 9816
371 2831 2863
531 3090 4361
1353 8337 1639
1366 3935 6638
1277 2274 1310
1492 401 3477
416 3611 5866
1882 8208 8227
158 9587 6213
984 1730 1759
1930 8436 9192
149 3345 6367
1130 1157 4842
1415 7788 9629
442 5008 9337
1966 5018 1576
428 8534 628
860 9147 66
859 5201 6377
1984 6247 7916
1733 8207 1523
1501 5007 3606
356 8630 5494
668 1088 7358
957 9196 915
366 6276 662
1181 4445 6199
577 825 1704
966 1810 150
747 411 3161
1677 5560 7063
1352 5330 2404
161 1306 1577
1811 4427 7429
1257 3355 3712
1730 8375 2394
1455 9081 483
1175 1685 1699
897 9713 3810
139 215 584
1980 5861 7487
1428 8179 9455
1051 9615 4941
616 1396 3287
112 5129 8835
1447 8624 207
1043 5809 8772
1533 6989 1101
494 8663 1495
1930 2994 5028
1368 2053 9944
1164 7496 4231
864 5468 9335
31 1785 2273
1015 4589 8301
908 7255 8931
785 9822 1648
572 315 6521
1215 1934 748
1375 6465 8413
1156 866 7107
1932 621 6215
286 2712 6347
468 403 1167
1768 588 2579
1570 881 4922
893 9326 1669
469 2678 6195
397 1784 2957
579 9241 3964
27 4380 7498
1120 8706 2522
1283 7613 8113
5 1787 4926
102 5464 7282
1225 3061 3481
64 9730 2100
1515 460 1559
1895 5785 314
1265 2018 4191
1078 8117 329
1578 2299 3627
1850 6158 6666
50 1152 1632
804 9650 336
609 3346 7991
427 5824 6251
890 8112 9658
1055 9729 90
547 1090 8814
220 2913 7966
835 9048 625
949 3125 4228
897 4516 1319
961 5927 6769
182 7840 532
928 902 4310
533 1547 9895
1823 516 5881
1165 9816 4538
550 4712 7337
541 4068 9497
610 4120 33
1882 3713 1675
570 7103 2131
588 684 5720
2 4234 9181
1051 3900 8974
497 8867 2574
1066 7094 8615
102 1746 4743
1297 2884 3930
1665 2635 9643
77 7903 2645
1601 987 3239
314 9659 6572
1423 9633 3246
609 7890 2488
405 9201 6238
1677 6427 9780
1220 9032 2547
1969 7582 2607
1518 6173 459
1290 9499 1703
1441 3835 6761
1417 97 5731
623 3096 3222
349 1466 4813
1286 4928 5486
1566 9839 6068
1269 8621 3663
1946 8164 1014
1923 3255 4439
1984 2494 3518
734 8602 9891
1619 4035 7543
408 7824 4952
133 1571 4908
1246 4634 9561
1130 3408 5181
1210 5595 5783
258 2822 4875
797 3269 6772
1708 965 7172
1193 1754 5749
1602 359 394
1712 1001 2585
1655 5094 6862
1437 3468 7232
461 7813 1375
278 5206 7057
1920 9497 4697
694 989 5763
1498 9598 2166
909 5446 483
1604 3402 4459
89 1647 6957
1224 6563 1129
23 2116 6444
815 9546 2280
1143 5512 1293
1359 3489 4453
1472 3914 6247
1119 6951 9514
1556 6917 926
1680 4022 7117
1561 6119 9623
1058 4851 4977
881 2833 5581
1370 2764 9047
819 8941 2244
1073 8536 8929
1558 6768 7025
1457 6504 9205
1078 930 2126
1168 6156 8355
88 3980 7345
1825 8145 737
1439 7664 7828
1985 5676 8216
931 1575 3253
1019 332 3153
179 9491 753
975 3941 4731
910 7284 1346
517 871 3036
1569 2418 5364
1359 4364 1831
1472 1157 3562
487 761 4414
1812 8043 4928
99 9461 1290
1322 8869 1333
1574 8290 4664
412 3462 4865
680 7387 1749
333 1926 8111
1336 4441 9669
1776 4955 6750
156 7857 9045
1673 3773 1405
1423 697 1877
1470 1490 2990
252 5688 8588
1560 4324 8962
365 6000 6927
953 1462 4064
156 3777 7614
1459 1497 3965
464 9320 9611
1402 5152 6034
817 4309 5011
429 1681 3270
410 4620 7335
807 4028 6800
1879 7382 222
1040 7676 3026
309 7232 7306
1699 8718 3746
1989 5235 7388
1550 5342 6565
1286 6602 2361
431 9497 3740
1500 6992 8778
1823 6997 9550
1598 8495 4040
1109 4004 5490
1717 6766 7258
1178 4138 7394
1204 5924 6367
774 34 1773
582 2166 6389
1309 5667 9407
1127 6291 3603
1955 4983 9804
1255 9874 744
250 2683 5586
28 983 4499
1020 4560 7179
1132 1073 5869
1991 3432 9185
204 6931 6965
200 8687 826
1588 5201 2376
510 5578 7060
1759 7489 7595
1300 706 5020
570 4804 6599
352 6535 2092
1963 8404 8561
789 2554 9972
1989 5827 9163
1423 2336 5266
1319 7687 1527
381 3555 4936
587 703 8062
879 518 4116
937 3940 8359
1061 9418 1488
1212 7060 9823
1711 4566 136
751 8827 2752
1465 9493 1760
164 3440 7891
1412 5924 9519
1229 7808 272
835 4178 9816
1632 1107 4732
1428 4402 7185
1300 6566 3036
1869 6027 8445
673 3631 1823
536 7182 8956
910 1482 5709
133 2987 5438
1925 6675 9073
1338 6242 9423
426 8734 548
616 7096 7250
1966 5344 5355
360 3721 4419
642 1331 7809
1366 4633 7037
727 1029 2683
1962 1647 6977
751 1688 2552
1485 3285 9100
30 4827 8161
1785 8158 9124
1366 7553 7748
1550 643 5476
1641 473 6712
113 5731 4145
678 312 2425
1420 9103 9339
304 2578 3520
1921 4293 1046
343 8447 9358
1812 6549 6728
717 4755 8340
1334 4705 9730
19 3497 7692
627 5623 3462
284 7849 9175
1439 9401 2686
626 653 4800
1955 9287 1565
422 622 7332
1758 1452 9627
1210 657 9484
1131 2596 2639
1355 163 480
917 3243 8420
1008 4086 8894
1866 1646 5539
515 8781 6676
1837 9548 3549
1495 3639 3864
1379 1165 8281
898 8600 8868
198 5282 9297
1873 4220 8185
736 9747 3498
202 5646 2185
418 292 2026
1797 3731 9989
1147 2992 774
470 3868 9203
1960 3366 6481
1590 1463 3555
1883 851 5289
642 6911 7052
560 1444 6454
120 457 2900
306 6662 7421
369 4463 4938
795 256 477
1840 6221 224
1343 4609 830
903 5451 8715
1907 1693 2608
1330 4905 7219
1837 4460 4708
1969 3501 2773
1018 981 4069
977 9594 6891
192 5523 9125
1128 3935 7926
1159 8468 4185
7 7917 8275
824 421 3900
177 6819 1196
398 9041 1536
1824 2528 3950
175 541 2375
968 9321 5068
1287 1833 3083
1634 6757 4394
486 5281 7223
1396 7995 9100
635 872 2928
1071 486 4547
1830 9034 212
130 6439 77
1803 6107 6379
126 3815 7166
388 1266 5745
720 3387 6308
1808 5971 9800
243 9786 630
192 3423 5500
1113 854 6681
1717 5290 8726
855 1878 8168
1298 9789 5862
60 2783 3964
236 8911 9728
472 4831 4854
1062 599 961
173 5590 7516
1648 8358 8781
302 9624 1499
1149 2334 4847
1128 575 1893
691 1958 7915
1648 2414 5220
857 5779 9042
1520 1461 3680
1700 688 2293
600 7907 975
770 4853 9633
318 951 5488
1485 6200 3143
1468 9986 5039
1227 4999 5415
1574 2561 6810
1792 9410 9838
1332 5443 2743
1782 5521 612
982 1439 4068
1030 9855 1499
1558 8941 7103
1058 742 3678
971 8524 9928
1510 6847 3726
1112 329 3153
645 4306 7239
375 379 5672
1020 7204 335
130 8319 9297
775 9669 2781
335 9076 9252
1583 7165 7419
144 1953 5908
540 3275 7338
1616 8768 1863
177 5036 5625
1176 1915 5243
1621 5128 2
1063 9359 2218
1948 140 2690
941 1987 3957
172 9023 9999
455 1148 8579
1323 8304 7373
832 6495 9608
485 4532 4851
1723 2356 2713
185 1136 4322
314 851 2918
290 7894 2723
1816 9232 1281
593 2169 2943
712 8985 6051
1903 2655 8863
460 6876 1122
777 4075 9532
612 7438 3758
832 2057 4114
1362 969 2659
1232 6837 547
760 6286 9852
129 3725 9744
639 2514 5552
1810 301 2205
1254 5200 1308
264 9766 9864
464 393 1086
1500 3283 3863
1212 345 6895
1693 2945 7585
450 5452 34
233 796 7610
268 3357 3574
906 287 7512
138 8367 8811
1293 3510 8494
655 7371 373
1309 1807 1864
1135 4180 2493
1858 7365 7987
1810 4163 5018
1376 7552 7724
9 4200 5897
934 4145 9898
241 7940 1399
139 4061 9237
1666 9277 2305
755 9901 2094
698 1586 7014
1188 3318 2122
642 295 1192
1281 2630 2636
1021 6417 2446
1807 7663 1572
1593 2837 5622
1877 5821 6361
586 5781 7371
1134 6041 5120
814 4699 7465
1205 8038 28
677 1726 2838
1758 1702 5608
243 984 5301
1002 210 243
1103 580 6295
345 8727 9354
1561 3673 5507
572 1051 2229
603 651 5913
734 135 976
692 6024 6275
1317 1862 2667
301 1342 5714
1941 1289 5390
1010 5686 9872
957 7666 1466
175 9358 4111
1564 8340 4633
913 6958 9249
452 4393 597
931 7228 1494
894 9163 9183
913 8605 9119
1179 5218 8031
1703 4640 1563
135 2939 147
1422 3897 5653
627 6036 6576
33 2288 4361
913 7676 9038
229 7571 8486
619 774 2032
1499 5590 6306
1608 6807 9352
1550 5471 1643
1706 8263 8569
1201 3817 6470
1068 7792 5438
1740 1655 3351
1506 3044 1032
902 8494 1621
1656 3222 5585
128 3862 4979
117 7941 9637
1911 530 2635
215 4640 8749
294 7392 3022
146 5781 1583
428 1236 7092
267 8906 5046
1419 96 1725
1332 6360 8498
924 7233 98
69 1309 4040
1648 3078 6192
1750 2430 9013
1069 7796 9674
253 8997 3304
170 5626 9040
1194 557 5068
1971 8102 674
888 6962 1662
143 9448 4267
1194 7592 254
1646 3833 4318
1728 65 696
1786 7283 9203
1808 3525 6133
587 346 4739
160 2542 1025
1133 9247 6942
623 543 1894
366 5145 6951
1902 6627 7656
1332 4705 7130
799 9226 2205
1493 6571 2204
1536 3603 5195
944 8053 1830
1616 6207 9375
567 5964 795
505 8323 170
757 8726 9473
938 4008 6428
131 8114 8149
24 826 4456
1552 6867 8564
858 718 4561
4 707 4017
397 2107 3559
374 6847 9175
1528 3673 3773
1457 3229 55
1773 7158 7927
790 8191 1119
140 8865 4088
1551 1996 2964
1849 9502 9589
926 10 1249
19 4376 8312
103 3071 8121
168 1265 1900
681 8978 5660
519 3364 7715
1308 5900 1992
1268 267 5579
926 4185 6724
67 6261 1927
1434 7484 1315
396 9115 1151
1783 7181 7213
1701 7738 9134
1780 9924 3573
584 484 3695
1664 9589 1886
963 6354 1813
1645 6707 8164
1817 389 645
310 8956 4465
142 5827 433
1566 3010 4931
619 6665 2164
155 4208 4979
118 7686 311
779 8657 9876
1651 3591 5105
142 654 1559
345 885 1718
1800 93 927
372 3822 7310
262 5606 420
1720 7629 1632
385 3433 3993
1004 1305 7148
1935 7948 2974
1173 4447 2740
1237 4354 6721
926 1929 2128
1443 8892 4677
933 8337 9991
1595 6820 9312
1594 9557 4528
744 8978 801
1016 104 5657
1223 3332 5472
1411 2823 6926
1922 8080 3722
1880 6688 9939
1774 9008 3676
1256 7323 9743
427 3401 6940
203 7432 8871
1643 4121 9240
707 3047 9964
1269 3227 6226
1259 837 9162
1140 4422 6631
820 6302 1761
950 5399 1218
1696 9269 4551
669 3593 5485
937 8709 4686
1709 1504 2611
159 6795 136
920 2015 3089
1945 538 1679
1113 747 847
1510 8464 414
1669 8292 4966
719 751 4519
1644 1163 2531
1438 9326 5039
1565 2115 9534
69 782 2959
974 7862 2376
1975 3721 7970
99 2353 6
1819 1309 3035
1958 3734 139
1059 7574 8198
251 1495 2597
945 5999 9975
1990 898 3703
477 6575 8171
897 3781 6293
1469 972 3402
31 3347 9554
341 9051 9322
1521 1750 7477
923 8397 9133
982 156 2793
818 5327 9445
1039 456 7870
44 7489 8778
341 2303 220
1921 9382 1623
1874 5479 8074
762 4783 7293
777 6365 7773
1236 5484 6199
1641 2770 6432
1232 4057 5496
109 4821 3086
1985 4985 5801
1199 2688 9051
1118 9673 4999
863 6341 8592
155 1952 4232
585 9135 3854
1166 466 3552
915 4551 2476
737 7134 8971
1796 8898 1186
1179 8748 1174
1499 1725 5854
357 7917 2655
1484 1889 4002
1623 1711 2732
799 4285 4675
430 1208 1798
1975 7836 8612
611 4902 6272
1888 4333 7452
753 6911 8003
386 3711 5674
338 3648 9921
189 8106 8107
1852 4686 4896
557 8489 4755
1478 5746 8907
273 1879 7541
1184 9169 2969
877 2717 2888
618 3422 5448
466 8556 5223
1397 3538 4326
1483 4892 5913
1003 7347 7391
1207 8375 9004
1459 3130 9066
739 9744 9919
733 123 4150
364 7105 8047
603 2254 7496
1337 9289 723
746 6879 8826
1285 8236 1610
390 9931 2896
1973 2875 5931
976 2463 6070
1118 1987 853
1473 9913 2302
1121 5286 2997
1101 7321 9214
195 9968 1715
1462 5650 9737
1079 8692 5977
1945 5690 5760
1213 5166 9535
1826 2887 4642
189 247 1030
1500 4997 7075
175 3622 4189
91 1129 5516
858 4020 5466
1688 9353 4114
1253 3838 4749
775 9295 2260
31 6756 2513
1978 7759 6148
1649 8442 2062
1256 4984 2131
1645 8927 2162
647 8597 1022
470 4275 9488
139 990 4544
750 4545 6275
1453 4306 9390
1041 8876 196
897 3319 6112
1754 3949 5452
923 6418 6732
1959 8144 2477
841 4343 8622
1837 41 4369
648 362 890
447 5344 8416
147 6882 8032
730 417 9365
891 3065 7987
630 1758 5223
412 8072 3003
1098 3353 6677
195 6384 9883
141 5003 7068
323 6614 8607
1614 1115 2001
1627 1536 4992
1179 8802 460
1818 5366 2215
1349 1622 3018
1881 8425 3292
741 1202 3431
223 1941 4910
457 7644 8468
586 3721 4368
1305 6970 7994
595 123 124
28 271 3682
122 1590 4442
1871 1753 8249
1318 2452 8235
37 8709 1139
799 1588 1784
461 2266 2688
1352 7894 122
1130 3643 3932
1194 9847 1499
406 2012 3413
1191 5601 2766
1726 2302 6938
1210 5124 8295
606 2193 6798
164 4501 8707
337 8867 9233
421 3236 3281
1269 1254 1922
133 4489 9600
645 5107 5245
66 1814 7270
253 7679 5783
991 6465 7606
1684 7418 2268
656 3300 331
395 8051 9031
806 377 6454
1250 6777 3601
986 7996 3261
852 4762 8247
1106 1259 6522
1132 3407 10
1623 3638 6823
1347 5205 3911
122 79 1062
1804 8004 1169
1936 7078 1311
1955 1533 1928
143 412 2150
1369 407 1283
265 8429 9840
852 3494 3993
1074 9824 1065
1927 8210 9905
1199 7806 8757
1440 6807 9428
1083 3119 3854
157 1643 3766
283 9572 3627
479 9828 1666
1344 6708 8455
1195 9143 453
164 8819 4580
595 3152 4495
1212 664 4317
1717 9417 4558
1261 8140 3343
1892 8826 8056
1579 1659 1681
251 6899 467
1288 3961 5446
1838 423 5763
884 2004 3852
1340 2904 7209
75 3121 6556
1278 9351 2868
1260 6868 7166
366 2389 3474
1100 4921 9113
1271 6187 6489
1579 1427 2977
1584 4557 5882
718 2400 5782
1846 4572 7118
482 5988 6623
1980 469 5948
1817 2412 3106
927 3315 7849
1685 3170 5856
1352 9894 5495
1339 2081 3219
1135 8165 3178
1302 9743 193
1658 1894 1972
1205 9095 9999
1640 8732 5171
115 7336 385
495 582 7764
1477 4645 4828
1013 8635 3125
926 3661 9689
1004 2004 7987
1723 9637 3877
1324 7027 1192
1639 5635 9855
777 2157 8464
867 7023 9351
192 1098 7753
1229 3976 6038
459 1601 3466
1545 4648 6512
1945 2506 8776
610 4961 5795
1371 2961 5516
1276 92 5333
462 1363 5935
1632 8602 4271
262 2213 4669
1924 7340 7874
1163 2127 591
1552 4336 5013
737 4968 5717
215 4746 7592
855 1062 4471
1748 9599 923
24 5737 8994
131 7819 1589
1874 1439 5871
1553 3069 4569
340 8709 9338
541 4806 8144
1383 7650 3172
239 5675 9440
521 3355 3591
714 8632 9554
1668 7887 863
714 3293 8286
333 3016 5798
1076 4083 1493
1622 5111 9403
1059 250 1632
55 7383 3589
1961 6088 7548
50 3955 8694
457 1345 2601
600 5663 7798
490 7076 8096
895 6958 9048
1250 8881 4628
1771 4893 4928
1045 167 274
1605 7810 1717
1655 6516 2108
38 4771 1739
1345 9774 428
487 4102 4292
1583 217 539
836 5502 5790
451 3394 4370
393 4929 6454
764 5883 5116
1769 1748 2410
222 8984 2069
1045 6760 8828
563 3553 5239
896 1260 4951
1128 2815 5074
1388 6449 8624
1615 148 1336
1982 9246 289
1779 3247 4838
7 1560 6367
1892 2961 2993
1971 1911 3223
682 6298 513
652 4318 4350
1126 7821 8612
1659 3621 7561
946 1695 8628
295 4161 6697
1039 5996 728
1424 1726 6426
218 8939 9078
1425 4436 6657
179 1030 5651
1131 2634 5237
791 239 5649
1439 2860 7042
1595 6370 8607
1785 5983 9696
1958 6194 7580
1855 7615 9496
963 6536 8771
1331 8701 5924
502 6047 668
1466 8494 9793
1993 1198 8231
496 451 6032
1431 3004 4811
30 6855 7084
1740 4604 6668
538 112 3941
855 2779 2826
1820 6471 3188
726 3961 963
1295 8203 9425
1127 6799 8698
1376 2782 3468
997 3476 4237
1873 379 631
1861 3706 1666
997 8384 9118
167 8470 8683
1500 3490 8149
491 9780 1216
439 2079 3505
1167 6041 3854
1205 7041 264
779 9934 4235
258 4195 8259
1868 1766 3119
85 1055 2378
818 4985 5715
1999 7190 8635
601 153 1766
1542 4098 6716
721 3146 4975
1092 1071 8816
623 9363 5513
174 965 2547
1357 7777 1678
804 4369 78
1123 3704 5882
1618 5122 9963
1292 580 2005
1584 2494 8562
1434 9725 1619
575 8539 9991
488 2642 7777
1027 9216 2378
660 5617 6860
725 9913 927
1310 9875 1524
12 5249 9623
1013 7803 7842
834 1272 7115
1156 9056 149
330 3101 6613
252 1917 4862
1433 5603 575
758 7884 9336
1505 7575 5243
568 7857 8610
1574 370 6123
1128 7472 25
1172 8246 8548
1239 1311 3287
1665 4710 9232
182 5306 1479
584 5719 8944
1523 893 4263
1876 8810 7525
893 1993 5966
317 881 2509
1390 7263 2345
911 8339 3536
15 7504 7600
750 2685 8031
1241 3562 7133
1171 3247 7321
1294 5425 283
921 9869 1635
185 5728 8699
1586 4860 9220
1043 7946 2633
102 4335 7523
953 9299 3387
541 7933 9457
681 2668 3232
1320 4527 83
1868 9272 739
1904 2361 463
1664 9095 3796
1485 6986 8592
1903 3190 4270
852 1583 2923
58 5070 9447
940 6022 2271
8 250 2200
1478 130 4734
241 2198 2536
1051 2300 2701
9 5544 6957
1906 8805 9331
955 3327 9385
1055 7663 308
2 6441 1367
1324 8674 3947
539 5540 6929
416 2048 7501
1768 6694 8110
687 2126 7365
1581 9989 2052
771 6635 7098
1889 261 9344
485 3860 7749
1050 4893 6810
492 804 6326
351 1476 3828
981 253 5566
1693 3288 6981
1300 9765 1766
1489 6234 8084
871 8802 9352
308 9094 9776
485 579 843
647 8735 3763
781 3987 6265
816 5384 6111
247 8650 1867
53 2159 5830
1685 6901 8113
1624 2872 4746
749 2978 3549
744 2583 4761
1623 7968 2652
248 1282 5614
271 9352 2530
1675 9791 7327
500 1432 9309
1421 4309 805
1754 2679 2690
38 7893 1628
1113 4277 7171
1328 6042 275
1851 1928 7028
865 1037 1400
1480 2981 6381
1436 6127 8440
1017 2016 6943
553 9043 7624
580 6900 7607
678 786 3143
1651 1332 5118
257 2173 7789
1299 5435 7271
982 3361 7477
1299 3076 4161
1931 9454 720
706 1280 1283
418 3102 4444
1409 246 8548
278 5845 151
1394 3535 3936
1303 3985 7817
715 2905 3260
1297 9993 1168
932 875 2029
1111 4132 4364
1995 9145 2008
288 3699 6545
1572 1117 3014
1580 839 4897
215 5241 6696
714 3036 7582
420 3281 8713
145 1567 8537
1719 4211 5702
1917 7181 8275
1190 2559 3651
821 8758 6564
698 8463 1669
1012 4806 6983
293 7811 9744
1942 9653 2053
705 2276 7198
857 6979 1911
313 9920 1247
1406 4433 5548
1910 1560 4458
1448 6475 842
641 6830 563
441 1923 3340
1287 6131 6634
1036 2034 8822
9 1358 7596
1541 8506 4619
1353 4342 5756
1996 6608 7340
329 8949 2275
314 7509 9322
149 9619 116
1761 3630 5835
1792 8772 5947
248 7609 274
1771 9616 663
8 7983 5717
949 7905 9428
1699 6761 1332
821 6817 8605
1267 1038 1295
800 2473 5423
1652 7834 1792
1925 1689 5450
588 2927 6605
872 9983 2325
399 4913 8750
1854 7777 5192
1949 7088 7365
1511 1279 6468
1308 8191 8741
428 5741 2587
295 8283 2455
1736 1894 4927
1453 931 210
1889 5772 9868
1316 2997 330
153 5597 5727
638 7671 3518
691 2706 3078
184 5318 2073
858 5203 9389
1287 1868 4895
158 1224 6078
105 7941 8926
226 2661 4222
616 4120 7059
1299 2188 7878
1798 7887 9634
1309 4085 7340
1034 96 5340
1345 7840 587
181 3021 8411
111 2999 9132
242 9308 1356
49 8144 7630
1631 8299 2582
991 7987 2227
884 9725 5174
655 2058 5539
297 2579 3608
384 6994 9044
1707 3746 825
1669 1335 7474
1921 3047 4537
696 3756 8257
1559 2431 3039
15 136 6771
552 9777 5138
266 2449 5136
72 807 3017
596 1185 364
1756 4955 8021
1730 309 1711
107 4061 9753
1167 8373 3501
189 8368 4379
228 2998 4257
1645 5975 6550
1771 1442 4160
457 4941 6678
1887 3929 5768
1649 37 1583
443 5121 7174
1762 8489 4399
1902 1015 6467
473 2713 4623
1837 8553 15
1883 6602 7633
927 663 3149
1085 7838 1357
497 4397 8127
1487 8785 3265
78 7284 840
1505 9707 4236
662 5263 7271
1999 453 1855
1888 6416 7081
892 8789 3848
1048 2479 3218
1451 1949 3591
836 4436 6340
202 256 1699
1032 9069 9892
106 2910 4600
314 4678 6276
450 4759 6153
52 4586 508
1477 9756 3776
1268 7718 280
1267 8815 4525
931 4818 8332
1888 5374 7294
835 6414 3608
1039 7988 981
444 1055 2805
754 4565 789
1630 1907 352
1529 7205 8386
268 4786 9386
1807 3000 7393
630 4122 9219
1379 4400 8685
1915 489 2794
740 1513 5532
823 3025 3874
45 1662 5946
916 5262 7697
1775 5550 8040
1694 8569 9559
1028 4616 5372
499 7152 221
1970 993 4330
317 5937 1138
1072 4485 1115
751 3134 5352
1825 3272 7451
1207 73 1992
695 3959 6139
1724 6307 9461
315 2960 5631
853 9979 1195
133 8975 2337
986 9954 682
136 3166 6853
1253 3644 7619
1028 3123 6255
910 9560 736
480 9286 9699
300 1850 7363
1518 9954 5474
898 7860 9328
209 3044 5491
495 389 4672
1554 497 1767
1343 1213 3960
240 1118 5054
1812 302 540
1341 8266 4340
1310 2367 2382
1345 2043 4910
1532 9389 1609
570 1996 5495
1273 7799 3526
1719 6009 369
1492 1373 185
1815 4164 6285
564 1235 1359
1662 756 1260
1029 6333 734
829 3822 4483
52 1536 4061
1811 5984 1671
38 7765 8784
1857 6664 162
1250 3470 4702
1727 2675 6971
692 2872 9917
101 1476 2647
1448 1304 8678
1697 3562 4290
1448 1151 6802
1474 9258 5828
1230 3208 4234
625 1883 3362
1184 8772 42
528 7465 7931
1505 8266 752
1329 1115 3336
298 1230 6518
379 6036 8623
1235 7037 808
309 2466 4502
283 5605 1185
702 2912 8253
1716 5401 7521
1931 9135 4732
1850 3053 7241
574 4303 6464
1465 2145 7482
813 3748 7141
1505 252 6775
1200 790 6301
1438 8120 8152
565 3412 5081
1638 307 1435
1876 8353 2581
593 6968 7753
1555 603 5696
496 5990 8626
725 6695 5547
697 4999 7831
805 5147 6767
1768 8757 9267
1407 8981 3159
1934 6900 9459
1817 6089 6274
497 4506 5000
1651 7867 8380
1210 5500 6076
813 7229 4364
118 12 1537
791 9438 6498
581 3378 8609
1736 3187 5659
1909 3683 1695
900 8329 965
269 7170 1701
1085 8389 8440
1793 1564 5551
1099 2260 4706
1517 8071 8773
1788 2575 9793
700 3878 4209
950 7150 9719
730 5135 6963
694 5336 6180
1876 150 2639
63 4681 2388
837 7400 7903
810 4701 6023
737 3067 3724
375 3069 332
1009 4714 841
978 7707 808
1459 6516 1087
1968 171 2404
1017 8903 9109
1488 8312 9396
1682 1046 7740
1910 5245 1810
1046 1741 2845
560 1257 3647
1910 9712 3350
1163 5915 8220
1615 5274 5493
1446 1442 2466
1368 7369 8674
692 7141 7495
807 3303 9302
216 3855 8550
1770 6026 1666
12 6005 9734
52 4589 6078
1241 7720 9998
34 5133 9527
372 126 241
315 2268 6375
1874 1283 2278
1735 4058 2518
193 6281 9589
315 9521 0
1939 7293 461
1785 1500 1505
1468 9836 347
768 3370 7712
1606 2035 3178
1125 3469 6488
1399 3223 4560
1832 7094 8184
811 2629 4036
1320 4874 6184
1652 6241 3374
173 7861 325
881 9974 7247
1837 4639 6397
182 1961 3135
377 6065 7928
994 9365 1159
1836 2277 5369
406 4006 8643
205 3490 6553
7 879 4190
795 6881 7590
973 9613 2714
1534 7682 2029
232 2463 6760
1991 9845 137
1062 304 1199
1411 399 7346
329 1619 2537
965 5333 184
1721 3192 5770
1033 1289 5443
1066 4682 5416
688 4854 1289
493 8713 4109
741 3353 7522
964 7571 9018
601 8624 9441
1165 585 1649
1262 663 3592
50 5830 9448
1115 9347 6151
928 6389 6679
153 6578 3805
1274 2224 5373
952 6765 8464
7 4018 6712
468 2284 3225
234 2427 6677
423 723 4884
648 6547 8394
301 7114 9578
1760 6114 500
1651 2073 2964
1489 1367 1568
1689 3932 6974
1471 2782 3857
991 5197 7333
1059 8756 8922
309 2781 568
321 5709 6832
781 5038 9134
1858 4860 5405
470 2963 3656
291 776 2534
1127 7541 2093
1478 5253 5369
1714 1133 1503
929 5899 6034
1323 8080 88
359 476 6010
1935 1628 2406
1216 7865 4992
56 2566 9821
932 5131 9647
1040 5011 6432
241 8778 143
1628 7243 9046
1777 22 8673
1960 1707 4918
733 6982 8578
1091 8235 2000
1645 8884 2912
1035 9242 9757
1099 7781 9288
1527 3564 9892
646 2037 7378
449 9249 91
1798 1964 6862
63 453 1371
1075 2565 96
1322 9944 1498
1975 5815 5011
147 1942 2024
726 3175 9377
1157 8934 1552
1365 1823 8084
1085 3111 3616
242 5006 6782
1085 7642 3719
729 5883 6446
1389 3163 6927
1790 668 7693
794 7169 2683
1591 6697 6698
1852 3948 7449
107 3549 6705
1574 8812 247
1124 5738 19
1339 8664 9710
665 9337 6148
1516 5046 1335
1209 7486 8346
783 4335 2700
1853 6605 7614
1970 5752 1453
1190 1912 469
560 8278 8538
158 4040 4311
1712 460 4262
672 5278 506
494 4930 6886
1856 2520 4798
1089 5402 8728
360 2992 6772
1313 9021 1486
268 4439 6295
720 5649 8018
1144 5750 6894
666 5771 8472
1689 7992 7132
929 9246 1207
529 1207 1386
1974 3455 7626
1050 2409 3760
732 5675 6267
1832 2388 7541
1864 3652 6103
1339 2080 2126
783 4330 9613
1432 5 1552
21 2809 5042
1860 9002 717
865 5849 7601
1760 3045 4934
1515 8725 9396
522 1032 8367
266 9230 9742
881 2132 2997
860 7235 469
1460 2986 7819
392 2373 3756
660 9068 399
379 8658 285
1011 7090 489
327 9354 1322
19 7127 2730
137 6420 6985
40 2866 4022
1257 4075 5959
824 7595 579
1992 7539 7724
1066 7966 9372
374 7499 9993
1294 6492 3152
935 4200 8277
1558 1325 2315
91 7120 7278
1012 4592 5598
414 948 9173
479 3975 5130
408 1783 4665
537 9867 3515
1327 8036 1880
1177 5809 9845
607 835 2281
888 4612 2275
428 9276 5936
1469 2629 5826
1768 2554 4663
662 6883 6935
1977 3870 9409
982 1600 5294
1611 5432 1664
333 8060 8065
714 5079 9518
247 8507 9195
1037 5267 8575
1759 2732 7144
541 1039 2338
29 9832 3167
1701 9955 4184
1581 6302 7466
474 7931 3249
557 141 7514
166 1203 7343
1681 6921 453
743 4495 6930
1361 5132 7686
429 4911 1553
542 2516 4823
450 6854 7327
251 3951 5531
1695 5696 9528
1564 7082 7381
1981 5004 5839
306 4288 8226
330 4385 717
605 4528 8048
156 4205 4548
1198 432 1695
1301 1358 5870
1071 9227 6919
1234 4703 974
8 8016 9399
1495 1244 6874
577 7813 654
596 9541 13
904 4869 473
386 7177 2062
740 686 3632
586 2952 3080
863 8326 9233
483 3608 8076
1218 182 3313
1482 2475 7724
657 6357 387
492 9309 2041
1523 6150 9320
827 1187 5170
1502 617 8655
1526 6058 9735
855 5516 2002
388 3170 3449
1790 7594 108
1218 9825 7153
1825 1830 7221
181 1373 1735
1163 1364 9551
1678 8677 1736
1736 3034 5804
1877 4029 8979
604 3109 1013
907 7370 3843
1602 8273 149
510 6180 2416
719 9199 1991
967 1480 6847
366 1711 6258
1324 8945 3721
1255 5575 8575
1466 6582 9569
876 6440 8081
1981 76 145
834 9940 440
319 5335 1391
1522 9025 3251
989 5778 8225
552 6089 3562
131 6994 2255
1813 8198 3100
954 2668 4030
326 1530 4183
429 4713 1755
184 2707 4344
1699 7721 3410
1991 3205 5434
1288 1494 4384
467 1823 2994
303 3994 7031
1588 7510 8136
1913 2227 8217
214 3664 5678
973 1436 3129
768 9058 9225
617 6797 9355
1704 9454 7947
1254 3044 5318
119 7842 3795
1661 4603 6124
255 8320 2924
1653 9226 9496
902 538 960
1455 3420 6255
1764 7793 1804
1416 4304 4381
1064 7708 6179
1883 8524 3140
1397 1572 1960
1484 3419 7039
1693 6179 7346
1770 3726 4179
137 5683 8403
1132 1015 1794
88 308 2659
1271 1822 8039
823 9665 1516
746 7559 9421
287 5959 8699
1859 9479 5774
195 6406 6900
1604 1449 2939
661 3188 4630
1573 136 2649
1033 717 2960
1207 9453 3631
1964 9140 884
1948 9632 7776
1675 92 5422
1543 4654 6830
1051 9527 4628
1006 2447 72
299 5651 6297
1206 1895 5836
1344 4758 6232
1331 173 2702
34 2597 7844
357 7225 2729
690 1897 3836
1713 6134 2079
1514 1772 3298
169 516 4239
1431 4537 429
201 1666 8941
979 4673 5096
1046 4474 7923
1275 4830 1589
649 698 5522
459 1312 8013
1498 2500 5944
1942 3257 8444
1964 2411 4316
632 1528 8714
318 598 5959
321 6116 1600
574 8318 855
1763 4379 5181
1707 7596 1414
727 6875 7854
76 8821 7679
325 5906 7732
817 2746 3916
1676 2384 4451
101 1895 7658
1723 6075 8837
1457 9075 2005
820 8644 4874
46 4313 4373
1829 9645 960
306 4375 4425
992 3994 7000
333 7934 713
1737 9354 1436
1155 8034 398
358 5857 9554
1179 1871 6844
947 2437 8575
1087 5373 6342
201 4091 7824
45 6648 1217
572 7504 8597
616 5860 9599
894 4310 5216
1391 5579 67
945 4050 6505
963 5685 7708
837 5346 402
854 9087 127
116 9004 5741
596 9459 3792
1376 6226 2018
34 9859 5305
1249 712 6493
146 9849 2493
699 6501 8088
1084 4844 6904
1388 1122 4697
1338 350 9531
570 5520 4120
563 4598 1973
1576 4229 5763
1256 5231 7052
1419 2619 4975
569 9136 4606
265 9971 826
1614 9379 1891
1791 5331 8750
726 2217 2695
1482 8622 4381
255 2378 2507
636 7923 699
1164 3143 9233
1007 4416 5999
1398 6167 9827
708 3657 2749
1172 2290 2841
1388 1160 6546
1326 7178 8668
1359 1362 1461
440 3283 8452
1469 43 5057
1974 5555 3270
932 9679 6443
1035 2264 4699
1251 5494 1919
599 671 5180
974 2940 3450
1472 659 2970
1002 6964 1002
692 7591 4657
163 5090 7654
458 5315 1880
669 6812 8574
468 9334 2379
1131 1112 5314
564 9977 298
667 6326 8092
987 2575 6451
1648 2136 4324
1286 2074 9666
1670 8785 1435
12 7344 9324
487 8630 8990
1699 7193 7719
1726 1770 3713
35 3661 9011
33 7683 1919
507 3913 1532
1747 4557 5383
1717 5809 7036
1418 6344 6981
1996 5346 254
428 6696 2464
866 8489 9678
1457 6015 7243
1726 5349 7338
355 8194 930
1744 7765 54
727 4164 1731
1775 4519 8615
541 4053 6623
1223 9762 2478
175 8814 4107
72 7953 6071
489 5226 9606
1677 1232 3010
1567 8981 6219
1507 8459 2908
1221 9717 1659
1451 8933 8364
1688 576 4165
577 983 3281
458 2812 9269
1486 4197 5983
865 9622 535
1131 7603 2058
1559 7032 4110
460 1909 2592
1837 8430 3021
168 4712 1103
1840 9684 4285
703 3877 597
1102 739 3025
130 7681 3858
1367 1557 9239
1698 2229 9741
751 7598 8059
1138 5182 2622
217 4717 9777
200 2895 3617
965 221 8082
1977 8820 1145
1148 9881 5276
1372 8966 1126
1294 6319 6389
766 5826 6317
1387 4293 7259
975 6093 6920
996 3338 241
1205 2187 330
1815 9688 2959
1737 1028 2366
823 286 1647
750 5925 7914
1805 5710 22
1699 1935 2686
987 3340 7273
1931 4056 6782
425 1302 2166
606 7464 2064
538 1347 3351
1600 5898 8928
1165 3272 4671
1933 3653 6167
661 4441 9141
1075 923 1672
1030 5134 7574
1592 2427 9960
115 4191 5596
1976 9316 9323
618 8433 5990
555 1953 2041
59 4812 8098
121 4997 6632
636 8552 841
1628 6907 906
142 9454 1130
1917 4118 4949
929 2551 4118
864 8187 8911
1364 502 4674
1310 7569 332
446 2650 3005
1108 9210 4384
429 854 8077
25 928 3367
612 2881 4824
1500 4723 3121
1921 6715 1871
1564 2393 2598
1140 8418 2781
1895 7116 7202
1443 2597 7888
1023 198 3572
1641 4652 1043
186 6249 8470
1421 8612 1754
873 3559 2870
244 2175 2687
1456 6710 9041
1483 1428 5920
169 8995 5862
737 2112 3499
1394 4503 632
1500 3107 5433
860 3926 9088
760 4097 9039
22 434 3044
1853 5968 1628
1017 8675 5358
1809 6168 335
1420 7502 2589
335 389 1626
900 3331 6788
135 4432 6570
120 7924 8240
1152 9269 1471
456 6723 7815
189 8700 1990
1696 1579 3127
1841 7912 1050
618 999 3781
1836 952 1697
1985 742 8313
457 390 3642
1015 3031 5336
1639 9353 246
639 2011 9726
1117 4011 1500
744 5845 5983
1674 6800 1465
574 9161 7228
834 6344 501
585 8439 3518
1442 2822 6417
125 7768 5489
1630 8531 9296
1744 1154 6146
1585 2955 6160
764 4368 9103
1045 3900 2846
1930 6804 9212
1209 4974 6622
938 2836 5673
1960 1479 6487
1235 5360 7516
1662 4451 1179
597 7321 7887
1814 5007 835
776 4373 161
510 5051 8140
1997 5724 4419
836 3025 7648
1839 1540 3088
1445 4495 9303
607 954 4161
1052 5024 1900
18 4008 7249
680 2154 3991
85 7184 8870
740 4964 8829
1247 7259 8568
1081 5690 7821
62 338 3778
1156 5678 6773
1406 7779 8503
634 6641 7402
901 5456 1368
240 7234 9514
858 2130 4015
1220 3167 7885
1934 3699 9535
1 3918 2
1333 5990 1769
423 6335 1932
497 9205 853
1127 8387 9508
596 6458 7424
1625 6898 4944
23 4071 2165
566 8103 1785
1975 7163 9390
1287 973 7276
512 1709 3539
1155 6259 8385
1765 9643 1022
1740 3354 5765
1694 2247 3287
1768 5260 7757
444 4309 353
1691 6215 9434
566 3816 5300
707 8163 43
1316 3804 5849
357 3270 6541
1199 4473 1244
532 2606 1308
470 6755 1296
743 442 1499
479 1725 1965
1720 8186 2627
1776 8960 6746
1897 6743 7709
870 2578 7429
675 1894 1088
1343 3095 4458
984 5986 6911
658 8600 1371
542 4912 1037
738 9388 7554
811 2114 6372
140 3280 4030
1866 8626 3032
1720 6897 2681
865 8300 1544
1356 6038 6273
1321 7373 7902
1797 2398 647
364 148 1261
547 9638 5759
1988 5641 2829
1380 5989 665
1574 25 3348
1292 6953 8281
618 156 541
451 955 5240
476 2449 4569
1451 329 7477
1309 8358 1301
1584 1862 8870
1287 4842 1487
1444 579 4929
1558 3299 6003
109 8279 9206
323 5000 495
1724 7280 5119
111 3088 6737
1687 9664 1206
78 1633 6273
414 6941 6987
493 2220 4946
111 2974 7218
825 7134 8281
219 5164 6708
1390 273 1168
1264 1483 2343
1158 4468 9235
574 9056 1200
357 2652 9118
90 693 2683
1168 9370 8174
1366 4860 6887
1911 2091 4448
26 1891 3153
105 5657 6863
1761 4189 8161
892 2234 2814
984 1082 5281
647 5257 1381
192 6835 2228
5 6653 3585
909 4389 9866
610 8163 8993
1739 7095 6
503 6065 2603
224 7049 7517
707 6564 8248
1231 646 2333
871 7597 4823
382 6147 7282
1969 9634 4768
1450 4767 7977
1331 6112 9858
1406 4147 4392
1858 3788 5859
1373 4673 914
1213 9564 5609
1905 4398 4555
149 6532 8679
383 5066 8012
1660 3980 4952
477 8193 405
830 2264 9967
1537 9515 1558
585 9255 591
1188 377 2169
1913 2085 2227
867 7848 4994
817 5950 8424
1117 5849 504
1854 4524 559
1514 2375 3066
1487 4531 5526
1314 1139 1142
594 279 3979
1116 3667 230
262 5959 6542
1038 1964 8372
1645 1926 3671
1417 8122 3559
1082 6837 775
340 1650 2002
1418 7482 7915
1458 1109 4618
529 9079 9842
1806 810 6610
440 4215 5482
206 1620 4560
693 3006 6477
974 8854 1629
1001 9895 2613
1516 7977 8522
1943 6426 9107
337 6504 9315
878 8710 9465
845 7029 9665
1428 2127 2178
1391 8714 9895
1056 1495 4498
1091 2151 8720
1851 9069 1768
1153 6588 7306
609 1670 2976
337 2710 6975
847 6049 9664
1200 4453 234
63 264 2237
1813 3892 4694
1995 703 7963
183 4818 8797
80 4029 4526
372 6921 3471
349 9956 1380
1197 896 4232
978 1424 6485
995 2247 3101
1252 3850 5206
710 486 970
659 5879 6008
1562 985 3472
1728 297 301
1807 5451 6287
853 1821 8624
1502 9346 1067
1160 4778 9770
879 7911 353
140 1671 2001
147 6156 6614
807 1388 5114
334 7488 9223
805 1155 4753
139 6291 8178
887 5274 9795
1446 8740 1407
74 2970 8681
1534 4146 5709
1307 5213 1998
1286 7631 9169
648 4479 6086
1555 8964 2500
209 7351 9633
405 3842 5264
1144 5005 5883
99 9372 1927
1522 7135 2084
168 7405 7567
55 8053 3395
490 5739 1463
1214 7607 1107
470 4104 1636
1820 7196 1370
716 7916 9042
1919 6086 6633
1936 9571 4209
349 4462 6495
1605 6971 9406
68 1191 4754
1644 2337 2541
1446 3594 5693
237 1165 2487
997 8640 1153
203 6773 5157
424 6030 6501
927 6830 4828
1950 1906 4427
1714 8927 9736
1203 101 1023
1002 5557 5618
577 8351 3386
1373 4240 2308
1764 8465 131
1593 4031 4122
305 1461 2595
493 8278 4255
1187 9592 5462
451 8034 5357
1225 5634 864
1290 1419 4037
1652 188 3521
357 9574 921
1356 9774 2781
272 16 245
285 5655 6095
1533 1712 5699
562 6011 6888
328 5479 740
416 3097 4634
364 6341 1412
296 3469 5387
1833 7179 7674
957 5346 1139
136 530 3608
1991 7774 4491
219 3029 1431
1669 7980 1244
863 7970 9204
1102 5016 9361
1137 6457 7487
1586 7327 9335
1043 7642 4523
424 4629 8713
160 7702 1498
476 2587 6522
1774 170 5238
811 4273 7770
343 2013 8595
328 4192 7356
1714 4687 1237
303 7253 8451
135 4682 5759
1328 5065 7726
1869 1528 1684
211 8913 9038
1711 5350 8154
394 9536 383
1731 230 1907
1425 1951 8204
313 4975 6250
1020 6441 1576
1375 9981 4472
1190 1286 851
471 178 7374
147 3246 4311
890 6126 319
435 7027 7193
1186 5542 2500
678 3815 5450
679 5278 3863
1806 4918 5975
1089 5640 9951
313 2289 8904
1628 9982 7541
1107 1874 5636
1038 8102 8271
462 7476 8687
426 5393 7491
1367 6446 9912
716 3725 2036
1775 6166 4327
997 6389 8596
1577 8155 960
955 5430 6641
1961 6018 9508
1287 2014 7285
1493 8274 9439
1821 2939 6364
1596 4635 4793
1343 4538 6686
1795 7869 4900
839 7907 9126
1238 3165 3662
864 488 6139
1444 7249 9410
1116 104 3875
406 1029 8338
386 646 2408
1837 1188 1236
486 4601 7278
1129 9451 1018
1088 5676 480
1396 806 364
1212 512 3142
108 7323 8179
259 6855 1659
1697 3946 6215
1136 4644 6690
689 120 3884
1475 3023 4024
1572 1644 5870
902 3949 657
1716 8800 6571
1580 7945 9424
1227 5857 1583
1116 2070 7413
276 4410 5237
1526 8087 3920
1760 8496 1077
1717 8796 2424
1331 1699 9888
587 3446 6279
448 8112 989
685 376 3647
18 5429 9486
671 253 3626
1812 2059 2869
856 4389 5281
1497 397 2746
1248 3745 4360
800 290 3684
974 4368 7659
1417 2188 8360
962 3735 8110
1641 1430 1803
1339 4739 6621
1586 9650 1371
335 846 6364
103 4862 5622
1529 4128 2488
754 5882 5891
44 3923 6323
1193 786 2122
511 2487 8663
1672 4715 324
1672 3401 6670
1666 1744 2719
54 1290 8219
1778 3710 8245
567 576 1621
1116 929 2405
765 9408 6766
287 3940 8328
1910 7311 8890
1160 675 6544
445 7939 8318
742 4722 9094
1151 9313 3396
1328 6115 5454
1020 388 9146
1501 9101 1487
662 270 8954
744 9756 2726
744 2020 3117
1646 6548 2324
156 4859 84
1160 988 2985
489 6277 6430
1205 693 6257
732 2084 4982
197 5343 7868
1995 3220 7594
1289 8445 9461
518 3781 8903
1856 5763 7747
798 3882 8353
1681 1786 9355
1720 2902 5617
153 8564 8771
591 6309 2819
680 8904 2228
573 1914 6047
774 1504 5967
1064 6626 8206
988 6681 7005
1189 2368 3097
1508 3480 7530
548 6681 50
281 1251 2852
1717 8517 7966
