42 -8
-11 -28
8 17
13 -24
-3 29
2 2
-6 19
3 -1
18 -21
20 -13
-24 11
38 -14
44 -10
5 -4
10 -7
-21 26
0 40
-1 -13
-33 0
-1 -46
-24 -18
-13 -12
-31 39
17 -37
-5 1
-12 47
3 45
22 6
46 -2
53 15
-2 3
42 8
19 47
-24 -25
-8 -14
24 -26
37 20
-9 38
6 -2
7 -32
36 -10
47 11
11 -5
0 -51
-1 -3
-27 12
27 13
34 44
-33 -19
-35 10
5 1
-15 26
-7 39
1 23
-5 -6
-9 9
31 18
6 34
-11 41
-19 8
-2 -1
-11 38
1 1
-19 -26
-19 -32
3 2
-30 19
9 -19
-49 -6
1 6
-25 -20
-31 4
-11 4
-18 31
21 -17
5 -6
-1 14
4 -2
43 0
-3 -8
41 -3
-11 21
2 4
14 29
10 -24
-2 40
-22 -25
17 -25
30 -30
41 1
21 0
-6 -2
-2 36
-22 -11
-7 -45
1 3
1 4
20 -31
-3 -2
7 -1
16 45
-10 4
5 39
-1 -51
-11 -51
19 -3
-47 16
12 -23
-6 1
-31 7
-6 33
11 -29
-16 28
-17 -18
24 -9
-10 -1
40 24
10 -4
-12 3
-32 31
38 13
19 -10
-1 -17
6 -19
-1 -16
2 24
13 43
-11 37
15 17
-12 -2
-39 -13
-22 40
-8 6
35 1
-26 -10
6 -3
-36 -1
39 -8
31 -26
4 -2
-15 6
-41 -15
-7 -3
-29 16
-18 26
12 -6
1 -3
-33 -13
-36 4
16 3
44 -33
9 5
-3 51
11 -23
15 -44
30 -7
4 11
-9 -49
-14 -20
11 -5
-41 -17
2 5
-4 -3
21 10
6 -27
-7 -16
8 -46
-11 37
2 -45
-9 10
-5 -4
1 40
0 8
38 23
6 14
-12 -45
-49 0
3 2
0 -35
10 -6
45 -24
23 -24
-10 -14
-3 6
26 14
-25 5
-13 2
-40 -10
8 -38
12 8
-18 -17
-5 48
10 14
27 41
-18 -38
-45 -18
-40 15
-15 46
0 33
41 -5
2 13
4 -6
39 15
2 23
40 13
-24 -2
-8 29
-7 -1
-7 33
-5 -12
-16 41
-13 -28
-37 3
-16 -10
-6 5
-5 -11
5 -12
2 2
-1 3
-13 -43
23 -18
-12 14
-50 -4
39 -13
-38 2
-12 3
15 12
-5 21
-1 -5
22 9
18 -28
12 -9
-5 -15
13 18
-9 -44
-8 37
20 29
15 -2
4 -13
-21 -8
-16 7
-16 -44
-10 -3
3 -22
-14 -23
1 0
12 -3
-8 -10
5 9
-9 2
-1 2
-19 17
12 -7
-2 4
-18 -9
-32 -22
-19 -17
39 12
1 -1
-37 -7
6 4
0 0
0 37
38 -7
-18 41
6 7
9 22
-14 4
-14 27
9 -25
-4 -43
38 1
1 1
-8 23
2 -18
-7 4
-11 31
-24 -36
-2 -16
38 9
-4 22
3 8
-17 6
23 13
43 9
4 4
-29 11
-12 -10
-2 -1
20 -32
-7 5
32 -11
20 40
23 35
3 -3
-16 24
-11 4
-5 17
-21 -36
-13 3
8 -8
-13 12
0 -3
-12 1
-14 0
-2 4
21 -4
-24 25
1 -16
-24 -19
46 1
-12 -42
-13 17
-1 -1
-38 -21
43 12
6 -39
39 10
-9 4
4 -51
-7 14
17 -4
-4 -12
0 -12
15 33
-27 14
0 38
0 1
8 -18
-20 -13
-13 3
1 4
-4 5
7 -8
-10 -22
-19 -7
13 -8
5 6
-46 -15
-3 -8
-37 5
0 6
-17 37
41 20
-31 -46
-47 23
6 -1
-9 -35
-26 27
2 -2
-21 2
-12 22
-4 -8
18 41
10 -7
-1 -36
-51 -8
8 -3
-34 -3
-1 -1
-9 -31
-7 3
-46 -17
-22 -38
0 2
0 5
35 -5
10 -42
4 36
-2 4
34 -25
-1 16
35 1
0 1
29 5
8 2
-33 13
0 10
6 5
41 7
43 14
6 8
-15 7
-9 -21
-12 15
-15 31
-16 21
18 -27
36 13
0 0
6 10
34 2
1 36
-37 -8
5 -6
-1 -15
-6 -15
17 41
-27 -20
0 -1
-21 30
-18 8
-3 2
1 0
-9 -31
1 41
6 4
-11 -11
26 13
-35 7
1 -2
-9 6
12 30
-47 17
-3 19
46 8
4 0
10 32
-6 -2
7 4
-4 2
-12 42
24 0
-11 -11
22 -9
-16 -23
-4 -11
-20 -7
-8 -3
-9 2
24 -14
9 0
14 -25
7 -51
12 -24
-7 0
-4 -14
35 36
-6 -12
8 43
-32 -1
40 13
36 1
-20 -25
6 -12
-2 -41
20 24
-10 -44
9 -37
-2 -14
0 -8
-18 6
24 -12
7 34
12 48
-15 5
6 53
8 -18
24 -22
-4 -36
1 9
9 33
3 13
28 17
9 -4
44 -11
18 -15
-9 3
-35 -20
1 -1
-16 -50
6 32
-12 -34
-36 -2
-7 30
-1 -6
14 -1
-23 -26
29 21
-10 -19
-18 -28
35 -33
7 -9
-8 -30
4 4
21 21
-3 -46
-3 -2
47 4
0 1
42 -12
-8 9
-35 11
-37 29
3 -3
4 -8
-38 -17
39 14
17 -1
-43 -11
-24 -4
-13 30
1 -49
21 -9
21 -38
-36 -4
10 -3
1 -5
-34 36
-44 3
-2 -21
25 20
-47 14
-31 -10
6 9
28 35
-9 0
39 5
9 35
1 7
-47 -2
-9 -33
-5 -12
-36 9
-24 3
36 10
1 -9
8 6
-42 -7
10 -12
8 6
-3 5
18 -6
-15 -19
-24 12
34 2
13 -23
9 -6
38 10
-11 20
11 25
3 1
43 4
7 -20
12 -42
2 -1
-11 8
-33 0
4 -2
9 -3
-17 28
-4 0
-19 19
38 8
5 1
20 40
18 48
-2 3
-2 35
1 -1
1 -47
-23 33
2 -30
-41 -3
20 12
1 3
-26 -1
-8 -2
-1 1
24 16
-2 1
-7 -40
4 -12
22 -31
43 11
-9 -8
13 -4
17 25
-14 17
47 4
35 8
-39 35
-17 -48
-20 12
-4 3
48 18
-8 1
-12 4
-19 8
7 17
3 16
-2 -5
-16 5
-42 -16
-20 27
-4 3
-24 -24
-27 6
17 -15
-27 14
-15 26
-10 -13
-41 17
-8 -23
3 0
31 21
1 14
-6 -45
42 -10
-10 2
-42 -7
26 -18
-7 37
17 -14
24 -3
30 11
6 -5
3 5
-37 2
5 5
14 5
30 23
17 7
18 -10
-10 17
-25 3
13 -1
5 -39
-13 16
-38 -14
2 -13
-45 17
35 0
-23 -35
11 -25
8 6
13 -19
-51 14
12 -33
41 -1
2 -29
35 -23
18 -6
25 17
7 -14
8 -3
-44 16
7 -37
45 12
9 -2
-17 24
-31 -19
28 -27
-16 16
-10 -1
-19 -26
11 17
10 16
-22 -45
-14 -24
36 -17
-1 -7
1 36
6 -1
16 -29
10 17
1 -5
-10 0
5 22
-14 5
1 5
-8 44
-13 -47
-2 -2
-3 5
-37 -2
-6 -3
0 3
4 9
37 -19
8 16
7 -1
6 1
1 -7
-3 -3
-3 42
28 15
23 -17
-22 30
24 -27
-12 -35
-3 4
7 -1
39 7
-16 43
46 -15
0 -5
-19 4
-17 -43
12 18
13 4
18 49
-3 -8
-20 11
1 -1
-7 2
11 22
33 4
7 18
6 36
-5 6
-9 19
15 12
8 6
26 -8
27 15
-20 -7
-18 29
24 -8
-34 14
12 3
37 7
16 21
29 21
-24 22
-3 8
-13 -41
-29 -1
5 -2
18 -4
-20 -3
-25 16
2 18
23 20
-44 2
3 3
33 0
46 -10
12 49
-40 -10
-14 40
-6 -10
-16 -34
5 2
-9 -1
-11 13
0 4
-14 40
-32 33
-8 0
5 -1
-14 48
34 -7
5 -1
-5 34
-6 4
34 4
-33 3
3 25
-4 15
-12 -7
-36 -21
-12 8
-1 6
7 -24
-4 4
-3 9
-13 -16
-3 1
-4 2
-8 42
-17 -44
6 -3
-25 -43
-16 0
-37 2
33 16
-2 -44
-1 -1
-6 -1
1 2
-47 14
6 0
32 -9
6 11
10 11
10 0
-15 -21
-26 16
-13 23
-13 16
-10 -20
11 20
12 -1
26 25
-4 25
-22 12
4 -2
-8 -17
-18 -13
27 13
9 -18
37 19
14 -9
13 -2
-20 -26
10 40
-42 -21
11 21
-42 1
12 6
-1 52
1 -1
11 5
7 -21
-41 -4
4 -40
19 -25
11 -16
6 11
-3 -9
3 41
-26 -13
1 -1
4 43
12 19
36 7
21 -14
-4 7
-14 29
30 -17
-1 -1
15 43
14 -9
48 -11
-9 3
-39 -18
16 -5
-13 41
-28 -1
-14 -46
0 3
6 -37
4 6
4 -2
-22 17
-20 -43
-41 -10
21 5
-14 1
-23 38
12 -2
-14 -11
-11 -2
0 43
4 4
22 7
-36 -10
37 0
35 20
44 7
-25 -38
26 17
-8 11
6 20
-41 -1
45 3
-7 7
0 2
-43 0
-46 -4
42 6
-22 24
26 24
41 13
11 44
30 -11
-13 26
-1 3
-26 11
33 -17
-10 -18
26 8
-11 23
11 43
-11 -36
-41 -20
22 -44
-29 11
7 -22
0 -42
-13 -31
-11 -7
-20 6
-10 -9
-10 42
-38 -15
18 4
47 4
-31 11
-14 -44
-24 -25
-34 -10
4 -4
-10 7
0 -2
9 15
-16 3
-13 6
-8 -15
-34 -12
13 49
13 0
35 9
-35 -6
-37 -10
12 1
6 -33
-14 -12
-17 14
-24 30
-5 9
0 8
-9 27
7 -8
1 12
8 2
-43 -18
8 -4
26 -12
7 -37
-6 -18
4 -4
-33 -21
4 4
36 2
-12 -8
-6 -12
-8 37
-8 6
-16 -17
8 -19
5 10
-24 27
-10 -9
33 10
4 3
-5 -1
-25 18
13 -7
40 -2
1 43
-2 -1
-50 -3
34 -5
-4 -14
8 -2
-11 0
4 21
15 -40
-20 3
38 0
-41 -16
-30 -17
8 -38
-9 -42
18 0
-10 -2
5 14
2 12
41 -6
31 13
7 6
-11 35
-13 -16
-29 -14
-15 4
-2 -47
-2 21
19 -27
45 -17
29 25
1 15
-8 8
-50 -10
46 -13
8 -3
-14 23
2 -36
9 -46
-29 15
26 4
38 20
7 16
-6 16
-2 3
-33 -8
-2 -12
28 -15
9 -3
-19 10
0 7
-4 7
-32 -23
-8 23
6 36
-6 3
1 3
32 19
5 -1
25 -16
10 -2
-37 2
-3 -1
14 -12
11 -49
-13 8
-29 -24
6 3
-24 0
-28 -7
27 8
11 -17
-35 -1
33 -13
1 -7
24 5
5 48
2 39
-9 -6
-7 0
-11 45
-3 3
-25 -39
-20 -9
-15 -33
0 -7
37 4
51 6
-46 -9
-27 -24
-34 2
-2 -5
-12 -56
-47 14
48 9
-18 -11
8 -17
-13 -27
2 -27
6 -22
3 -5
3 5
11 -35
9 25
15 -32
-34 14
-8 -11
43 1
2 -4
-11 -23
0 -34
-24 -24
35 10
-23 27
-18 -46
-22 -50
-5 -45
-9 -13
3 2
21 -15
-13 24
1 -2
-3 0
45 -18
-2 -3
-6 5
5 -2
-24 14
-40 -11
2 -2
-9 4
-12 5
0 -6
-13 9
-2 -1
49 18
-26 -13
-4 -12
-8 -44
48 -24
-19 15
38 12
-25 -14
-14 13
-15 -25
9 -1
0 36
-14 -29
-41 22
11 -26
-10 53
10 -2
-25 5
-28 -41
32 -25
0 0
38 0
-1 -16
-5 -34
44 -2
-2 9
5 4
0 21
42 8
20 -7
1 5
14 54
-35 0
-11 36
16 -20
8 44
-1 12
-32 -15
39 21
-8 43
-22 -43
25 -10
35 23
34 32
3 -48
28 -12
-26 -10
3 -1
36 -4
-3 11
-29 -35
41 21
46 5
6 19
-25 24
-20 -2
-12 -6
5 26
9 -11
54 17
12 48
1 29
11 -25
-3 1
36 8
39 6
-33 9
-1 10
36 14
-16 9
11 -39
3 9
-1 1
-15 -30
22 12
7 -17
8 -20
-6 42
30 5
18 -4
-6 -7
-35 3
-28 12
-6 -9
-16 39
-44 7
-3 3
-5 18
-23 8
12 26
-42 1
-30 19
-13 -5
13 20
13 24
49 -20
-16 48
-6 -34
-22 22
7 3
1 22
-7 46
7 -35
-6 43
-35 -5
3 -18
-8 31
-3 5
-19 9
1 -1
-20 -48
1 -4
16 -38
31 35
-40 10
0 1
4 1
22 9
17 -17
1 -11
25 1
2 -1
31 -20
24 -9
1 3
6 -21
-10 -40
-1 -8
-12 -1
8 13
1 5
7 4
-13 5
14 -34
-8 -42
2 -38
-14 -11
-12 -46
-4 -11
-43 -32
19 8
-26 -20
7 -24
15 -5
26 18
-5 7
4 6
8 27
-15 -41
-13 -47
-8 -4
-2 -4
-1 -1
-15 37
-26 23
21 11
6 -25
0 1
-4 30
-20 3
-5 -46
25 16
4 43
-28 -21
2 2
-2 0
-34 -3
-16 -52
11 4
-3 0
6 44
17 -26
33 1
6 28
-33 -18
-14 7
-6 33
-1 -4
0 0
34 -1
-37 -7
7 8
18 -2
44 -1
11 7
38 -14
-5 0
3 8
-7 -6
-25 -20
23 27
5 -3
-5 -22
-5 2
3 -2
-32 -21
24 3
-1 3
-7 4
33 5
-37 3
-28 -36
26 -1
-42 -4
43 18
-3 -37
-4 16
9 15
-34 4
3 0
-42 23
43 12
23 -7
6 -28
16 31
-48 19
23 -29
-2 -30
13 -4
20 21
0 -4
1 -36
28 -15
34 14
-44 0
-3 6
6 3
38 13
4 -5
7 -1
12 11
10 2
9 33
-29 0
13 5
20 17
-16 25
1 11
0 6
-1 6
7 -1
36 0
42 -20
-5 -18
19 -15
-10 20
-1 -9
16 -1
5 -35
-30 7
-5 12
-3 -4
9 49
3 0
8 1
-9 -27
-7 -9
4 -23
16 -3
10 -17
-30 32
9 15
-39 -5
15 -5
-40 -17
-19 5
-45 7
-37 13
4 5
-8 -4
-14 30
-5 8
50 8
-4 29
0 -1
-19 -10
-48 14
13 -41
-8 40
-16 3
-25 23
-2 42
-9 -28
19 5
-20 6
-8 10
17 34
5 -26
-27 -44
2 0
-5 4
10 4
2 4
-12 10
9 41
5 13
4 14
-1 -8
0 0
-16 31
32 2
1 2
5 -5
12 49
-39 -14
-12 -3
18 6
-23 19
-28 -10
-11 46
-34 29
14 20
-23 36
18 -31
-27 16
4 37
9 49
-5 -42
9 19
-4 -12
-41 -1
-1 -1
-21 -35
0 39
-11 5
-38 3
10 -39
-1 -30
16 -29
6 7
-4 8
16 5
28 -12
27 7
-17 48
43 1
-5 44
-9 -8
-9 -6
-11 -19
-7 -32
5 -23
-5 -5
47 15
5 9
-4 -17
11 -9
10 24
7 -5
41 10
36 -7
16 -32
-3 -8
-19 40
38 19
-3 1
8 -19
13 -19
-17 -17
38 -2
3 -1
-20 25
0 42
-4 26
-36 -15
10 -44
-4 -14
-22 18
-17 46
32 17
5 -20
7 8
-48 11
-13 28
21 24
-11 38
13 -4
8 22
10 23
-8 -15
5 11
23 11
11 7
6 3
-13 -17
15 -31
-9 -4
5 12
16 16
-4 -6
-11 -28
-37 35
51 2
3 -6
-19 1
-6 -7
-4 -46
29 -10
0 2
32 -12
-33 10
9 -45
-33 -1
-20 -21
-22 1
30 -39
37 14
9 -3
6 2
-24 -27
17 -40
6 21
32 -3
-12 -13
23 -11
-12 22
34 -3
9 35
-23 -9
2 3
26 -18
18 11
-7 3
57 5
5 -4
43 4
15 -17
5 -3
41 2
16 -33
19 44
24 -32
22 -24
0 -4
46 -16
-13 34
9 9
-24 7
16 -14
-1 -4
14 51
-9 34
20 0
9 9
-27 -22
2 9
23 -12
-6 7
-33 -19
-10 10
-37 8
-33 -4
4 1
1 15
6 -6
-8 35
-38 -14
-11 3
-40 -17
-3 -10
-18 10
-5 21
-28 -12
0 -2
-23 -29
18 -27
-50 -11
-16 -3
-25 17
16 5
20 21
10 49
-8 -7
-1 -36
25 -12
5 11
-6 10
-3 4
3 10
39 23
-46 13
-17 -29
6 -43
-21 25
44 -1
-44 19
-33 30
-1 -2
-3 16
-44 -2
-13 -39
10 -2
19 43
-2 49
-13 -35
21 45
2 6
5 13
20 26
-1 -25
8 14
-4 -36
20 46
2 33
4 5
14 -6
12 9
6 26
12 44
39 -3
1 8
-52 -10
-5 5
-31 8
18 -11
-42 2
1 -5
43 -2
2 -34
-45 13
-24 17
5 -33
-7 37
-37 -25
5 6
7 0
15 -22
15 -43
9 25
34 11
19 -31
-8 27
-39 -18
-50 -3
-22 21
-5 8
-1 42
3 31
-19 -25
-39 1
3 -43
-1 -3
-2 -31
-6 25
-1 0
-49 15
-15 23
-27 -21
39 24
27 40
6 3
1 3
-15 26
-20 11
50 9
40 13
-48 15
-25 15
-15 41
-11 46
-19 -42
-28 -8
25 40
-16 -46
-29 13
1 -2
-18 3
-8 40
32 3
-1 -2
-3 -5
-45 29
10 -6
-20 -49
13 19
26 17
0 7
-7 5
-9 -9
-1 5
-4 -6
-37 11
-41 22
1 -1
-38 1
2 0
14 -12
28 -20
-22 32
-21 40
-39 -6
26 20
-6 -48
0 -11
1 -6
27 -21
-15 -36
47 -21
40 -2
9 -16
4 -15
-1 -8
5 -3
9 -2
32 -19
23 -5
-5 -9
-34 -24
-8 -28
-33 36
-8 -18
-3 -40
-11 -8
1 -3
-8 -18
-12 3
15 15
-14 46
-1 -10
-5 2
-5 2
0 6
-9 50
-17 -27
-2 10
5 -34
20 22
-37 5
-3 30
0 -10
18 -8
33 -6
-4 -10
-48 2
-20 3
22 31
11 25
42 -22
-9 -24
18 -7
15 -8
-8 -10
8 4
-42 5
4 -38
-2 6
26 11
9 -2
-6 8
18 -29
-15 4
3 -5
-3 -35
6 3
13 -43
-4 1
-4 0
-10 34
2 -8
-39 0
31 -10
-40 2
19 -32
-50 12
-9 20
-19 5
13 -37
31 4
4 2
9 15
9 1
2 2
13 10
35 33
14 -7
36 -16
-22 -3
-20 -14
-4 5
6 13
12 49
3 12
10 -5
-11 41
6 11
-32 -16
1 -7
-2 40
39 12
24 -24
-2 -1
3 -36
20 44
-4 5
25 -8
8 26
-6 1
29 15
-23 -49
-4 -4
28 -23
-16 -12
17 -39
-17 -28
17 -35
-4 46
8 5
44 -6
-21 -11
-20 5
14 -6
16 28
19 -14
-7 13
-21 13
3 15
-2 -1
-22 8
-16 -13
6 2
27 -12
12 -24
6 -50
7 5
-23 -11
10 2
-37 -12
-3 -3
8 18
-10 7
5 6
6 -7
4 8
2 19
14 22
-13 4
-33 0
18 7
26 20
0 34
12 -38
39 -14
-27 -11
-12 7
41 14
-19 -7
-1 3
15 17
-7 -1
-19 24
29 7
-5 19
9 -12
50 6
10 -5
8 -5
39 6
9 -8
12 -34
46 -22
-11 -34
-27 -1
16 3
2 29
35 5
-7 21
1 6
11 -11
5 -47
-21 -38
-10 -4
3 3
-15 -14
-15 -7
-21 24
-27 7
0 -36
32 -21
15 -16
0 -11
-9 12
36 11
2 0
21 -29
14 -11
18 -37
-1 2
-32 -5
-2 39
41 13
48 10
-6 -1
2 4
-40 -1
-25 -9
13 -26
-4 -2
-45 -16
5 -17
-9 -8
6 2
-44 8
-3 -36
4 1
-17 9
8 39
25 10
-5 22
7 1
16 -39
-3 -1
-10 -17
-1 9
3 12
-14 35
-15 14
29 33
53 3
-39 7
28 11
-5 1
-38 -11
42 -16
-9 16
39 -7
20 -26
4 12
3 27
11 -1
5 -25
2 -46
38 8
14 46
-23 -14
-13 -46
17 -13
-3 7
-12 5
-2 0
-17 31
-10 -11
-47 11
46 -5
-2 -9
26 19
6 32
6 -18
-28 -35
-24 -25
-38 -21
-48 10
47 1
2 -1
9 -44
-15 36
-11 -14
-26 -10
-19 8
5 3
-24 -16
3 1
-45 -3
0 3
39 -3
-11 3
-34 -21
-30 6
2 33
50 6
-8 10
11 -36
11 0
21 -23
12 -45
36 7
-36 -15
-4 9
-9 -33
-21 2
8 5
6 17
-8 4
-26 17
-8 -5
-17 26
44 6
19 -28
2 12
-18 -9
0 -8
-15 19
4 -38
28 -8
-5 0
-23 -11
3 39
0 -40
24 10
37 24
-16 12
-10 -12
-45 17
-8 46
-13 1
8 -8
-1 2
34 8
-10 38
-2 45
20 -4
-10 -24
9 15
37 -2
-19 -9
-2 -6
3 -1
1 8
47 -10
41 9
-36 4
2 8
14 -11
-10 -20
8 -48
-1 -4
8 24
-10 -47
0 -6
-31 -12
-41 12
-4 -20
-6 6
-2 6
-17 -6
-15 11
13 -8
-26 -16
16 -41
14 -26
-8 35
5 -5
1 -4
9 -19
-6 39
-27 -24
12 12
-11 32
39 13
-42 -3
-4 2
-15 11
-13 47
11 18
-10 52
-25 -32
-16 36
39 -4
19 -3
-16 -45
-6 14
22 20
12 -11
5 16
-3 -3
-17 32
13 -28
7 45
14 29
-17 25
-1 23
-11 -27
33 20
32 3
-2 -9
13 2
-26 -20
-2 -4
40 -33
-27 -19
-9 -12
-26 -15
-11 18
0 -35
5 50
-7 -4
1 -35
10 18
43 17
-48 5
-11 -14
-19 -5
11 -38
6 -4
4 10
2 4
-9 -19
0 -10
4 36
13 -36
10 -7
0 9
11 -35
5 52
5 35
-13 -37
-51 -11
-37 -3
3 -2
37 -26
21 1
-47 11
-1 -3
-35 -21
-19 8
2 2
39 -27
-11 19
-5 -22
18 -37
-28 3
-13 -3
12 19
33 10
38 12
41 -2
-38 -10
-6 6
-10 5
30 -8
0 0
39 -13
17 12
-1 -7
4 -31
31 -5
12 25
-12 19
-15 -12
-18 32
3 14
-2 -40
36 13
-26 7
-20 -47
-24 -20
13 -12
18 -23
-43 5
-19 -48
-36 16
10 -36
19 -26
38 12
21 -9
10 -5
-10 6
36 -2
3 6
1 2
-15 -46
-5 1
22 -22
-8 -15
-12 -33
21 -22
-16 -5
-11 38
-11 46
8 23
8 7
-42 -8
6 -9
5 -41
-16 5
-5 -10
-17 26
-2 12
25 -12
1 8
33 -5
-5 -24
25 -5
1 12
-42 7
-42 20
2 -37
-30 -23
-31 -13
1 15
-47 5
-46 9
-42 14
-12 5
-43 31
2 0
-7 12
-51 9
-16 7
-8 -41
21 3
10 -55
32 4
21 -32
6 14
30 -9
19 -24
34 -14
12 17
-13 40
-2 -6
-6 2
-27 8
0 -10
-27 -16
17 -10
-16 29
-6 -11
7 11
-26 -18
5 6
-18 -46
5 -19
-9 -5
-18 31
8 2
45 9
6 51
-1 -4
29 14
8 -1
-28 -25
-11 -27
18 -24
-8 -51
3 3
-22 -42
-28 -15
25 2
-11 -4
8 8
43 -2
13 36
12 -4
10 -46
-3 -15
7 24
-28 -38
5 23
-43 3
-10 -23
-7 -8
-7 -11
7 -10
-25 5
47 13
35 29
2 2
-36 -9
-34 12
-4 7
-1 -13
-37 1
25 -20
3 -33
-20 27
0 -2
2 -2
45 9
26 -18
0 1
36 15
7 19
5 14
-2 4
-16 -51
-15 4
-8 -15
-38 -14
4 -9
0 35
-24 20
-4 3
-10 46
-39 7
-2 -2
-13 -14
-6 -27
11 -12
-1 12
9 -18
23 -14
-37 3
-5 -12
-17 3
24 9
-36 -14
-24 12
-10 -48
-15 -19
3 40
-51 -5
10 -1
-12 0
33 -10
-1 0
1 0
35 -10
18 -11
6 6
-10 -34
2 -38
8 29
1 -5
-50 20
26 -31
0 2
9 14
-18 -6
-5 16
-5 33
-6 -47
-20 -27
4 12
-7 -23
-40 14
34 23
7 12
-1 17
-39 1
0 4
28 8
-15 44
33 -13
7 4
7 -8
51 15
-9 -48
-10 8
8 -1
-2 -8
46 0
1 1
8 44
47 -4
-39 -17
8 9
7 -5
-24 13
5 8
24 47
-30 -16
18 -31
39 -10
2 -1
-12 -21
-4 -7
-10 2
-5 -1
-46 25
-45 13
0 -38
-9 23
34 6
22 -13
12 -24
6 -37
14 -42
22 -23
-27 6
24 13
-38 -21
25 8
-32 1
10 0
-7 -42
-3 10
22 7
-3 -14
24 9
7 -22
-2 38
-7 5
-26 -19
-3 2
-3 -11
7 6
-15 -42
1 -40
-1 1
24 -26
42 16
2 39
38 18
-12 -46
8 -24
-16 10
13 16
-36 1
5 -32
25 -8
-14 19
-4 -2
-2 37
-33 -21
5 13
-34 -10
4 2
3 3
-30 28
18 33
6 -13
-19 27
-1 4
-7 -18
-16 -17
-16 29
35 11
-13 -9
0 2
-11 -24
26 0
-33 13
-1 -38
48 1
-15 -9
-39 21
10 -7
1 1
-2 -4
18 -1
-42 3
-12 22
7 -39
-4 3
6 -8
-16 24
5 17
-5 -35
-6 -7
-3 -6
20 -31
6 11
-10 3
7 1
-2 3
16 18
5 8
-31 -17
14 -46
-45 13
-22 26
0 -4
-5 -35
44 -3
-8 17
-9 41
-9 10
-16 18
12 -9
-2 4
4 47
11 -3
4 11
-9 -13
-29 -14
-37 -41
7 -6
-5 -10
-12 -25
13 -6
11 42
-15 41
-14 4
18 50
32 -16
8 1
-32 2
30 5
-25 11
-4 3
-40 8
-3 2
14 10
2 20
40 15
-3 28
-44 7
-29 -31
-26 -16
1 -2
2 35
-20 27
5 -21
4 2
-17 -3
-13 28
16 -8
-27 -9
10 11
-15 31
-5 -6
-8 38
-2 34
-7 30
-17 -10
2 9
4 -18
1 -6
-33 -11
0 19
-20 -36
45 -4
36 8
5 26
13 12
0 16
-1 -9
-38 -18
-16 3
-17 -46
24 -5
33 35
25 -7
-1 -2
-25 -11
-27 -19
-24 40
2 3
-20 33
-7 4
-1 2
4 0
25 -24
-13 -4
0 16
5 9
7 1
-1 -12
2 31
-10 7
20 -31
18 15
-10 7
28 14
14 10
35 -5
-1 2
0 -3
-35 -9
-1 0
13 0
-14 -47
-6 -13
33 1
9 14
19 -15
22 -36
1 -5
-3 -11
33 -14
-6 -8
6 34
-7 -4
33 15
-10 20
12 -7
26 -27
-13 4
-5 -6
-1 12
24 -7
-4 4
-43 1
9 -4
2 -2
9 -8
-14 -36
1 -5
14 -40
-20 -21
-3 4
10 -10
11 51
-2 1
-2 11
-27 -22
-2 -8
-8 -15
-12 -18
-7 3
4 -2
15 -34
29 13
-26 -37
4 3
17 -32
36 22
-26 -37
-2 -19
-1 -32
34 27
-12 -12
-1 17
-11 -36
21 12
11 -44
37 -3
-10 12
-6 -37
-8 -8
32 21
-10 8
21 22
-8 16
7 -7
37 14
5 34
-33 7
1 -3
25 -12
-20 -7
9 23
-4 15
49 3
-44 15
-4 -1
25 3
1 0
-6 -10
-1 1
-25 35
-3 -1
-18 -27
0 -1
47 -15
1 -12
3 8
-11 51
-7 8
-23 25
-8 34
-8 21
-16 2
6 -2
42 14
3 7
0 -7
23 -32
-23 20
5 37
-15 -49
-31 -9
6 -43
7 -7
11 11
-20 -12
13 22
-2 15
10 -1
26 4
1 -17
48 -16
-7 29
1 -2
28 4
-41 3
-6 -7
-5 -2
5 35
-28 34
3 1
-12 23
-27 -10
7 40
11 -8
-9 22
21 26
-8 -2
10 35
4 -6
-12 47
-7 20
0 -15
6 -34
42 3
-4 22
-2 -2
0 7
-1 -1
22 7
31 26
35 -36
-1 -1
19 46
-2 -16
5 -29
-1 4
-20 -25
-16 17
5 19
34 -8
-9 5
10 -13
2 8
2 -35
-21 -10
-40 -20
37 11
3 -7
-12 0
-24 -45
-28 25
-38 21
-13 -47
-22 16
-16 12
52 9
10 -4
-25 11
5 -26
-10 12
20 -33
-25 28
-42 -7
5 -3
15 -2
-6 -1
-10 36
-39 -11
-25 -16
-6 -10
-1 15
-29 -15
-23 5
-3 -7
-23 -24
35 0
50 16
-1 18
-13 -3
-27 23
23 20
5 -3
5 22
-23 -9
-13 3
-12 0
18 17
8 -1
-13 -26
-5 -8
8 26
-11 36
35 7
2 8
-5 35
-22 -8
8 -11
-47 10
-19 26
-14 -15
36 13
-33 -1
8 -20
39 9
27 -28
-9 -5
-38 13
-27 -12
10 -44
29 12
34 1
-6 0
-3 6
2 1
-8 42
-23 31
-1 -5
-26 19
-10 -37
16 -38
-34 -8
7 20
-9 -9
4 26
-41 -15
15 -43
16 0
-41 3
3 16
-3 30
16 -31
-33 9
11 34
-40 4
-15 27
21 -25
-21 9
5 -18
-16 -14
2 1
-16 39
-9 20
3 3
-41 -8
-9 26
15 -10
20 5
46 -3
10 46
21 37
1 34
-37 -19
1 2
2 -41
4 2
0 -21
0 4
-12 9
35 -10
-1 2
-14 -10
-7 7
7 -21
-34 -18
46 -15
-9 55
-3 3
-4 6
45 0
-37 -1
-17 42
-3 -13
-2 34
14 -21
10 28
11 -44
14 -2
-29 26
3 -37
6 16
-2 5
-27 24
15 28
-10 34
7 -40
12 20
-44 19
-8 15
0 0
-52 14
-2 1
-20 29
-1 -9
35 -37
-37 -11
16 -30
-14 -21
3 -1
10 11
-28 -22
11 -3
13 -39
31 37
-9 4
-29 -7
-8 -11
7 -5
3 4
-5 37
5 21
-8 16
20 -8
-28 -21
31 -14
10 -20
-9 -38
-2 44
23 -26
41 20
-12 -1
8 -37
9 26
-51 -10
-20 34
2 3
-4 -16
-10 1
5 -11
-10 -27
44 -3
-14 9
-4 30
35 -2
41 -2
6 -5
5 -15
14 -14
-30 5
14 26
-4 -40
33 22
-41 13
-11 -38
3 13
21 -26
-10 -7
-22 9
-53 12
8 -19
11 0
-4 8
-25 14
9 -7
34 0
-34 8
-44 16
29 -9
-12 10
-23 -5
1 3
13 -4
-3 -37
42 -11
-6 -36
7 3
-16 -3
-19 43
-9 -15
14 38
10 3
6 10
1 -1
-20 -42
2 14
0 -20
-2 14
13 -35
48 10
-12 2
9 1
4 15
9 13
-32 2
38 16
-8 -32
-21 -39
2 4
-5 4
-41 -5
4 -5
18 13
-8 34
-18 -7
22 44
-4 32
-3 9
27 -13
-7 49
-1 9
-1 3
0 -33
7 -3
14 -19
-38 5
10 -18
5 40
20 -27
2 -17
-10 3
6 -22
-5 -28
7 6
39 -21
40 -1
-24 -31
-5 -7
15 -17
-41 -7
-4 1
9 51
-13 5
5 -4
-12 -45
-13 23
1 36
-33 -6
-36 -19
-4 -36
0 -19
16 24
34 -11
-2 -3
-6 -3
-30 -10
-10 16
4 30
15 -14
36 -6
15 -1
-20 -46
-1 -3
-26 -44
7 -24
16 33
-20 27
-6 -9
-8 17
-3 -14
27 0
-23 32
-5 -3
3 -9
-8 17
0 25
9 0
8 -1
37 -16
-34 6
-1 10
18 -37
35 10
-2 1
-18 25
-15 -37
-20 -28
-17 -46
12 -27
-6 8
-26 9
1 -5
-39 -26
3 5
2 13
-1 -2
6 -34
24 -17
26 19
25 18
25 15
-5 -6
-15 -19
10 -28
-8 -11
37 -10
4 36
-34 -3
38 2
-31 0
49 5
11 -26
5 -25
11 8
-46 13
38 4
-2 37
44 -23
5 -3
9 -5
-18 0
-2 5
-4 38
29 15
-9 6
30 13
8 19
-12 10
13 4
-15 13
13 27
2 -25
-48 21
-8 13
-27 16
0 -4
-2 47
-34 6
-3 -1
14 11
8 27
5 10
-8 29
28 23
10 -15
7 10
1 -1
2 -31
-4 -15
26 9
-25 -34
7 -24
13 -35
15 10
-42 -20
0 -43
-4 5
-2 -3
-8 -33
49 -17
-1 1
13 40
-32 7
-8 -3
-6 50
47 13
-17 -54
8 -4
1 -2
0 3
-4 -7
5 -16
-15 8
22 -13
24 10
-28 -6
-27 -19
7 34
-5 43
42 5
1 1
-5 -16
-10 6
-2 -6
-2 -53
-19 7
-46 -36
27 23
12 -38
-8 -13
24 -9
4 -6
4 4
41 8
-40 2
39 -12
24 -46
-8 9
-44 -33
19 -3
16 -12
34 -1
25 3
-1 29
-14 13
-37 -2
42 19
-25 12
40 11
-13 46
-9 6
1 -8
40 -35
-47 -11
-21 -31
-12 -1
-2 -6
38 10
4 0
-4 36
2 17
15 14
1 -33
-6 -5
-25 -19
-5 -20
17 28
-5 23
-47 3
-6 1
-3 -7
-2 3
19 -1
-17 -4
19 35
34 -11
0 -3
-12 -14
-4 0
18 44
-33 11
8 18
4 13
4 1
-2 -1
-1 40
-7 50
-7 2
-1 5
-19 23
-9 -18
27 44
-20 42
-15 8
1 4
-39 -34
-6 3
-36 -5
-33 -20
31 21
2 36
8 -24
7 2
8 22
15 -4
-31 -23
-13 36
-1 -5
-36 -15
-7 -19
-19 -42
5 18
2 -35
0 -10
17 -5
1 33
12 40
33 31
-14 12
0 1
-9 40
-19 -9
-17 -17
2 -4
-5 -25
-18 -24
6 3
12 -40
3 6
-2 -54
4 34
-15 -7
-36 2
7 11
8 -1
-8 15
6 -25
-8 1
24 9
-51 13
12 10
-43 8
-7 33
-24 22
-18 36
-12 27
13 19
12 1
-3 20
-1 37
-9 6
1 -4
-6 22
-34 -40
-1 -18
-6 -11
-5 -7
3 -2
39 18
-24 26
-5 1
8 -19
-38 -14
-3 7
-16 23
-2 31
6 5
-3 0
7 -8
7 0
-9 22
-15 -1
-7 -2
-40 30
43 -7
-7 9
41 9
14 -25
14 -4
18 39
24 9
-32 11
-43 -10
-6 -11
22 -31
-9 -15
-49 5
-23 10
3 18
2 -5
18 -27
-23 -27
-14 -3
10 -8
-20 6
6 5
8 -32
-44 18
19 -37
-52 6
13 -2
33 -3
4 -1
3 -31
6 1
12 27
-13 26
-18 31
16 -33
6 -2
-12 -30
11 -3
-8 30
-30 -17
24 -1
1 -1
1 1
-5 -9
-2 -4
-7 36
-19 7
25 24
10 -25
18 -14
-15 15
-26 14
-31 -12
13 -41
-9 11
17 -2
-17 2
32 10
11 -1
-7 11
-11 47
5 2
-7 26
13 -22
11 -26
28 -13
22 -3
-13 41
-7 15
-2 -3
13 -15
-7 -10
-10 -18
-6 -1
-4 29
-7 42
4 -10
42 15
-23 -5
-3 1
-40 31
42 -3
-16 -10
-25 -11
-36 30
0 2
11 10
-33 6
-14 10
-2 -6
-19 25
16 26
21 -28
11 22
10 11
-13 -15
9 40
-11 15
-6 2
36 -1
-19 -54
39 7
-27 11
-6 3
20 -26
0 -44
-32 -6
-16 46
-9 -12
12 -6
-2 -1
-25 20
-38 -35
-6 -26
-38 -2
-8 -1
1 4
-35 -10
-11 41
0 -25
-8 -4
5 -14
-5 -4
-25 10
-10 -9
29 23
4 -39
-2 -10
8 0
-27 -15
16 27
-44 -9
5 -15
-3 0
-9 37
-2 -40
-9 -28
-24 31
-16 38
3 -1
6 18
40 -5
-1 10
10 0
-14 -8
-5 -10
30 -9
16 -34
-19 -13
-25 -10
15 30
9 -2
-1 -2
11 15
6 16
20 36
-5 4
-8 -19
19 -30
11 -41
-2 1
28 0
11 -10
4 -3
-14 45
9 -13
15 -33
40 -12
-14 50
-4 1
-3 -5
14 -8
-13 3
-49 0
3 11
0 -7
18 -19
-43 3
-6 13
48 8
-13 -11
21 25
13 -6
30 -22
24 2
5 -36
-3 1
17 36
-17 26
7 52
-22 24
0 -4
-15 29
-5 -49
-6 26
-26 2
-12 -1
-14 -9
-27 -15
-9 38
47 1
6 -11
6 -24
20 -13
-21 -45
-30 -15
-41 16
2 -1
-3 29
35 -37
43 -7
16 -13
-4 42
2 -9
2 0
14 -39
-10 17
-26 20
3 28
15 -39
-2 2
14 -7
3 44
-43 -11
0 12
-9 6
1 0
-1 18
3 -5
9 3
3 -5
-13 -2
-10 9
3 1
15 -10
-19 8
-25 -24
-23 27
5 8
-2 2
13 47
19 -21
3 8
-5 -4
12 -39
-32 11
-42 1
32 24
-41 -6
-2 5
-5 2
-17 13
39 14
9 -5
-13 -11
-4 0
31 -10
1 46
-3 2
-14 24
-15 20
35 15
0 -30
-37 -24
9 -45
31 15
7 -20
-3 -12
2 5
17 -14
23 5
-35 -5
-16 30
15 -6
20 41
-5 4
11 -1
2 -34
-15 7
1 11
-2 -4
-20 -30
0 -5
5 0
-10 4
25 7
-33 -11
-29 10
11 17
-3 -40
-4 -5
-2 -3
-8 -34
-29 -9
-4 -4
15 8
-34 5
-12 -20
50 -15
35 11
5 -36
7 -14
-32 18
6 27
-21 -13
25 17
32 -20
-9 9
9 12
2 20
-2 -6
-13 34
-19 34
20 -32
6 -6
-37 -1
1 4
37 6
-9 5
37 -18
3 44
-3 1
5 1
-9 -11
6 7
13 -28
-2 -2
36 -16
-16 1
-5 50
-7 -1
-37 7
-1 -6
-26 3
-3 30
2 -14
-27 11
12 37
-26 7
4 1
6 -32
-8 13
5 6
-8 9
15 49
3 0
-5 0
29 2
6 -6
-6 32
-30 -12
-13 -21
-42 15
-6 2
24 2
2 -2
-19 9
7 -40
-48 -9
-39 -8
0 4
-4 -5
40 -1
-5 -36
2 15
-34 -41
12 -2
16 -33
19 -12
-29 -17
-35 -1
-8 40
10 23
4 -50
-7 7
8 -2
15 8
3 0
-4 -33
-7 4
8 -11
10 -38
-20 31
16 -32
13 0
1 4
-23 0
-25 11
-4 -3
-43 6
17 25
-5 -4
-32 -17
-8 -10
2 7
4 2
-1 -9
-37 -3
-3 -16
-8 -15
18 -39
-5 -11
0 1
-2 2
1 -27
3 -1
11 10
29 -11
27 16
42 9
-4 -44
-12 -8
-27 -7
-30 -16
-29 13
5 9
-23 21
3 9
3 26
8 1
-10 -10
2 0
-11 -33
39 1
-32 39
0 5
3 -7
-39 6
10 0
-21 24
-10 35
36 -6
-16 -15
38 9
36 -5
3 41
6 7
-2 3
29 -30
-11 36
23 -12
38 13
6 -1
0 11
11 -9
51 -8
-32 -23
-33 -5
-46 -13
-10 4
-50 -8
5 8
-34 -7
-24 15
1 4
-20 10
-1 39
3 -34
2 -8
41 -11
-6 1
-6 17
4 -37
21 -29
-3 17
1 21
-4 22
0 -6
-14 37
-4 -34
-22 -17
-4 -6
-5 6
-15 28
0 5
13 24
10 -5
-28 25
2 0
-9 -21
47 -23
-1 4
-4 12
9 20
8 -34
-9 2
-1 5
13 -1
12 -17
11 10
10 9
13 -9
-35 18
-25 14
-2 28
28 18
1 -9
3 8
13 4
19 11
-3 25
-13 48
-4 8
-9 -12
-1 -6
5 -6
-1 -14
-39 17
-1 -45
-39 -39
3 -39
25 7
-55 -5
-5 -8
37 2
22 -17
22 8
19 45
0 -9
-39 3
-40 -12
-25 17
-12 28
-1 -4
-4 -35
10 12
-33 -28
6 2
-5 7
-9 3
-30 -29
27 13
1 -11
-18 35
16 -26
-40 -12
-35 -7
37 -19
-5 -11
15 -8
-1 -1
16 17
6 -3
46 12
22 -6
-50 18
12 6
-9 -1
25 20
-22 -30
-17 -35
-1 24
-8 9
-51 -4
-10 -42
3 6
0 -7
8 13
-1 36
-8 -8
2 0
39 12
16 -14
-7 -22
6 8
22 -23
50 -2
-18 12
-13 -14
2 0
-27 13
4 8
9 -26
0 -2
40 16
18 -6
-21 -23
-45 9
-42 3
-37 3
-11 3
6 -1
19 -29
53 4
0 9
-2 4
-6 -7
-3 -8
8 12
-4 -46
17 50
-11 -23
6 5
-14 10
-21 -22
7 0
27 6
-7 0
-12 -11
6 -9
8 4
2 -34
-3 31
-14 8
34 -19
-7 28
17 9
-9 47
-6 37
22 4
-14 -13
29 36
2 37
10 -22
-5 0
11 10
9 10
9 9
30 17
12 25
-6 26
-16 -1
-1 -38
-1 -4
-41 18
-21 -14
-8 -6
42 -12
7 16
-19 -11
6 -10
-49 8
-7 11
0 -38
-12 11
-13 -22
-25 -15
-3 41
5 -30
-9 0
-3 35
9 -17
28 9
17 32
-6 -34
-4 -44
-40 -18
17 -3
41 -2
-11 43
20 9
-4 -12
-8 24
-37 6
-39 -12
-6 23
-8 33
-9 35
-38 19
-6 -39
-18 -4
0 2
27 12
17 -32
-9 21
-31 -25
0 -8
14 24
24 25
1 8
14 -23
-39 -23
24 -36
-26 7
35 -25
-19 30
16 -11
-13 47
-18 21
36 4
-35 10
-5 -24
-30 -8
-26 16
0 8
-2 7
10 -13
21 9
-19 -4
5 -22
21 3
-4 -26
4 -40
10 -3
0 -1
-2 1
23 25
-7 45
11 8
-16 33
23 37
3 8
0 1
9 -32
-8 37
-3 3
7 -1
-20 -14
-28 16
-10 27
25 15
-3 -43
-10 -17
-44 26
11 17
8 45
17 -32
-31 1
16 -34
-10 5
-5 -33
-14 25
0 -43
34 8
10 -6
-1 1
-37 4
8 -27
-10 36
7 7
-32 -8
-16 33
-15 -13
4 8
1 0
0 -5
14 10
0 2
35 0
-3 27
-45 13
8 9
43 3
-22 31
-6 18
-21 -28
1 -36
-36 1
1 -1
-22 26
26 -14
0 15
-10 29
4 6
-9 4
-15 11
0 29
0 0
-23 -2
-10 5
-8 -47
-5 -27
-3 0
2 6
23 9
-14 39
-2 -9
9 -8
-22 17
16 -13
-6 -35
26 -2
16 45
11 -4
1 -27
2 -2
45 18
-44 15
7 -13
7 -16
2 4
11 7
-1 39
8 -34
-9 1
30 -11
-12 6
48 9
-14 27
10 25
2 -3
4 37
-24 14
-4 33
7 8
-6 -28
1 0
-2 -8
0 -9
-8 -50
7 -41
-3 33
8 38
12 -13
-1 8
14 52
-4 2
1 9
-33 -10
26 -18
29 14
-12 -47
16 34
30 22
6 -36
-49 -11
-23 10
-22 -35
5 39
21 -7
18 4
3 -36
-4 5
13 -30
12 -11
-13 4
1 -1
-6 6
3 10
39 -31
12 21
-31 17
1 0
-15 -52
-40 -20
-29 9
3 -40
-31 -19
-40 -9
-7 6
-2 4
19 20
29 3
14 9
37 -15
29 -14
7 -40
-38 -11
-3 -44
43 -13
-29 -18
-6 3
-6 3
-4 13
4 -31
-13 -30
45 -12
7 12
-33 -4
-45 15
-1 3
12 -25
-3 15
6 -5
6 11
-5 9
-9 1
6 8
-30 -4
10 -3
-33 12
-7 -6
-51 -3
-6 -5
46 10
31 -25
-18 19
2 -3
-39 -12
-18 34
-24 -33
36 14
-1 -8
-11 -11
0 -50
15 -32
12 -17
20 -32
1 -36
-6 38
-15 -30
31 14
32 2
0 32
-3 0
37 -7
-13 -28
3 3
28 19
-15 -32
10 9
-5 -9
-31 -24
-7 23
7 11
10 15
16 -30
20 9
5 -5
-5 -9
-23 29
-13 22
2 -8
-1 10
-2 -32
-20 -17
19 -27
-4 -13
-18 -25
-45 -8
14 10
-39 -12
-39 0
-20 37
-15 -45
-13 -52
36 39
2 1
12 -9
18 -45
38 -10
1 2
-9 -32
7 -1
-1 0
-16 -28
32 5
-14 -53
-4 -13
49 1
-14 8
2 -19
42 3
17 45
24 7
3 -41
16 -17
-8 6
23 25
-15 -18
7 -37
4 55
38 6
-38 -14
27 15
44 -23
-4 -6
27 16
-14 -6
1 33
-23 -29
-9 2
9 2
-32 -20
5 6
15 -36
-5 -14
10 -8
-7 5
-19 -45
-12 36
12 -2
29 8
-20 -11
5 -3
-19 -2
38 -3
-35 2
1 36
-6 -5
-14 -27
0 36
-2 0
-34 3
2 6
-14 37
-25 25
9 1
-10 8
6 0
-13 -2
37 20
-6 -40
4 -2
3 -9
12 9
-7 19
-32 -21
-3 -1
-37 -11
39 14
10 -3
12 46
-3 37
-21 14
13 0
-1 -33
10 -45
-24 -46
-3 32
-7 -28
18 7
24 -25
45 2
14 42
-5 0
4 -8
-43 -14
5 1
-4 5
42 7
-10 -19
-19 10
9 -34
2 -1
16 8
-17 34
-40 -10
-8 -48
-5 6
42 36
19 9
-37 2
28 6
37 8
11 37
6 47
-18 43
-1 1
-3 -4
-7 -2
32 12
33 -10
35 -11
-20 6
-22 23
22 11
34 -24
24 -3
8 -23
-8 -12
34 4
45 5
-39 -21
-23 -32
-38 6
-5 3
7 -1
-31 13
-39 -9
-48 -2
7 20
-20 -7
-43 2
-13 -6
41 -2
45 7
-26 -19
-12 -11
-44 2
-19 47
-13 -38
-25 -24
4 -23
15 15
-6 21
-12 20
4 5
1 28
-6 3
42 3
-7 19
13 50
0 0
-14 -42
9 29
36 7
13 47
15 19
-24 12
-26 -10
-19 -46
4 -26
16 -21
-1 -4
-43 7
-2 -8
-1 -40
-18 16
24 18
23 7
-41 -4
21 1
-49 -7
-24 -17
5 0
0 4
3 11
-33 -9
10 28
-6 4
1 -10
42 -5
34 8
0 -6
32 2
2 12
-4 10
17 29
0 10
38 -1
-1 0
-16 36
9 43
-13 -39
0 9
-46 -17
-37 1
33 8
-18 -4
24 7
29 15
-2 3
31 18
-1 1
-28 -40
7 1
7 -4
16 21
4 -3
55 -13
-11 1
0 6
6 -5
-1 0
-11 6
6 0
8 -23
-9 -36
8 -22
31 17
26 9
-21 27
-4 -10
15 3
37 9
-15 -23
12 30
-2 3
-24 -14
1 -2
24 -16
-10 5
-28 -35
11 -22
0 36
-1 9
26 19
33 2
-5 45
43 -1
10 52
0 30
11 -25
-11 -2
-14 1
-8 5
-15 6
2 1
1 -3
-30 -37
2 -33
7 29
-11 24
4 2
-38 -2
3 1
5 -17
6 -22
-4 -38
-41 -20
-25 -5
-11 -36
2 26
-13 -34
3 34
-2 0
-4 30
-16 55
-27 -23
-24 -6
-4 -11
32 22
-1 -2
-21 -2
-33 -3
40 20
-1 -9
-39 -20
6 13
5 0
4 -1
-6 3
-3 -1
16 32
-5 3
17 -22
-20 -46
-4 -43
43 -1
13 -29
-14 -17
-36 -8
-20 -26
-5 -29
-42 2
1 -5
-7 -10
18 -25
-8 -22
-17 7
8 9
-28 -42
2 -2
-12 -11
-37 -6
0 5
7 -18
15 -8
3 13
45 -15
2 -4
-12 -22
15 -25
3 9
-40 -20
13 -30
52 4
8 -28
44 -3
-4 28
12 -30
17 -2
-5 -18
-4 12
-1 3
27 -12
1 5
-8 47
-7 -36
-44 4
11 16
-25 -5
-7 -3
-8 -1
-9 5
7 39
-8 -1
14 0
32 3
11 -47
-6 1
-30 -8
-1 1
-12 -25
18 -1
44 19
4 -40
1 0
-2 -2
6 -2
-3 -4
-7 -18
53 2
-1 35
9 -10
-14 23
-2 -3
12 24
-23 8
23 1
6 8
21 -12
1 -2
6 -49
7 -38
-15 -16
16 -4
2 -19
-19 31
5 7
5 -1
4 -12
-39 28
-3 1
-7 0
6 10
-45 16
46 5
-40 -9
-37 -7
-10 1
15 20
-3 12
-5 46
-5 3
-7 -28
-1 -4
-8 30
-48 0
-5 32
-30 -38
-11 25
-1 11
-40 -10
10 7
-8 -17
9 2
21 42
0 -36
35 19
-18 -10
27 -7
7 -9
8 33
2 32
20 8
40 -2
-28 -25
28 -12
-24 27
-3 19
43 -3
6 18
14 -39
11 -1
-35 -40
-16 5
-7 -8
30 -21
7 7
29 4
-15 42
48 5
-41 -14
2 -13
48 7
48 -11
10 3
45 3
17 -19
-27 8
18 0
29 -20
44 18
-8 -43
19 8
-28 -41
-8 -5
-7 14
-23 6
-6 6
16 -5
18 4
-20 -4
27 -1
-1 5
-28 2
-1 4
2 -14
28 18
-5 -1
38 8
15 43
3 -28
-12 54
12 31
25 7
-2 -8
1 -1
14 44
-46 12
-4 -5
12 10
-16 30
-12 3
9 21
19 -27
13 -2
-42 1
33 -11
-13 7
3 -41
-34 11
8 -43
-14 -46
-25 -7
-1 -39
0 36
-13 44
10 -24
-3 4
-45 -11
-14 -28
-10 39
1 4
9 7
-14 -9
-8 -1
32 26
-15 0
6 -44
-7 -24
-45 2
17 11
2 -1
-12 4
-35 -17
46 13
24 4
28 5
-38 -6
15 33
2 -40
16 49
-1 -1
10 3
-2 -39
-10 6
-43 16
31 -7
46 20
-3 0
-2 -5
-4 -4
-2 -4
-3 1
14 -9
-1 -2
-6 29
-5 -44
-33 33
13 23
9 -2
0 4
-35 -42
26 16
-15 50
-1 -1
7 -2
-17 -1
-14 6
38 1
-6 -1
-4 -2
-4 17
-7 10
5 -28
8 34
-10 -9
-24 27
-18 12
-28 -44
-22 34
-28 -18
-5 -5
-18 25
-5 45
-14 34
48 -9
-19 -32
-11 18
24 18
-2 8
-17 4
1 -23
-35 5
12 0
49 11
-2 3
40 -17
-32 -28
36 7
0 -40
-18 -28
1 5
2 51
-8 -14
-31 -20
14 -14
15 9
-7 -8
0 -1
0 -1
2 46
17 3
-17 -45
-33 10
-7 -9
6 -37
-4 33
2 -39
1 -7
-40 -6
9 19
-19 14
-29 23
4 -43
-3 -6
8 -18
-4 22
4 0
8 8
-14 6
-27 -12
-13 -31
-32 -22
4 3
1 15
1 43
-2 0
-45 2
12 23
22 -8
-48 -8
28 -27
23 1
10 -49
5 -18
-25 -25
-19 -17
-3 1
1 31
-38 -12
5 6
-25 17
-21 -20
-17 2
2 14
17 13
0 -19
46 -12
-1 -3
-35 7
-16 -40
-20 -11
6 1
23 -26
-5 -36
-4 -1
3 8
5 6
18 36
-20 5
6 20
-12 -28
0 -30
4 4
-15 -1
-7 -17
13 -5
-5 -9
-6 0
-9 -23
-5 31
-49 -1
-10 -13
-12 -33
-10 52
10 -17
-5 -41
-10 50
12 -23
-7 4
-14 35
12 -5
-21 -34
36 10
-32 21
-54 -12
-20 -41
38 9
-39 15
7 -12
5 18
16 47
32 -12
-14 11
-9 -38
-19 24
7 11
-14 2
11 19
-35 -21
48 -6
-41 -12
9 41
0 35
-26 -23
2 -2
2 10
-9 -33
-13 18
7 -17
2 4
-4 -39
-17 16
-19 -44
-21 -31
-12 0
-39 28
42 -2
6 43
-15 36
5 -31
9 2
-4 -1
6 -23
18 -36
4 0
24 33
17 -40
-22 12
2 -42
1 -35
23 -9
-17 8
-10 -51
2 -49
-16 -26
-15 -25
35 2
-40 -39
0 45
-18 32
6 5
44 -1
-4 -5
2 -1
-3 -1
8 -10
22 -15
4 -2
14 -13
45 7
42 -23
10 -15
-52 15
35 4
43 7
44 -24
-3 -5
36 -8
-8 40
-12 3
23 10
-49 3
-27 -8
-40 1
19 -27
5 10
0 39
-8 -5
-37 33
0 9
2 4
-18 32
18 35
-1 -39
35 -5
-1 27
23 23
-5 -12
-31 -2
-28 -14
40 2
-2 -16
-43 -14
37 -3
3 7
-33 -25
7 -39
1 6
-24 5
-25 38
-17 -25
5 6
-40 -10
12 4
22 4
-4 4
9 14
4 -11
-26 19
37 -5
33 -5
-4 -13
16 11
6 -1
5 34
-13 52
-44 2
-2 42
11 -30
23 -21
9 -43
34 -11
13 26
-23 -33
-1 0
-4 4
39 19
-4 15
8 -1
10 6
-20 30
5 17
16 -32
19 -31
-20 -5
-24 -11
17 -29
15 0
-8 7
-11 18
13 46
-1 0
-33 -15
33 4
9 6
11 -1
