100 138 13 15
40 25
83 96
53 40
79 64
14 1
46 31
100 85
28 13
8 23
8 21
18 33
75 88
67 54
30 15
10 23
43 56
56 69
65 78
54 39
56 41
56 71
60 47
73 58
89 76
64 49
69 82
77 92
12 25
51 64
16 31
80 93
71 86
77 62
31 44
2 17
62 75
72 59
68 53
86 99
90 77
24 37
43 28
72 85
48 63
27 42
49 34
16 1
98 85
78 63
2 15
45 32
83 98
52 65
67 80
20 5
54 41
51 38
22 35
4 19
78 91
28 41
59 46
25 38
30 17
67 82
60 73
48 61
89 74
99 84
21 6
95 82
52 67
60 75
3 18
36 49
55 68
86 73
85 70
24 9
88 73
16 29
42 29
31 18
69 84
14 29
74 61
37 50
90 75
7 20
54 69
19 6
80 65
34 19
19 32
3 16
79 92
70 57
66 51
17 4
72 87
44 57
58 43
27 14
35 20
87 100
33 48
60 45
62 47
36 23
49 62
42 55
23 38
42 57
53 66
5 18
25 10
26 41
35 48
68 83
26 13
95 80
97 84
22 9
28 15
46 61
55 70
70 83
76 91
81 96
66 81
59 74
24 39
63 50
26 11
63 76
68 81
36 51
37 22
