200 227 4 148
76 80
37 41
129 125
165 169
40 36
5 153
101 105
64 68
165 161
78 82
184 180
72 68
29 177
87 83
54 58
138 134
170 174
149 153
181 177
55 59
109 113
152 4
177 173
171 23
147 143
193 189
173 25
93 89
71 75
138 142
25 21
36 32
127 131
129 133
197 193
122 126
181 33
179 31
24 20
165 17
93 97
22 170
34 38
175 171
133 137
134 130
48 196
16 164
178 30
148 152
101 97
8 156
2 150
46 42
194 46
51 199
169 21
183 187
143 139
95 99
118 122
22 26
51 47
84 80
96 100
163 167
155 7
64 60
3 7
29 33
70 66
65 61
117 121
178 174
147 151
81 77
88 84
62 66
94 90
28 176
194 198
49 197
9 13
78 74
167 171
44 40
185 181
31 27
9 5
41 45
83 79
198 50
159 163
128 124
169 173
168 164
45 49
158 162
174 26
149 1
193 45
35 39
102 106
141 137
57 61
23 27
120 116
95 91
28 32
96 92
44 48
35 31
44 192
159 11
14 10
11 15
54 50
117 113
115 111
155 151
52 200
21 17
13 161
162 14
23 19
35 183
65 69
51 55
85 81
8 12
140 136
67 71
52 56
199 195
108 112
176 180
139 135
132 128
89 85
131 135
186 190
22 18
151 3
87 91
38 186
103 107
15 163
127 123
192 196
168 172
166 162
82 86
6 2
179 175
42 38
79 75
185 189
118 114
52 48
108 104
30 34
124 120
179 183
159 155
148 144
28 24
200 196
100 104
29 25
168 20
36 184
39 43
41 189
123 119
49 53
1 5
154 150
15 19
37 185
99 103
46 50
60 56
37 33
67 63
92 88
116 112
125 121
16 20
157 161
184 188
11 7
191 187
94 98
164 160
105 109
9 157
172 176
17 13
6 154
136 132
170 166
182 34
167 19
192 188
4 8
111 107
195 47
156 160
98 102
140 144
53 57
180 32
114 110
158 154
14 18
90 86
73 77
58 62
160 12
146 150
195 191
106 110
69 73
158 10
191 43
12 16
72 76
