200 203 13 18
43 61
72 59
69 56
173 155
103 85
52 39
181 199
166 148
141 123
1 19
164 151
81 99
94 112
100 118
167 154
99 86
148 161
58 40
45 27
128 146
170 157
108 90
54 67
38 51
55 73
47 34
144 126
186 173
122 104
134 147
148 135
46 59
124 137
29 16
169 182
190 177
174 156
45 32
117 135
25 43
103 90
189 171
99 112
33 51
100 87
95 108
44 26
4 22
137 119
167 149
37 19
23 41
27 9
104 86
107 125
141 154
182 200
84 102
168 155
81 63
114 96
41 59
39 57
170 188
47 60
95 82
138 151
136 149
144 157
106 88
154 172
130 143
20 33
158 145
42 24
21 8
51 64
82 64
166 179
66 84
67 85
65 83
79 92
118 105
174 187
185 172
122 135
6 24
87 69
72 85
77 90
156 143
95 77
130 112
160 147
193 175
163 181
153 166
22 9
49 31
23 10
137 155
189 176
174 192
42 55
170 152
148 130
199 186
187 169
175 157
127 145
85 98
76 89
71 89
102 115
57 44
110 97
171 153
50 63
170 183
129 111
45 58
125 112
119 132
44 62
50 37
12 30
69 51
161 179
30 43
75 88
179 197
152 139
30 17
28 15
57 70
26 8
160 142
73 86
52 70
102 89
92 105
91 109
42 60
32 50
162 144
68 50
120 102
195 182
145 163
196 178
11 24
74 56
146 159
176 158
178 165
25 7
16 34
64 77
73 60
103 116
14 1
155 142
61 48
131 113
21 39
98 111
198 185
158 140
89 107
65 78
47 29
36 49
192 179
122 140
126 108
12 25
42 29
131 149
68 86
33 46
35 53
22 40
61 74
174 161
92 74
61 79
79 97
66 79
114 101
35 48
11 29
131 118
16 3
47 65
104 117
106 119
71 58
165 147
135 153
67 49
68 55
178 191
