200 279 14 17
114 97
35 18
55 69
170 153
174 188
13 30
46 32
169 183
59 42
36 22
171 188
181 195
197 180
63 46
126 143
77 91
20 37
80 63
15 32
28 11
78 64
169 152
85 99
67 81
157 143
176 162
116 102
139 125
49 32
91 105
21 4
177 163
182 165
172 155
51 34
107 124
120 106
61 78
38 21
39 22
111 128
158 172
128 142
104 118
42 28
13 27
21 7
81 95
200 183
62 48
166 149
71 54
34 20
144 161
126 140
192 178
29 12
149 132
131 117
117 134
154 140
92 109
18 32
178 164
58 72
158 141
117 103
62 79
40 26
57 43
65 82
144 127
133 116
54 40
31 48
171 157
152 138
174 191
5 19
139 153
30 16
27 10
77 63
75 61
151 168
94 77
176 190
84 67
187 173
44 58
169 155
130 113
183 166
57 40
160 143
45 31
66 52
101 115
95 78
137 151
175 189
67 50
73 90
96 110
63 49
165 179
44 61
81 64
133 150
122 105
39 56
138 155
79 65
113 99
112 95
119 105
147 130
98 112
60 43
100 114
45 62
75 89
49 66
121 104
29 46
110 93
86 100
161 178
33 19
76 62
112 129
58 75
198 184
73 56
122 108
90 76
119 136
145 159
3 20
74 88
80 66
141 124
179 193
57 74
107 93
181 167
110 124
38 55
138 121
165 148
5 22
51 68
16 2
147 133
24 10
176 193
127 141
173 156
146 132
39 53
40 23
76 93
47 61
7 24
150 164
179 162
167 184
166 180
169 186
23 6
148 162
22 8
186 172
70 56
99 82
174 160
59 45
71 57
165 151
181 164
41 55
28 45
71 85
117 100
21 35
177 194
196 179
187 170
89 106
18 1
135 152
194 180
74 60
183 197
30 47
131 148
3 17
128 114
164 147
181 198
27 44
133 119
44 30
155 141
87 104
111 94
108 125
34 17
139 122
101 84
149 135
136 150
116 130
174 157
189 172
37 23
72 55
83 66
27 41
89 103
108 91
123 137
96 113
53 36
186 200
109 123
168 182
138 124
158 144
52 69
19 2
85 68
95 109
107 90
156 170
14 31
70 53
98 115
149 163
52 35
142 159
98 81
175 192
161 175
49 35
79 93
75 92
83 97
185 171
145 128
116 99
25 42
50 64
18 4
123 106
74 91
108 94
54 68
134 148
121 107
114 131
38 52
118 132
170 184
118 101
51 65
77 60
70 87
135 118
153 136
173 159
130 144
26 43
177 191
6 20
97 111
26 12
199 185
162 145
