2500 2500
957775289
2500
5001 1
7501 2
10001 3
12501 4
15001 5
17501 6
20001 7
22501 8
25001 9
27501 10
30001 11
32501 12
35001 13
37501 14
40001 15
42501 16
45001 17
47501 18
50001 19
52501 20
55001 21
57501 22
60001 23
62501 24
65001 25
67501 26
70001 27
72501 28
75001 29
77501 30
80001 31
82501 32
85001 33
87501 34
90001 35
92501 36
95001 37
97501 38
100001 39
102501 40
105001 41
107501 42
110001 43
112501 44
115001 45
117501 46
120001 47
122501 48
125001 49
127501 50
130001 51
132501 52
135001 53
137501 54
140001 55
142501 56
145001 57
147501 58
150001 59
152501 60
155001 61
157501 62
160001 63
162501 64
165001 65
167501 66
170001 67
172501 68
175001 69
177501 70
180001 71
182501 72
185001 73
187501 74
190001 75
192501 76
195001 77
197501 78
200001 79
202501 80
205001 81
207501 82
210001 83
212501 84
215001 85
217501 86
220001 87
222501 88
225001 89
227501 90
230001 91
232501 92
235001 93
237501 94
240001 95
242501 96
245001 97
247501 98
250001 99
252501 100
255001 101
257501 102
260001 103
262501 104
265001 105
267501 106
270001 107
272501 108
275001 109
277501 110
280001 111
282501 112
285001 113
287501 114
290001 115
292501 116
295001 117
297501 118
300001 119
302501 120
305001 121
307501 122
310001 123
312501 124
315001 125
317501 126
320001 127
322501 128
325001 129
327501 130
330001 131
332501 132
335001 133
337501 134
340001 135
342501 136
345001 137
347501 138
350001 139
352501 140
355001 141
357501 142
360001 143
6250000 144
1 144
2 144
1773886 710
1955293 783
5693979 2278
571065 229
5077615 2032
1647360 659
5407357 2163
5514626 2206
3790815 1517
5776847 2311
3800665 1521
828922 332
4602298 1841
1241843 497
2600688 1041
4620219 1849
4460922 1785
1387547 556
4611793 1845
5142031 2057
1529572 612
1651791 661
4155580 1663
2290697 917
3451349 1381
2139788 856
5705053 2283
1097118 439
215451 87
4819907 1928
6012385 2405
5565589 2227
1928004 772
6083758 2434
2985765 1195
921440 369
3883962 1554
484338 194
5474394 2190
1084328 434
655314 263
3306482 1323
3121427 1249
4681524 1873
5795251 2319
5265891 2107
1454457 582
2379923 952
5163657 2066
4611807 1845
3031052 1213
1091292 437
604251 242
1850980 741
3709856 1484
3786302 1515
213431 86
4578442 1832
5386608 2155
4184342 1674
504712 202
5664696 2266
4480109 1793
5581681 2233
2255437 903
3231736 1293
1478019 592
4621175 1849
2115101 847
5481655 2193
2399260 960
4834308 1934
4190973 1677
3987711 1596
4054033 1622
4120568 1649
1363514 546
3991476 1597
4791615 1917
27988 12
4677359 1871
728534 292
3993334 1598
5663911 2266
6091575 2437
2018840 808
3731679 1493
5636413 2255
5237540 2096
686289 275
4697962 1880
4433180 1774
5068121 2028
1217569 488
851460 341
2102868 842
6020622 2409
1851891 741
2622678 1050
5823543 2330
407873 164
5781309 2313
142745 58
5915580 2367
3898760 1560
5360770 2145
5151457 2061
2190411 877
3146968 1259
2480629 993
5522638 2210
3237036 1295
4200200 1681
5937947 2376
6081711 2433
3261464 1305
852682 342
5565576 2227
5941328 2377
1401291 561
95539 39
2449447 980
123417 50
3071855 1229
3327083 1331
2776273 1111
3039494 1216
3206163 1283
5078305 2032
5869489 2348
4002178 1601
4956456 1983
883322 354
3219598 1288
5686303 2275
1404141 562
3706531 1483
5799675 2320
1269400 508
4718023 1888
4768030 1908
3571432 1429
3086317 1235
4167403 1667
3743287 1498
779065 312
4891832 1957
2997842 1200
4830135 1933
3031339 1213
4432624 1774
996763 399
2785722 1115
3890022 1557
2215887 887
3264623 1306
1793117 718
696796 279
5341437 2137
246078 99
3433494 1374
422059 169
698535 280
1179130 472
8382 4
5704874 2282
1820853 729
4364962 1746
2904236 1162
691074 277
3136772 1255
1038982 416
5447666 2180
4038545 1616
5365559 2147
1117896 448
735732 295
3304727 1322
5199758 2080
2637992 1056
4108359 1644
3357981 1344
551710 221
4838578 1936
608728 244
4813296 1926
4002180 1601
568994 228
3083669 1234
676301 271
5467633 2188
1188866 476
2677875 1072
3790799 1517
3120955 1249
728943 292
2322481 929
3452681 1382
4657719 1864
1021868 409
4690779 1877
2205900 883
5130405 2053
2550193 1021
1697601 680
3872168 1549
5079986 2032
3495838 1399
5828559 2332
1301202 521
2114766 846
4379971 1752
589582 236
1381130 553
6199545 2480
2705693 1083
3742007 1497
4071666 1629
4003300 1602
26765 11
4160762 1665
5354043 2142
2279716 912
5705874 2283
1507871 604
377951 152
1854686 742
5679212 2272
1098341 440
5777972 2312
5384812 2154
1485494 595
2505990 1003
6084281 2434
2335427 935
95025 39
1301798 521
1494966 598
5767383 2307
4808690 1924
3544662 1418
1985673 795
1613918 646
1236786 495
2999235 1200
4503172 1802
468379 188
280525 113
5313876 2126
336526 135
5056519 2023
5243964 2098
808527 324
5688237 2276
968411 388
4895319 1959
4145934 1659
297990 120
5830766 2333
4297781 1720
1637647 656
3133723 1254
3935621 1575
5647072 2259
3022055 1209
750909 301
1821407 729
2636060 1055
615082 247
4952247 1981
4141983 1657
5390511 2157
5308464 2124
5732306 2293
1049373 420
3780043 1513
1924307 770
5358473 2144
4790354 1917
1291559 517
1419156 568
5752220 2301
3656608 1463
4697058 1879
1925437 771
4444605 1778
2046972 819
3892151 1557
2073126 830
4947298 1979
4029272 1612
3181748 1273
4593132 1838
3237149 1295
4226897 1691
3888140 1556
4114053 1646
273870 110
6003731 2402
3593244 1438
4397239 1759
3294901 1318
1712075 685
2768535 1108
921466 369
5216510 2087
4173137 1670
2593977 1038
278243 112
5190052 2077
2113468 846
2324715 930
1035077 415
5307716 2124
4092603 1638
2115363 847
4029631 1612
5620242 2249
4305088 1723
3395386 1359
2011416 805
5084895 2034
2494977 998
707628 284
5383134 2154
5780548 2313
1167209 467
2186603 875
645965 259
2551324 1021
1879792 752
849875 340
578716 232
1779471 712
1046513 419
5065449 2027
852607 342
4320957 1729
1708926 684
2177041 871
4519329 1808
5099534 2040
4003554 1602
689398 276
4602648 1842
3193045 1278
3505665 1403
2119928 848
1861786 745
3260295 1305
3656613 1463
1185743 475
645569 259
3260710 1305
4435127 1775
1712507 686
6245278 2499
190968 77
1347457 539
116552 47
2280610 913
4823737 1930
2894108 1158
3330632 1333
3511794 1405
3610603 1445
1894660 758
1953994 782
5878266 2352
1989710 796
1572946 630
2899750 1160
5329017 2132
938865 376
5093815 2038
1548245 620
2574611 1030
4581312 1833
5670603 2269
4395458 1759
1514410 606
3065792 1227
4189836 1676
2077876 832
2814930 1126
4965354 1987
2369226 948
4130294 1653
4732897 1894
4853102 1942
123651 50
3314103 1326
4176346 1671
2780105 1113
433468 174
4557881 1824
2011795 805
1008348 404
2015635 807
2431115 973
2668360 1068
4604437 1842
2565126 1027
5987317 2395
1305038 523
501319 201
5781300 2313
2345277 939
5402562 2162
718588 288
294786 118
2871188 1149
4756167 1903
303697 122
2214291 886
3207311 1283
930260 373
175741 71
4944659 1978
3858549 1544
2961466 1185
5469648 2188
5599208 2240
708248 284
1118481 448
5291041 2117
3958823 1584
168868 68
662669 266
522337 209
3452038 1381
3773640 1510
1443436 578
4249688 1700
1828924 732
5129608 2052
1628482 652
2073151 830
2876049 1151
3427419 1371
5008033 2004
5627367 2251
3061113 1225
5212241 2085
3464640 1386
2979238 1192
5809002 2324
5259447 2104
3109128 1244
4408930 1764
3647729 1460
3892363 1557
6212648 2486
2680637 1073
1354314 542
6047902 2420
5776268 2311
2826727 1131
6167421 2467
4698087 1880
5213989 2086
400186 161
3743098 1498
5531893 2213
3009746 1204
5706668 2283
4675613 1871
6132660 2454
6077459 2431
398576 160
1949937 780
3656449 1463
4181172 1673
4754062 1902
5844868 2338
1246139 499
4398893 1760
5886867 2355
3040665 1217
4755936 1903
6224116 2490
568256 228
5178005 2072
3854411 1542
2704127 1082
3515444 1407
689630 276
4983382 1994
4729802 1892
2875533 1151
506607 203
3117200 1247
2670742 1069
3955156 1583
5809588 2324
605579 243
3106152 1243
5504550 2202
5722396 2289
2996212 1199
2851901 1141
409220 164
1468689 588
4075423 1631
669197 268
5857903 2344
2176718 871
2206622 883
1419208 568
3090446 1237
4270544 1709
6233987 2494
5269092 2108
466291 187
595681 239
1736241 695
4924061 1970
5298699 2120
3329841 1332
5141848 2057
1315760 527
5570398 2229
231213 93
6049212 2420
2662275 1065
709550 284
5848160 2340
458493 184
2541246 1017
4983623 1994
4263690 1706
3294879 1318
345570 139
2094180 838
3737774 1496
2488745 996
4402182 1761
5464722 2186
5105623 2043
5775775 2311
1471195 589
785076 315
2300403 921
229485 92
3206749 1283
632432 253
4699788 1880
1769041 708
5998162 2400
3713607 1486
1492648 598
5199935 2080
4723038 1890
3131771 1253
1212101 485
5173709 2070
3475502 1391
3416049 1367
296736 119
5575405 2231
3436256 1375
282037 113
3071810 1229
6199564 2480
5466172 2187
4971804 1989
3945305 1579
4029431 1612
3263494 1306
679032 272
3782783 1514
5071474 2029
3716180 1487
6089121 2436
1228050 492
700104 281
2769934 1108
1602077 641
2653036 1062
12648 6
2343324 938
5811355 2325
874116 350
3167391 1267
5237465 2095
1399724 560
5381650 2153
5709727 2284
1906134 763
393497 158
6198108 2480
4600948 1841
4752815 1902
1108789 444
3331007 1333
915308 367
38555 16
5863074 2346
5789798 2316
1758263 704
1416443 567
1385124 555
4628445 1852
4390151 1757
4184677 1674
6193378 2478
3623880 1450
3763569 1506
1221185 489
4913035 1966
5520301 2209
3016528 1207
3206992 1283
4525942 1811
5290457 2117
6188283 2476
3279146 1312
4712198 1885
1576137 631
6116136 2447
4911480 1965
881173 353
3435974 1375
5620660 2249
4012034 1605
3380723 1353
325695 131
4941766 1977
4004524 1602
2874848 1150
4811446 1925
2789389 1116
3031142 1213
4669066 1868
5916374 2367
4352439 1741
3251285 1301
979878 392
5669477 2268
6073385 2430
3183094 1274
5892535 2358
3441793 1377
3828173 1532
917531 368
922690 370
1850258 741
3160976 1265
5857287 2343
1233357 494
531262 213
2665976 1067
1288101 516
2363339 946
2057678 824
1833544 734
2953711 1182
5448522 2180
2918339 1168
719064 288
4215540 1687
3292635 1318
6214829 2486
999596 400
686368 275
877763 352
1155109 463
5117675 2048
3239559 1296
4294837 1718
5463512 2186
528171 212
4471136 1789
3990399 1597
1248542 500
3409146 1364
5698027 2280
1592754 638
3466394 1387
4128774 1652
3980912 1593
1617657 648
4346971 1739
4934686 1974
2771521 1109
6031262 2413
3172902 1270
6184834 2474
2394715 958
2605726 1043
4488310 1796
5761793 2305
1782087 713
6175738 2471
1508588 604
2875056 1151
3393493 1358
3073536 1230
4418657 1768
4275253 1711
3766354 1507
565188 227
4083718 1634
65491 27
2903308 1162
118581 48
2818503 1128
3681343 1473
2455436 983
2990800 1197
5912476 2365
3074732 1230
5858688 2344
3300833 1321
4718127 1888
953619 382
2363446 946
85107 35
2667877 1068
2122432 849
3703486 1482
4098247 1640
3010368 1205
4324975 1730
1183138 474
1034810 414
4799882 1920
4062863 1626
1477221 591
2344973 938
3991819 1597
3858840 1544
456114 183
3620210 1449
2987276 1195
2543831 1018
392816 158
4450321 1781
4132262 1653
1761147 705
5056961 2023
1328943 532
1056151 423
4025023 1611
6095410 2439
212270 85
1963582 786
1885108 755
4603219 1842
2542863 1018
3281552 1313
2989899 1196
5035740 2015
4251043 1701
5052880 2022
2649014 1060
898582 360
5078460 2032
2818686 1128
5647442 2259
460298 185
3124560 1250
598622 240
5856282 2343
1279573 512
3872754 1550
944339 378
4777287 1911
1395207 559
2822701 1130
3388120 1356
3071042 1229
752402 301
5067989 2028
3172291 1269
6038088 2416
6127063 2451
5562234 2225
4584593 1834
3930845 1573
1378594 552
4608357 1844
3764948 1506
4508753 1804
1637398 655
1379263 552
2231584 893
3762508 1506
5028623 2012
3196111 1279
4293310 1718
5595702 2239
6008383 2404
3369114 1348
3192159 1277
6166689 2467
2063330 826
462656 186
1976569 791
4351382 1741
4548586 1820
289551 116
1393367 558
5676043 2271
1238452 496
2875324 1151
1588860 636
4530160 1813
2561256 1025
167245 67
3118968 1248
509519 204
1038679 416
2843935 1138
2808739 1124
5260617 2105
1409952 564
999949 400
3138021 1256
5514068 2206
6185562 2475
4714208 1886
4290014 1717
5113702 2046
1333564 534
5576194 2231
4249342 1700
3289788 1316
1709365 684
3268052 1308
3808366 1524
5832253 2333
2192672 878
2998196 1200
2233547 894
5419460 2168
446683 179
3801003 1521
4808173 1924
4088688 1636
4690140 1877
2232341 893
3235452 1295
5868066 2348
2803146 1122
3915458 1567
908933 364
5012095 2005
2753266 1102
3527622 1412
1026990 411
3621583 1449
4960279 1985
3702382 1481
1123350 450
38750 16
4286244 1715
2589724 1036
4532881 1814
5024155 2010
1622781 650
4797254 1919
5631927 2253
1558855 624
924932 370
3978561 1592
6054339 2422
1732226 693
3811736 1525
2077490 831
1648001 660
4576604 1831
1006127 403
330684 133
3472997 1390
2248806 900
1099966 440
2480971 993
611869 245
504235 202
2339285 936
5708691 2284
4651038 1861
2656542 1063
2094308 838
4077326 1631
5160454 2065
5644700 2258
1681385 673
3940786 1577
1561643 625
1986652 795
1832761 734
3777004 1511
72447 29
3233344 1294
4199763 1680
680089 273
4000132 1601
3292208 1317
5977238 2391
386336 155
3286703 1315
2770109 1109
3773963 1510
5892203 2357
4614217 1846
1624397 650
1147545 460
2790623 1117
3061325 1225
2328269 932
2467362 987
6148183 2460
4006360 1603
2285827 915
2739934 1096
6189326 2476
2352456 941
6052755 2422
5717921 2288
4452857 1782
5027799 2012
1574394 630
1618058 648
1230264 493
4881891 1953
5343988 2138
4945230 1979
5591078 2237
6234550 2494
2678514 1072
2124939 850
1244576 498
940532 377
3879895 1552
5693094 2278
5198212 2080
412057 165
340053 137
5982465 2393
3955506 1583
1522394 609
5068227 2028
4269136 1708
2364391 946
2126340 851
5034417 2014
5074380 2030
3038802 1216
3762608 1506
4539716 1816
903068 362
138726 56
2516879 1007
5556895 2223
4395318 1759
2483977 994
1011235 405
5761895 2305
6039867 2416
4088062 1636
5886290 2355
3008039 1204
455594 183
206876 83
475679 191
5870138 2349
4987391 1995
3848776 1540
4627727 1852
3041274 1217
4944812 1978
6092200 2437
635895 255
2986498 1195
5493564 2198
3223846 1290
2707 2
5276938 2111
2873305 1150
2834580 1134
3980085 1593
1217214 487
1523075 610
4036683 1615
3040642 1217
1339119 536
3294297 1318
4108367 1644
1728748 692
3673302 1470
1196318 479
1920876 769
1559016 624
2767747 1108
5579724 2232
1254143 502
2076462 831
579702 232
4954165 1982
1534430 614
920463 369
1570665 629
3663400 1466
2499025 1000
1627452 651
3496724 1399
5508153 2204
2966449 1187
1292944 518
3200788 1281
1112605 446
2967036 1187
782272 313
2701589 1081
2866259 1147
3831024 1533
2323968 930
4829671 1932
2115847 847
5602038 2241
3157237 1263
6094491 2438
941355 377
1043131 418
6211719 2485
5359169 2144
4765201 1907
658598 264
2097672 840
3504191 1402
4401876 1761
2551008 1021
6034849 2414
2381251 953
3087280 1235
2620783 1049
3876006 1551
4264617 1706
3878628 1552
4962425 1985
4896381 1959
5377632 2152
4013339 1606
595606 239
703842 282
3276234 1311
1461724 585
304947 122
1435458 575
3100136 1241
3736314 1495
4611618 1845
4929409 1972
5042919 2018
5024398 2010
166473 67
261270 105
776142 311
5066394 2027
3857208 1543
3075454 1231
3812311 1525
909277 364
6173254 2470
5687766 2276
2312075 925
4204319 1682
4739379 1896
3309127 1324
3601623 1441
1292012 517
32661 14
1410517 565
4897517 1960
602475 241
3784022 1514
5953429 2382
2983837 1194
597747 240
3120385 1249
5344544 2138
958909 384
620882 249
5751209 2301
5158458 2064
3815170 1527
4151855 1661
1417311 567
3708784 1484
3297208 1319
2122525 850
3812427 1525
1876274 751
3510460 1405
3186147 1275
27618 12
3049850 1220
2113098 846
5851088 2341
2908144 1164
2528308 1012
1400217 561
5969486 2388
4571753 1829
4457328 1783
5519386 2208
292370 117
3971534 1589
2930071 1173
5419909 2168
5314562 2126
360015 145
2703383 1082
2353301 942
1704333 682
3768932 1508
1508807 604
5350132 2141
2096201 839
4413740 1766
5454685 2182
5855988 2343
6207473 2483
938957 376
1689302 676
2937447 1175
4854537 1942
1439120 576
629745 252
3119945 1248
1607629 644
3044660 1218
6115762 2447
2954506 1182
47524 20
1161247 465
3029398 1212
268332 108
2679119 1072
4982895 1994
250062 101
2684857 1074
4463504 1786
4779923 1912
4452122 1781
4663492 1866
4484860 1794
3444442 1378
2825679 1131
906492 363
3753488 1502
3350680 1341
815880 327
2413415 966
2102576 842
3380080 1353
1339509 536
3564568 1426
911479 365
4128169 1652
5192705 2078
2391197 957
4189194 1676
1320248 529
3717592 1488
824513 330
3789321 1516
331739 133
936795 375
4519767 1808
5537014 2215
2035945 815
1196679 479
5776917 2311
3120864 1249
1983366 794
3011041 1205
457900 184
3330031 1333
4771505 1909
1437769 576
4291467 1717
4189297 1676
1917865 768
5262360 2105
5123623 2050
2955485 1183
420706 169
3241383 1297
3385565 1355
1523210 610
2137622 856
4274090 1710
2133629 854
4820324 1929
1626278 651
1276299 511
162722 66
771514 309
1730463 693
5744344 2298
2201860 881
5928503 2372
2811914 1125
483595 194
159049 64
887486 355
3137313 1255
587161 235
6081273 2433
5027406 2011
4157512 1664
467498 187
5717508 2288
2315450 927
1052925 422
2223224 890
1072002 429
1851097 741
2687737 1076
3839302 1536
2755394 1103
5506292 2203
40155 17
1447617 580
4224021 1690
4434234 1774
4135543 1655
6050464 2421
3928245 1572
3510208 1405
3675263 1471
337455 135
2272505 910
2565333 1027
3549441 1420
4822241 1929
4784724 1914
1358517 544
312535 126
2844549 1138
4995382 1999
4955775 1983
5079595 2032
5704779 2282
3545692 1419
2987057 1195
3817329 1527
5471228 2189
4236708 1695
821587 329
3487846 1396
4635029 1855
6212125 2485
3088997 1236
1297600 520
2327594 932
1257193 503
5012868 2006
6189794 2476
1441575 577
925531 371
4250260 1701
2760305 1105
3866785 1547
2173624 870
4532501 1814
2593004 1038
4990659 1997
1257918 504
3994386 1598
4473752 1790
4891004 1957
3337448 1335
4685005 1875
4315101 1727
2580268 1033
2953042 1182
1341841 537
339038 136
3758518 1504
6144823 2458
506127 203
154337 62
4207506 1684
4150030 1661
3143640 1258
2297542 920
1519902 608
1743384 698
4067252 1627
4599106 1840
5031110 2013
4395404 1759
5098500 2040
1353403 542
6128253 2452
6091407 2437
436377 175
4654543 1862
4141442 1657
1361663 545
2606221 1043
5412570 2166
6034466 2414
4014023 1606
326541 131
1464061 586
660356 265
2706541 1083
1999338 800
2822088 1129
5575942 2231
6139334 2456
1306394 523
5242925 2098
3992545 1598
449768 180
1989749 796
5923869 2370
6062022 2425
3602218 1441
2697010 1079
1214659 486
4828976 1932
3229971 1292
2067551 828
1198306 480
735259 295
1023036 410
5604956 2242
5865951 2347
2615794 1047
5031949 2013
5232351 2093
3261566 1305
2563771 1026
5794244 2318
5768596 2308
5850055 2341
5209924 2084
4412872 1766
726417 291
5895320 2359
4935766 1975
3423370 1370
5815252 2327
4083030 1634
3681826 1473
708871 284
4171829 1669
3178448 1272
2618783 1048
1545806 619
1500086 601
284024 114
4697380 1879
5344668 2138
4332869 1734
1161889 465
4131826 1653
3157129 1263
3895881 1559
4675113 1871
2940571 1177
4788778 1916
3763224 1506
6170671 2469
5088501 2036
4171358 1669
4036696 1615
5873383 2350
1115733 447
5018122 2008
3098711 1240
142566 58
5843544 2338
1245824 499
3701272 1481
2303201 922
2213084 886
5177122 2071
47217 19
1162288 465
1173380 470
321627 129
512888 206
1570259 629
5495470 2199
5464995 2186
4613403 1846
4226451 1691
1386241 555
1375559 551
5336074 2135
2301618 921
2840648 1137
5645677 2259
2163547 866
4630673 1853
1109194 444
2342222 937
3110879 1245
1977882 792
3632441 1453
838891 336
5052008 2021
2970972 1189
2701305 1081
2568621 1028
5137144 2055
4923351 1970
6152923 2462
4315081 1727
930711 373
2291305 917
1607238 643
1579182 632
5276948 2111
1773036 710
3100897 1241
3235537 1295
1459106 584
3826526 1531
2338228 936
433361 174
5725004 2291
5876548 2351
3172767 1270
5607252 2243
3658090 1464
5946313 2379
5467599 2188
874053 350
4308120 1724
1866212 747
2587821 1036
2018257 808
532 1
2524104 1010
5786349 2315
1515838 607
870397 349
4441197 1777
776768 311
2485610 995
4510985 1805
518315 208
453535 182
909417 364
5243122 2098
1515840 607
1778962 712
3637347 1455
1142341 457
1661860 665
4748067 1900
2605802 1043
5131132 2053
3640434 1457
5716236 2287
3495840 1399
92432 37
5444156 2178
5920459 2369
5067241 2027
1420144 569
6107019 2443
4444203 1778
89319 36
1644224 658
2083932 834
972050 389
3867289 1547
648958 260
926899 371
3379112 1352
455422 183
2162490 865
4878311 1952
6120634 2449
1011128 405
1408577 564
690580 277
1547160 619
3319178 1328
5983385 2394
4410711 1765
6090592 2437
6131288 2453
2997524 1200
1212447 485
3626401 1451
2881422 1153
1819173 728
2908998 1164
5281340 2113
3360894 1345
4038664 1616
4088886 1636
6026883 2411
4328438 1732
4806365 1923
1902286 761
1839617 736
218773 88
1317077 527
3324124 1330
5000552 2001
568917 228
3170696 1269
5149736 2060
1585382 635
4443285 1778
3709480 1484
5264799 2106
3103693 1242
4240895 1697
3751380 1501
3402715 1362
586563 235
4041319 1617
5344472 2138
782626 314
2854717 1142
3822407 1529
6217224 2487
5832780 2334
3663560 1466
6238706 2496
3685501 1475
4096792 1639
2297533 920
3807368 1523
6205499 2483
3671504 1469
2354991 942
433544 174
1144760 458
4511754 1805
1324878 530
4449048 1780
4287380 1715
4579612 1832
5069936 2028
5641793 2257
5337189 2135
3945189 1579
1586080 635
2942867 1178
2180392 873
4651057 1861
3018922 1208
5522692 2210
94866 38
5831923 2333
5465183 2187
1640818 657
5289726 2116
5619168 2248
4048844 1620
989469 396
1383496 554
2671019 1069
4820825 1929
5217129 2087
1816226 727
4038661 1616
527283 211
3530522 1413
488765 196
5912726 2366
1899049 760
3668587 1468
2278964 912
5005149 2003
5942842 2378
130556 53
4022562 1610
5378743 2152
4475592 1791
3546529 1419
1230146 493
1549080 620
1643613 658
4323543 1730
967785 388
5094066 2038
4808163 1924
3530564 1413
2401711 961
3792921 1518
6010090 2405
790246 317
4122052 1649
5949509 2380
4058449 1624
4661370 1865
1244664 498
4790719 1917
3145645 1259
4866806 1947
2244952 898
5383555 2154
5726655 2291
1879956 752
2966094 1187
2386885 955
2698302 1080
1184114 474
5361558 2145
5938079 2376
1752852 702
6223116 2490
4236523 1695
831808 333
2714177 1086
5260758 2105
6112635 2446
793303 318
870263 349
617946 248
3574656 1430
4533634 1814
3789462 1516
4478745 1792
2318875 928
3910803 1565
1029029 412
1133916 454
4876013 1951
3128344 1252
3461805 1385
4698516 1880
157945 64
5411350 2165
637752 256
1888960 756
274759 110
2020678 809
1130253 453
2139676 856
2603874 1042
3521731 1409
5584841 2234
5510408 2205
4457160 1783
2512945 1006
3293726 1318
4068843 1628
2168369 868
430243 173
1630094 653
1795954 719
2932652 1174
1642856 658
3890760 1557
5259698 2104
5234257 2094
2314762 926
4580119 1833
334368 134
1570803 629
2370717 949
4653415 1862
676771 271
3305547 1323
2132216 853
717018 287
475582 191
3070316 1229
765492 307
3833740 1534
5810565 2325
5111263 2045
5078724 2032
3317096 1327
3166996 1267
6157457 2463
708475 284
3473647 1390
50820 21
3379633 1352
397466 159
4925302 1971
2626289 1051
914372 366
6165663 2467
6019555 2408
2664819 1066
38317 16
4037751 1616
291963 117
3125619 1251
1021151 409
904120 362
3317519 1328
3772334 1509
5838317 2336
5673123 2270
5010077 2005
1137980 456
534308 214
4911509 1965
341619 137
2551747 1021
5226044 2091
4176754 1671
2404904 962
1272755 510
4613515 1846
5394344 2158
6226780 2491
1624249 650
2375658 951
922572 370
5387798 2156
6047657 2420
1018805 408
5718815 2288
710367 285
4158171 1664
778192 312
2232235 893
3829196 1532
5163232 2066
424563 170
1263962 506
3323664 1330
4300316 1721
2582452 1033
1264226 506
4755462 1903
156709 63
1047797 420
2816380 1127
104006 42
5993515 2398
416660 167
684217 274
414879 166
4807853 1924
3576368 1431
1880869 753
2063197 826
1225243 491
4599639 1840
5969120 2388
4821911 1929
4831566 1933
2732345 1093
3079373 1232
89499 36
3993391 1598
3068451 1228
2929567 1172
584164 234
591380 237
4638239 1856
2820651 1129
1554004 622
1671713 669
446594 179
883896 354
4265006 1707
3446789 1379
175902 71
2823491 1130
1872468 749
2484523 994
3536840 1415
2386993 955
2541824 1017
1600615 641
914426 366
3851101 1541
4489737 1796
1196958 479
845783 339
4436255 1775
2186916 875
628438 252
946180 379
2745974 1099
4553266 1822
4000906 1601
4232837 1694
1403645 562
6104798 2442
747509 300
5213863 2086
5466675 2187
737852 296
2237194 895
5710610 2285
6138288 2456
5894410 2358
5413952 2166
1215471 487
69757 28
1403684 562
3240756 1297
2434268 974
2687261 1075
794552 318
2405406 963
5355035 2143
4877086 1951
6181099 2473
5822766 2330
5147652 2060
5547117 2219
2888867 1156
4078008 1632
1724639 690
5540084 2217
4312750 1726
1438648 576
4360505 1745
4363479 1746
4397085 1759
467687 188
2858270 1144
4962167 1985
3008975 1204
926221 371
757079 303
6029196 2412
3217307 1287
2712070 1085
6151412 2461
5817108 2327
869531 348
791588 317
3284402 1314
2145396 859
3330638 1333
6120275 2449
3097247 1239
4257534 1704
3824445 1530
4688816 1876
3494055 1398
5239527 2096
3994083 1598
5334173 2134
3260016 1305
4201850 1681
4386647 1755
1677696 672
4776700 1911
2617705 1048
1556918 623
2648259 1060
4748310 1900
1516234 607
1366921 547
2825535 1131
1225698 491
1743725 698
992420 397
2780156 1113
2821291 1129
1505157 603
3920284 1569
1118775 448
3919978 1568
3661221 1465
5984130 2394
5032352 2013
4450348 1781
5428571 2172
697466 279
3874816 1550
2478444 992
2172838 870
2201859 881
2897122 1159
2212080 885
5001999 2001
1402857 562
642315 257
3333700 1334
573063 230
3446968 1379
605984 243
6026190 2411
587635 236
2937932 1176
3723964 1490
2214136 886
1327018 531
6151271 2461
448537 180
4165547 1667
3898544 1560
5081400 2033
5035478 2015
3903740 1562
3981185 1593
4400703 1761
1766270 707
4122834 1650
3521866 1409
4641121 1857
2671392 1069
3199198 1280
3453893 1382
4676740 1871
1991866 797
3848300 1540
3229512 1292
4737319 1895
4858859 1944
6109172 2444
3392025 1357
4229039 1692
3596602 1439
6228669 2492
2037651 816
3003581 1202
5947911 2380
3069489 1228
2100695 841
2107580 844
584630 234
4626346 1851
1509703 604
737000 295
1137221 455
898904 360
654842 262
4301544 1721
5866796 2347
2862780 1146
2113185 846
695704 279
3097673 1240
5425905 2171
3381643 1353
2082511 834
601255 241
1800138 721
4758427 1904
2633539 1054
5562852 2226
1223620 490
5826992 2331
2586398 1035
360216 145
480248 193
721582 289
2973946 1190
2635315 1055
686952 275
5296134 2119
4510721 1805
4159679 1664
822593 330
2694966 1078
538601 216
3774531 1510
1562205 625
3518656 1408
2499632 1000
5857521 2344
1350690 541
2976999 1191
4520337 1809
1903167 762
5615400 2247
1146937 459
4952374 1981
5103981 2042
895736 359
1038667 416
5018673 2008
795463 319
2879070 1152
5573696 2230
2360983 945
2768665 1108
3059478 1224
683094 274
1490894 597
2963460 1186
2607821 1044
5424806 2170
239573 96
3805204 1523
3980101 1593
1306435 523
582967 234
1064848 426
2594566 1038
1110625 445
5721755 2289
1353079 542
4132869 1654
5066344 2027
4002121 1601
2277234 911
6145687 2459
4385354 1755
5524559 2210
1477563 592
2479229 992
815265 327
3672761 1470
4964177 1986
1215457 487
3015768 1207
5165246 2067
3384857 1354
1076800 431
6110309 2445
1825681 731
106614 43
5274930 2110
2755620 1103
952916 382
1655275 663
3819411 1528
5061008 2025
2290516 917
1154133 462
1897477 759
4216216 1687
1226980 491
5871767 2349
5830977 2333
849847 340
2784883 1114
3022604 1210
3128981 1252
5296174 2119
2991404 1197
2445732 979
2427897 972
2676775 1071
1042546 418
2531517 1013
2861726 1145
899473 360
1550249 621
4155364 1663
1279447 512
2791475 1117
5920763 2369
3319254 1328
2674363 1070
4433077 1774
5425599 2171
188618 76
2041153 817
5720342 2289
245402 99
5611739 2245
5711421 2285
5121420 2049
5838746 2336
2471923 989
5286925 2115
696675 279
5213258 2086
3601850 1441
807321 323
5549791 2220
937725 376
862848 346
3476872 1391
3096975 1239
2951667 1181
4436693 1775
5796336 2319
1004443 402
5166029 2067
760848 305
5634392 2254
5923692 2370
2783331 1114
2077624 832
1468957 588
4651580 1861
2118515 848
1077382 431
4938894 1976
183122 74
1021686 409
994657 398
6216298 2487
3618205 1448
17229 7
2113187 846
1667677 668
2754707 1102
3756370 1503
209305 84
4417785 1768
3499421 1400
5713757 2286
4735478 1895
5054477 2022
6128148 2452
4484393 1794
803308 322
2691578 1077
1922846 770
5085013 2035
2568177 1028
5522432 2209
935568 375
1786537 715
4485470 1795
662621 266
2167722 868
1547194 619
295779 119
1388331 556
5895822 2359
1524422 610
2611963 1045
5359401 2144
2983897 1194
2092299 837
1375595 551
998051 400
3399920 1360
5923353 2370
2983089 1194
2664397 1066
4471719 1789
2492878 998
997359 399
5493098 2198
1244497 498
3860075 1545
854517 342
5275301 2111
5133118 2054
621645 249
343511 138
5927753 2372
1340318 537
3101900 1241
4263322 1706
1651487 661
2758622 1104
5602291 2241
5102687 2042
4976848 1991
5025078 2011
5549291 2220
1902068 761
203091 82
3370917 1349
3252915 1302
4068822 1628
4228821 1692
3536031 1415
678140 272
5556893 2223
3420064 1369
1299071 520
1226123 491
5696070 2279
1645372 659
805109 323
2167585 868
1306768 523
3458633 1384
461553 185
5248111 2100
1776595 711
2632682 1054
2438026 976
4917547 1968
5698805 2280
3110918 1245
504668 202
327336 131
2163779 866
2616772 1047
3306550 1323
1535008 615
3904994 1562
4897335 1959
1581289 633
2284351 914
6108011 2444
2483538 994
5815262 2327
740973 297
4102124 1641
16840 7
999041 400
2543813 1018
5428790 2172
5928815 2372
82435 33
3530248 1413
418870 168
1672448 669
2993217 1198
5984375 2394
4864810 1946
6205526 2483
2590918 1037
5592491 2237
367462 147
5738463 2296
4531474 1813
725025 291
1260394 505
1815327 727
522267 209
5730690 2293
5488912 2196
4248207 1700
7342 3
5720076 2289
2376062 951
4134586 1654
2571029 1029
655721 263
2037479 815
4359537 1744
2721322 1089
2565880 1027
4028582 1612
5377189 2151
4507515 1804
3352708 1342
6228662 2492
4329776 1732
5089853 2036
3557116 1423
3018747 1208
3892728 1558
2130902 853
1594264 638
382129 153
999751 400
1094374 438
373955 150
1782723 714
692142 277
2856059 1143
497318 199
1477448 591
6023652 2410
3713229 1486
3246599 1299
192947 78
4379327 1752
4848080 1940
471312 189
4450318 1781
3686895 1475
5580594 2233
5270569 2109
2494859 998
3622583 1450
2491150 997
2238568 896
1542616 618
821682 329
3087854 1236
2153479 862
3588497 1436
1308466 524
974233 390
3084478 1234
495511 199
4433638 1774
3765468 1507
2293059 918
638672 256
53442 22
1845205 739
3608458 1444
1599542 640
5937644 2376
5802369 2321
916063 367
5892045 2357
4649547 1860
2025002 811
677209 271
3417515 1368
2435720 975
5646422 2259
2112850 846
144056 58
4747663 1900
4418649 1768
382850 154
3338843 1336
2095426 839
4047739 1620
2036931 815
2089508 836
2922401 1169
5468172 2188
5228016 2092
6009102 2404
2995457 1199
2448791 980
2663492 1066
4834122 1934
1970202 789
31325 13
2115021 847
2215550 887
2543279 1018
1225985 491
3424894 1370
5979921 2392
5564453 2226
333171 134
2276468 911
2981133 1193
2956065 1183
6077044 2431
3511889 1405
5699992 2280
5695119 2279
3309442 1324
1471623 589
2924592 1170
1431099 573
2584486 1034
3864593 1546
461916 185
6136003 2455
6185748 2475
3479765 1392
3333574 1334
1467360 587
3166267 1267
403873 162
433682 174
4899776 1960
4179766 1672
1056686 423
2649472 1060
2470150 989
96378 39
5632574 2254
831647 333
640347 257
203581 82
