10 20
10 2
6 3
1 2
4 4
7 4
7 1
3 4
5 4
13 3
10 2
5 3
9 1
6 1
11 4
9 1
5 3
9 2
8 3
1 1
6 1
8 2
5 2
8 3
0 1
0 3
1 4
3 1
1 4
8 2
3 3
9 1
8 4
4 1
13 2
12 4
9 1
1 3
11 2
13 1
6 3
12 2
5 4
2 4
10 4
1 3
12 2
9 3
7 3
3 3
10 1
6 4
11 1
2 4
13 3
12 2
12 1
5 4
1 1
4 1
6 3
6 4
0 4
5 4
3 4
12 1
8 4
12 4
12 2
11 3
1 2
2 2
9 3
10 1
8 4
8 1
13 3
11 3
12 1
13 4
0 2
7 3
2 4
3 4
1 3
9 1
6 1
11 2
4 3
9 1
7 2
10 3
2 4
2 3
3 3
13 4
9 2
10 1
10 4
11 2
12 1
9 3
2 4
3 3
11 1
0 3
13 3
6 2
13 2
1 2
7 2
4 3
4 3
0 3
12 2
8 1
2 2
10 3
4 2
5 2
11 4
13 3
0 1
10 4
11 4
0 1
8 2
6 3
1 2
7 2
2 2
5 1
3 4
2 2
13 1
6 2
6 1
9 2
9 2
7 1
10 4
12 3
2 4
9 4
4 2
3 4
2 3
6 2
0 3
10 3
8 3
9 3
2 1
13 3
10 1
12 1
2 1
0 1
5 1
9 4
3 4
1 2
10 1
0 4
12 3
7 2
3 1
8 1
4 1
7 1
8 2
10 4
9 1
3 2
9 1
8 1
5 2
6 1
7 3
5 4
8 1
9 2
4 4
12 3
5 4
6 4
10 4
4 2
9 4
2 1
1 3
1 4
4 4
5 2
9 3
13 2
6 3
11 4
9 2
1 1
10 1
