99178417372713
40202136805857
2268558003273
258094348412175
107773452674907
101465274383913
80190762313723
12824064486342
2344233048314
98301908455765
39880829331576
770847751722
17208373041189
5654085489927
61718376719220
19805588168234
4553925685874
11990627438216
9936365667808
17287821512283
67473524175527
14364079937547
72308240164257
41475872433455
19315323780828
32585659059082
12629979609622
41751686667732
8581377549920
30045105653280
50755936175298
556361032753
5414571375198
8508938293001
857099415108
12680047623021
69882454187959
58331841088074
21131194257211
4555192732999
30264180167520
23656218547395
7335892792425
26468612450180
14273566288555
25653496357892
58277446814271
11109361209369
25466699287780
36360603671111
59102884943809
7335748954349
40270129780767
59633159577547
17254948925511
12130094314360
46111129908715
2167209281584
992430518739
23809426584249
46222075160900
7661179327001
1979503594534
4497932764129
6906808578844
37834506739310
38794653002718
2721359454955
7793892322110
56707986624364
26087241531485
29537547833442
27867855043927
5340442202512
47449740157951
4559965390336
1353321545085
23942145522262
46323063575403
20502843419692
11956099129924
24390705936635
1081271222037
11759477907438
46520856438104
3349008552232
18116406137632
10956095926246
57908432981367
59518038887882
42907743805958
34604702627292
12876783950932
1017806223641
6903227600307
21992910399051
31537911212512
1517770440964
25953924289656
24218854251526
9408204698389
59476958333658
65714696454264
30575218487665
17497078344221
39345943998882
39187937999361
20382069639143
751840417675
69602715124716
45444455673291
7980345232017
47611081688582
28174467225047
4957132111924
31755205472249
28567963287608
40732955532079
11805795130214
18583058687226
5300369316833
28583002943698
53280486549193
2630018920093
6885558562875
40346737175455
26651462315358
13286289495776
20836372815110
15230038603530
44466843301326
22635806963782
38528923578592
55768048176799
33595293622653
44578732798719
30069290812538
24000630982637
6373193144339
27708101507541
27515242642054
3132662894804
8863259666677
25824733787525
32938081334425
52586685972500
26168894373085
11574964428227
3583026197174
17529572875638
15556859034160
6334356990035
24681960277593
150369135350
36208110426892
21397239757201
10240937481352
45608518842757
47752744496421
24420559657136
18937810631047
3803447663592
23872886472875
6196291973488
33423926376224
9357641600465
22969241419960
22445247174426
16213877941644
33388457970506
34945229071158
30613619119332
312901357786
42459600033094
25428604670128
58338477539276
62374273436447
19157476635196
3899998959651
53130010548884
6629431677665
33671193922909
28593593284297
25560941569266
52380043224443
6692262246418
22634171327338
17436618574018
29470464724208
1515545719885
21695227155969
37697568931014
15184493961568
6882112654377
22615871324813
20046554482224
11820838933083
14846070931780
41589822964156
42394458278394
6978057507878
50275570827154
7744539436509
18311722798458
49865669314406
1942541045503
30467569050905
16865294621647
39697628524897
31723489691892
39873779816341
59216536925597
5943866669086
42027536814552
29534074838289
56069592625103
17256326741199
3248642174510
54258529601240
28685636268261
41886284858774
49720722517890
9889983754580
41112616480505
18964335563692
26964078703021
20638847961385
45161114791213
1411422704417
11380696825987
20783009595775
61745886414582
1207403338092
11672413242027
5883690517379
56723708286
4824947494621
9564237611830
3039113253043
6698149445296
9024859238555
4202641670018
3561460151886
1977573447372
8232094902908
14537760263269
6066055751601
12303282784644
3346734416732
8506290203835
4635952695139
3160355723850
4030345290142
2937794096774
1074233214750
5208173705790
2601547473311
8827536122368
4421472080302
12639147763739
10007333225658
1416287116904
8806637564410
3267105395290
12270708431847
13080795335444
417330729362
11881501882564
6449200464492
122068079599
8370180611932
486222109320
894114205562
10102875438555
5114360813416
7546193435715
5983728887962
2454065821255
8489112088163
2415540925576
6763048029356
555071996832
249871462859
644421897671
1325866995731
870277344126
700773363098
174779351402
981101604549
1271052829116
174785610748
878272655
593736447980
1907439957765
35135635040
1340745958478
75098174139
1410653640896
396937858260
413966741985
432071807468
31186032687
469742754830
834425964000
794862757091
229929852883
174820584998
308580350462
871619431101
373730500876
149777564013
175223707239
648628032727
132667942244
186655769975
1607279687601
139948462583
368134991781
546717047680
136599485973
834484994150
578810281263
355338881351
1159023081073
872328349823
1018050801029
840551137947
940813790679
256519409668
480085227003
829296958992
854695039006
902148790189
433529269047
640796603613
681753261869
1396420472267
1326126328626
573230387830
1000117454781
1485561567234
1206637868680
902585545401
977359115066
618119233022
1115334260970
206439554885
239932966182
1796965461932
1348074427535
156858483999
820049660525
1250994481104
1832181324106
844260150505
368089402486
1150123506242
1141645967849
1467733074168
498897590328
13493995608
205688004816
209335642334
120717693282
443311862851
245270857675
24983005859
421982788227
733827257324
798920675826
698271599011
129118885710
352682518740
634990786420
242193077704
113253948468
109252202411
281055379001
153358597993
238004614575
174878781609
90656260611
94099769046
767125130916
81540324351
576310057580
504814222824
198268117364
292328203188
59641694481
267032627904
651866920784
123504479713
649381166400
411726663901
683113934125
349609295961
298071945014
361560067060
162404088560
59639949936
481678546800
61299560112
435638957600
174153669741
906836164850
91223161750
388271427320
106350337632
387741909625
286382338025
139753846267
144711894418
580094764480
393596277795
112017024100
239078912970
3467682001
337817351004
263943214059
234594040960
124862273856
332102544379
765040368896
471407275104
552684388932
596440377694
191137591518
210752293675
37081007789
160946806104
611322605301
74475327540
513063795205
912853015
458947958610
3464554468
95068315775
344527743520
485442241503
424862720268
29412741113
385141727695
362285712590
254273699400
663740741106
140642140100
509614638435
879620234031
246180215330
563917051544
10762745072
76837371391
673037427557
180994959232
6394226335
550163134785
19886878870
826831244808
667700263580
57141549493
81795190400
376562119572
512146079021
93611994112
261002149980
494648661755
268493009085
496561401366
428886419346
290248979481
98400577352
540659571080
129134205389
513355849853
220964918350
179422681511
412749082750
68419093125
270732389294
355596024399
510859033062
19931289721
493775474193
88091167710
179026766055
29447120570
220175123725
221741855775
431512014405
127584852675
369076863370
352953129185
459972223002
146151661500
847727357295
132140609685
315976955616
631269495360
849263606380
348340556175
106423137168
210933225328
533595375930
239919923391
322579746685
774557833131
93618977229
299542398336
194053250673
400121911926
53278891434
207141464554
286111112616
73538636015
206143711725
68939364438
169683856640
342367958912
183773441765
283417588449
408345064457
673619780540
436185700392
140352708475
442045701475
351880635750
641893484050
136725931125
230739123267
250666561484
117457382913
210048498029
488982337859
67090098903
121382681121
522065605635
344119209850
411506635839
55806379175
104080860359
102050048724
169544113673
220172935338
14243169759
88465971525
59671626800
161114985240
279258022644
34456430286
337621350072
207064078204
572574931839
407640899751
442208115024
517008802800
27863926664
111579930995
140760555315
712340519980
424876842455
545048816750
296542482510
568024663687
178964243990
371232776688
153107993291
407100302300
31963073625
280973610240
432644455109
151029144826
862153766855
156830974087
110827027850
444190433136
674839988186
375941347794
57707155800
730741630
22140800704
269745483330
338745973659
628698464360
403357422355
229762680415
374043490898
144278390711
242316519165
307390869864
326493589968
132044466591
235058651959
43801495200
300665978487
83190367984
629417146848
366134567785
177046792240
615781186675
359011100250
164693104631
264183660524
414173520915
14638312520
439429726270
745715295649
8031693670
42499786288
400214584798
677866540141
129909582208
285396721498
221534370837
228200201174
142923171300
350494098685
453734973267
213223810170
761264722400
128051770695
13879159900
595381590417
430961753488
376006218780
13705055775
17593316160
381212412966
90970292211
719948031936
332837039535
207482199435
773333390895
631533763850
99740466462
112168240288
41375935699
428207591308
229617253215
593372398402
12587539659
119135811275
385101576420
63775477891
664332592716
43429107186
104456556975
188174851730
236411758850
164252903416
39922944296
193251713424
223947062024
742306579642
109878917100
91203450554
386065676264
188093693862
651513474450
237010650461
241551663299
191798865336
232976724825
631007730539
353130451344
179302802427
565926630848
122199275485
509330537330
103919725980
1463558636
72864186509
56013738957
456285869116
145989266000
236459167098
221703117706
352342744188
135870425418
405381140360
363692308196
160421288772
73068594690
333391568755
821255362165
217580206585
200215558365
913504427430
253529920164
549794212137
433381552392
128462945298
97068062980
138210834525
237653078045
102487275726
66442511223
133755512301
157704510680
137794374000
735490739061
78900395653
30280416705
34739517897
301720554503
239720579945
251058809735
754070545096
193659741142
128665210436
91216422353
79107679327
164466282915
52479925995
483196556096
41629259844
481462660543
31814844455
447195769461
88923055500
317914840728
87697333881
755877460807
127489647775
566853961880
730412008995
531443568975
426103664805
91688661300
501184187405
284688151024
460434139581
309519183740
73465454021
455605693260
455374401141
193975652640
292930475955
87770889914
392716335910
468359861835
64064136006
156848426602
425290675754
533426241355
230865779504
279327147625
129814304039
159120998023
290045080738
572529165000
33936734625
648103582105
605912179455
181148202400
116564963623
304955590618
233033397687
564932757620
280654555394
829977792760
268223363646
202522853022
23921392550
284954741944
157157017875
405977440127
241490842541
563830463925
469631769106
729595649601
165114270853
29632276737
51924977250
146060308600
155282956985
118859414381
369511507761
531216008032
430212675605
360513004828
163109731775
247497650660
648419030525
260349759455
5301346160
651927564625
633868567689
282021586001
651507186419
457301258799
4045440245
35936043605
209098012305
447438011951
372877636768
834721413372
471555132384
308243336735
20801279040
39100364205
226252893877
38908125700
452163195475
65934706500
220322983250
169188430950
60323062975
463413166323
393901021625
368355160
150178080410
474592550006
14413756585
622112521680
120324362615
74168368248
290305273993
396950048080
566830773509
708545895447
301663526712
157094566000
254961245088
6400270275
280321291967
161672783199
194022522430
92370154065
144480643818
96932223696
160404574400
340394914600
226347306000
466693933095
268946111175
44412123711
280068911125
451166219010
542100411585
115051510690
134577217453
328637223544
365185803801
382678770695
355455468984
308709416463
578195988342
472896356160
247824898672
532014547720
196121198260
18150180345
144207582695
38205974475
302325493116
265252335350
628929568175
267150985889
531968958751
38412801525
333285444845
130754390940
94252624500
207678885445
398456069440
23249426450
181885323528
242547379800
166046659650
36736133835
168982536275
132405365520
161554363866
178439288937
100556946245
562987620397
440061782408
429883923579
247749421375
322585297776
51700562783
721022637375
829241368648
387450193152
18079643925
340205544406
528083603677
148360351916
547816162590
209332402725
12237223375
334203287975
405539709009
350534967585
68692528620
208267943301
137188875228
76377112299
12110620269
29826900540
7924089235
362616313280
279920323320
379451615080
26851102579
559410342400
354216878835
688910145525
709249725233
48908661368
212703152024
90034964109
67027786280
771781508080
234996510105
685931221731
376308182584
373899612507
141463021435
64502155696
422387225037
135620159824
128702917960
399622529697
456908598399
388499779480
339497729912
512323076980
142181268430
128942369500
115185248628
494854223565
392526955257
250437983643
264268708068
486674353711
188514392255
262184765325
89907810349
463979770860
367937381175
438282658735
732372685330
114075409375
367390764224
173971258190
19224677420
540581100150
453980857029
50841380975
506388493328
213315755722
197513865175
255037037344
23808991683
442522473169
355543562300
313943438983
196133284035
121225938200
3843580188
339784757730
169022064750
372235532163
396938321457
278395244055
400943090301
129383249016
283881717856
867863274120
445635936999
62362580530
390634370340
367420520451
313502078862
79011132057
327265455340
648662999148
372834164773
61740409416
674832591671
338162953605
106392084300
227580441165
896476781897
680698194617
120707826666
153899497501
654514761420
155344836335
765000924905
253287286000
104602852993
204711372600
384422552625
165622068129
92167412391
474601512775
450870022525
19556125175
531060435940
243113641302
150524170430
15071834151
44319169972
696503391780
55923547365
295518809600
3115770931
503213746735
533785982912
467101343385
121579318058
310217115405
155989856115
44793262045
402044329368
602807699437
461946837625
62734704920
101039657509
761981905447
656953362828
573658379469
128125864300
150367602000
59932803288
783855609541
104607707386
179400666357
136991446522
36275721249
132312367209
410667218465
516042918440
610498428225
193824763530
75432716268
13499224041
255485255956
137743725320
446848128375
138868754375
662621281153
355004705825
236064343350
100315404236
57152772456
596996158317
563663147170
5323684541
275185587661
709863846860
29027175633
228757789241
725934639479
844477435713
39606598512
386080102275
285417426210
575093558325
429054578398
388042182225
342360343563
528566004317
104122291770
283866339510
119296510450
103195471467
41521830112
110987614871
436436247156
336307989360
87079983786
787292802620
383024853813
298486999348
16479014385
230831893252
635949683937
86197847077
150504173092
623107786464
47123153655
176221716831
92544119892
595657231015
353302124795
139268087998
112251080515
100066482908
838575002244
80087504635
169362891634
441552391425
178375560705
821687772355
227085315241
84325526955
66391548797
421057999175
227474112075
258523663926
103672119915
640398384650
873816447725
45478083859
257545695616
491436126027
426335475300
187801012175
456973494532
51714958960
767689402260
317670878547
271245464879
169656684875
275698711690
103530732705
254970646865
23415400210
405590826173
78005728215
329858662665
278644913860
108551410004
8287330455
506016858095
539641423377
133639394399
625920082865
253619345000
155347714880
185147378563
597887026389
26165230091
70501443700
557638599465
31372159833
95588989230
431446390606
287040077400
224934939612
40559656940
169140532827
172055125008
396153590770
511195858404
344038692207
92217177865
147370781600
455183224685
597361039170
31942335099
287850889620
56924493535
111797653877
516370236375
279161287419
532926033948
431981277905
468238116100
242217300630
546903502250
560492410566
167780705902
113157490800
93590965692
703883938978
318239359527
802871690952
185846300287
124530466520
68193995425
16999530729
184954122858
20798457768
641518923321
387704933704
825572870080
233372992860
695613341025
270307582175
303637914092
469048388004
611089229227
138816631162
303054322291
280273243110
7450825060
698664221689
3696124550
105277788392
187454889060
59523725702
539237054629
126323219331
706696188726
168571330200
585970328125
822579658275
779397221302
302022378063
291056518137
216913644465
701334668711
498164505510
154375663947
74247910800
170114910923
565689583797
412219917702
171190435425
630758547909
234732977920
318964154964
174144935149
254939357233
43033338415
144394135592
492182511585
429530014043
70206754499
30111881706
165133890075
710092958016
137950112315
100194489234
250919908785
122423137682
97327088235
225715758870
688389673825
394320814969
121680924513
276769318485
194840868486
534642233125
306018616435
734350786495
460724809740
136828596660
652806024471
215600033957
125170505670
289500189649
51584696954
248596105210
248924048675
607403719121
368560420343
485269939166
246004219284
294872267890
384682869410
9384848844
52562781713
50486630975
187575516160
45154329388
53691116458
29218500365
145712646520
176753604633
48093919640
194180661933
761189454620
540486887122
534906247050
484402199036
46303629141
262499539445
116690437180
348367783500
505128092976
340924534951
30060737982
83303612430
274595462260
782703836760
53598860059
167422113495
135948828425
78606188915
172714112388
145379278205
473387181600
499720573352
437397867823
458067031470
700400105589
700700736195
425980410525
257901620130
514082683275
395873723318
499869184715
58347835007
31387687409
284209505616
63989107185
577441266543
21727819434
742776028
158690856835
306499517800
460416505465
36706799091
476060332423
631807776825
287862806692
144182746500
475519519461
273568442266
114168656875
255426608379
225619156311
548449783988
181829847225
93381289935
4047846385
16156372804
385256481883
215691855316
422638372016
130736321756
57320200812
353625383017
41057286750
551851880385
521607090542
313386822825
72628178923
671675499685
97155886609
2376318867
219196022742
117662740085
177698788690
650752142680
342024500385
101736918031
122701268536
239412112008
833161607915
720122698728
40255346811
922413545
300675841095
176194173071
84800709840
508317570132
513286948575
382871186820
124607714175
160524511798
580655456309
59335987949
631088465980
24352413316
311395174693
619953152401
428725146629
346590062515
26562205186
316671585496
427927882305
496262192400
27686235191
242676853545
369794031535
622962516869
230019363722
95426227831
700435676652
182454265446
67046306885
215995148215
104980768178
68710689846
320598061789
227824595921
572680187439
21322191210
143459740412
43629571720
263631347980
236134800729
375489826740
738094899904
156834012790
416341668617
407316114624
71269764448
489875693076
301214917461
79106032005
297677287154
322334189946
34819272495
400822062654
222891793083
139283727696
336536786826
547558725
718732010999
686307073410
294422601235
357559293210
510260731246
496544782272
81756806776
423403325037
60063955314
145245209825
159401613942
149851164225
21234969280
293652631237
261236154277
174856276779
873738873338
247231210902
667224008500
204584356800
734656285020
254940077743
416000248613
106912515787
164913496590
367988789511
164087855004
190117832528
406347131964
69587938992
133937852097
12971520583
471558191621
23389640316
24401629824
404391657908
92228957471
316594235491
119611338371
215521414125
318389137413
173365618500
625215943401
83259400315
157956219575
221200284129
478566853440
575838436365
28528287695
570063694830
234431001738
124180582275
72991852665
718961635325
628444942120
130747357391
273495815200
287448472150
417702288575
264092049253
609299366561
714380418490
118880142080
307123136271
253715572320
344925942431
828266801529
317715452271
357307129025
14270426555
232899442580
289188212837
267546506380
156519012881
213376254247
231360437014
242732102765
156780440320
168920640193
130652068750
367028401513
321422849568
474500837915
82460581265
503882416800
29205452000
506804795399
102718802459
330269161189
527605839243
697610755947
211734973164
105352535725
139686396400
19982060586
129399385535
385295308983
307828089373
483360110219
349106702256
426708692305
55918991982
214616044865
320042782470
210664790247
502919155548
153764278992
316095508014
434275384750
496607981317
57608216515
69253595271
135534524327
282532467206
705210816040
519606887345
417733264250
47479091835
237192026253
10452416828
445228286633
406247943348
522220483226
73690664817
200614290800
81102371460
710184723593
171473024646
654812552298
142290691542
55411371435
21288327396
69348815550
221047387288
411263537269
19932949643
702530802806
677888354761
608624125109
758503644178
523613608752
536169191896
449088538507
227887253700
87415140568
443865617120
548229158452
356553053732
147976815205
620532862410
580385474420
118839340375
308797620605
329037753035
25573736385
392193417939
247412104094
152422759497
728357288515
329564308515
169331172100
228318646435
562691663436
244561816394
14575507189
412992803161
389823315791
190821777316
353051572874
135989063397
328232905780
87410083880
650597820439
237138931820
13965379050
556534940696
190318562512
414847083882
729266134436
91221021785
43414797965
81732786694
782755815961
454308115170
409512373875
782802046975
524191580849
148699206648
375691134465
342355962900
238353936845
618592769700
490253472155
390654525030
497312847493
182929686090
178477378270
17076589660
33482976555
49046524155
711148223260
443315013635
37407468475
578660387928
293957034297
269907294125
601372696568
505296709855
804357197448
411292207215
311511509685
549915205515
481194449366
253521238673
243102220493
444484714135
130328361830
273695437775
156533403269
458923913035
554774736255
548556377480
282373689395
44834847435
588101858505
24729653295
88826832550
355576198383
265195556625
