1109
527
515
108
1421
75
1859
1859
487
1040
1325
818
1542
511
560
1407
1692
549
948
517
648
739
1820
489
997
1463
1947
1452
1316
811
935
724
158
851
945
1337
1667
273
73
1253
78
1869
1537
1926
40
1757
1846
596
563
1300
306
1465
1981
38
1303
1665
1766
231
1387
1430
339
1956
1629
1303
667
932
758
1450
1691
898
1669
1968
389
451
1787
1663
1146
1977
1838
1145
1721
28
1361
1946
611
793
1159
1409
407
451
1555
238
1297
614
1945
297
230
178
31
1987
1453
1924
1893
1100
334
1593
1025
1060
1677
671
1181
211
384
422
1121
397
165
123
1865
153
1753
501
1052
1505
1601
1237
66
1210
634
1889
504
791
963
1169
670
333
197
11
1428
3
1626
976
391
1102
1505
372
1921
904
76
579
164
410
1107
1601
1344
775
1536
1719
1353
1657
1418
87
870
352
559
1801
1276
1497
1481
652
1497
751
1623
725
148
826
101
1489
1761
965
1282
1014
1549
735
1378
603
1479
1376
1466
370
386
27
178
1865
992
1667
8
477
1761
312
187
1338
621
1983
329
226
1561
553
382
1925
356
920
1841
489
936
1734
557
1055
1397
1611
687
945
1024
1408
503
264
373
134
1365
221
613
904
1066
1130
352
1921
1561
391
31
841
1361
1038
819
1843
672
1514
4
401
1761
1082
1201
18
1283
1057
1521
1026
1956
73
1177
1321
1677
1931
753
1406
310
381
602
120
1910
1929
469
1631
23
1805
16
1033
196
1184
160
1709
1605
1757
1187
766
1396
1017
1236
1957
400
409
162
878
604
1015
1006
1741
1889
281
1216
946
599
12
1836
14
1701
194
1198
1865
583
243
610
832
1140
593
1646
950
663
1207
1472
755
1247
961
1433
1876
1333
1023
945
296
1671
1120
951
154
1170
1427
1121
695
1503
10
1676
1313
396
531
1507
1373
238
1980
312
1441
26
1170
476
689
1191
519
1026
1805
796
108
554
978
1494
1382
265
1951
1169
791
569
788
950
1769
388
987
1262
1655
1384
1712
1531
761
464
627
609
335
1510
801
491
1681
884
1705
1921
1937
893
916
1405
396
1937
608
630
490
1931
1921
251
1871
960
344
637
1853
290
1351
618
405
1336
1287
976
1988
777
268
277
671
1037
591
1156
166
887
933
1281
1965
1685
674
743
1513
1417
1469
495
683
652
296
1052
1787
1667
19
409
1237
399
555
173
519
1319
173
1905
1801
602
1568
585
1895
11
1561
1399
328
1819
1411
1346
425
1559
1553
97
5
986
1121
1035
1601
1901
1120
1138
565
44
1409
945
1604
1079
1863
1697
1534
152
785
435
1006
1445
1435
1787
775
665
983
1945
526
299
942
1792
30
773
1059
315
908
1937
793
940
1599
142
1393
1639
1064
223
1143
1041
1844
605
1294
1576
931
1096
577
1776
1615
1651
307
1222
346
557
271
1609
480
1019
877
1698
1232
537
1981
867
116
399
15
507
1234
761
1931
534
1302
136
325
484
52
941
1896
1216
201
784
838
319
901
1477
981
1633
31
1208
856
1159
541
311
544
166
701
403
658
1350
430
1697
673
1617
222
1071
175
232
694
694
1475
1145
1656
1745
21
1826
392
236
1426
1375
883
755
185
248
416
672
551
905
1805
1299
1451
238
1238
1580
1988
1811
1084
426
422
511
903
1021
1795
1809
703
1660
823
1121
1391
286
1702
1437
496
1747
435
1891
980
1915
1467
1510
1226
1241
1003
1015
1171
1238
1483
505
1999
1071
653
1545
226
861
265
298
1660
1901
1093
259
1827
1728
1921
1995
1017
1468
1905
1473
1544
1745
1337
1879
248
1099
186
1696
1105
130
1541
788
221
474
1630
68
355
114
905
375
1363
192
1012
935
186
40
326
1
901
1174
1771
1802
1920
367
1145
1079
1383
681
641
223
265
987
1867
1601
1425
1588
1829
1199
1050
382
1031
1982
1257
528
1361
1066
536
274
994
1604
1603
1681
139
1757
261
1715
1717
215
1736
1505
53
1833
1761
381
571
1902
241
875
266
797
194
390
1601
417
593
1705
904
1566
199
1072
1601
1801
364
1574
1321
251
476
960
757
353
741
394
1931
1771
1377
142
1749
157
1342
1506
1407
1428
535
285
401
1921
1886
1718
258
1947
1011
692
1900
401
1497
1457
1542
1770
1977
1097
1685
1822
1612
1897
760
471
321
1386
1556
506
1537
1103
623
821
264
1923
858
85
957
409
700
791
335
313
713
1574
1048
294
444
1601
100
1219
463
1216
890
652
122
543
264
1099
1311
589
440
103
469
817
657
385
961
731
434
1426
263
467
1951
1181
1725
1447
1853
925
1143
414
122
1709
1401
1044
444
1240
647
567
1202
1243
1271
1016
874
186
123
591
1687
1604
1578
1613
1529
1485
1679
733
504
1426
917
1619
1767
205
1057
1341
1154
513
1839
1038
501
1418
496
1501
759
901
267
1766
1396
1771
474
397
939
1905
931
548
1045
534
1129
1735
1601
501
1487
919
1063
477
1740
333
281
1137
591
1948
681
689
1014
929
142
859
1067
1553
981
1160
1977
1771
1217
123
1141
1226
1721
1851
1129
808
1837
740
170
90
301
1639
1291
113
689
1799
660
1205
1507
270
380
1610
959
163
1113
1190
485
571
1428
510
718
371
1135
177
384
1919
1101
422
1589
1590
115
1601
742
1295
1363
767
298
1799
906
1749
231
1669
1801
198
446
529
663
318
994
1681
676
626
656
882
930
1166
1105
1125
1811
1865
178
272
1941
542
1707
914
1462
1593
801
788
1161
261
741
1489
924
659
1466
1429
291
1211
1601
491
1946
1276
595
1977
852
1500
1337
957
1059
1731
996
248
1478
948
1447
255
1173
586
1506
745
1497
1425
70
367
562
1863
1119
1096
1641
1907
1221
821
649
1361
1037
206
787
1467
923
988
460
151
203
351
287
741
1507
106
826
116
102
387
1031
262
765
1468
1220
1097
136
1019
1792
683
1082
1729
901
1192
817
1973
30
1580
981
1107
1674
237
655
192
1162
1901
1017
1567
937
151
1550
1361
188
399
1116
343
1427
516
1325
819
1737
1604
748
1485
932
1729
721
1654
1443
668
168
726
116
482
702
1078
1249
571
1001
1905
1326
1535
881
1029
1590
996
1171
497
129
53
442
1521
385
1209
767
1529
176
759
955
1570
399
1607
26
1121
230
1985
1211
1881
1096
339
282
1241
535
1761
780
52
475
1293
1687
1175
1883
1261
438
289
1035
907
1202
826
1537
951
774
523
307
1761
1917
1889
1086
715
157
1974
303
739
375
91
1090
801
926
25
260
1933
1477
1539
288
1127
1731
441
678
601
1474
161
284
1331
17
872
1991
1742
1080
1149
140
1601
129
601
374
973
1627
1011
1097
881
489
1128
1561
1099
1985
1527
1438
117
426
542
993
550
516
1785
48
922
366
1001
755
435
1049
1481
824
1076
1733
1560
998
442
171
1066
1465
159
1473
1577
1070
316
1059
955
2000
1251
1582
1497
883
537
548
1296
212
1911
909
881
247
1340
521
521
1851
1017
269
57
664
731
1786
324
1501
1201
608
1651
319
1726
1865
1221
1171
843
108
443
109
1672
312
737
157
62
229
461
1126
1669
194
1639
911
231
723
743
55
1027
682
23
1002
1076
776
379
1683
496
222
1881
185
1749
165
63
538
594
1456
337
407
150
101
1215
1248
1873
1610
1977
1826
889
1568
1673
1561
887
454
1409
762
876
767
1842
1707
135
1426
563
1605
863
807
1891
70
78
1775
329
1861
920
1855
601
929
1961
1210
576
409
1692
1533
1101
133
237
383
1271
926
1785
509
876
1041
751
1030
399
1963
414
119
1003
919
582
729
610
1343
1841
935
273
659
723
1363
249
18
1281
885
196
1489
233
979
881
1795
1531
1373
1114
921
1760
1719
1788
152
305
1870
104
905
62
871
697
395
268
1067
1341
1633
1250
1283
1298
1183
1452
1962
705
1817
1504
1623
221
1552
1361
984
854
1805
1284
879
338
1669
1771
1159
300
1301
1988
915
874
1553
162
1842
125
1121
1301
401
1953
788
1426
1477
721
1658
1471
1409
905
963
104
670
1401
988
689
1528
662
774
899
1549
852
830
1505
1065
743
1967
1866
1212
19
1153
351
40
1285
677
152
730
1497
1990
1887
1237
1041
1731
768
177
482
405
1323
1429
1741
775
1168
1957
1336
1927
1681
1315
1254
379
1436
1057
1000
1711
572
237
91
1453
1203
821
1876
1547
513
734
1
1183
1355
665
14
1545
73
226
659
801
1551
1873
430
498
1013
1455
987
1469
581
1409
1012
1341
1421
989
867
112
1908
524
593
881
577
1796
1219
1521
559
1681
1398
16
251
1521
1
1284
985
1816
1511
1951
1866
238
98
1018
1032
1306
21
729
15
1648
1665
1911
1497
1727
758
984
827
1923
1676
1088
417
1759
1379
70
172
1915
1349
1809
223
401
1761
968
1001
1276
920
374
381
1412
1477
635
776
857
1829
1460
306
1365
1961
98
1507
599
1711
777
95
583
1317
300
212
1636
1276
11
1745
1139
1469
168
1163
1657
832
1931
491
123
534
178
1136
749
665
167
1596
1784
271
72
459
1681
791
427
1564
759
387
1149
628
1601
401
1444
1815
65
1242
576
73
1873
457
1605
1827
439
1093
1403
1851
98
54
271
580
1963
186
1585
1979
369
618
1417
1641
710
299
1601
303
626
945
729
196
1497
1803
1126
217
1949
64
1352
935
1859
1585
520
1841
1258
1018
273
1697
1507
225
948
510
1365
908
363
1785
1887
713
286
1796
1815
1751
1340
501
16
118
497
129
258
1451
1618
451
1004
1969
1121
1729
345
102
1856
961
1321
106
1267
1026
1901
921
1699
1092
245
242
733
1589
1364
1305
164
1819
381
999
357
564
1651
721
184
443
302
1449
1873
1162
1732
1859
219
546
937
668
767
1722
609
1681
1768
1001
1841
1427
1491
1654
533
186
722
1939
751
918
60
1369
144
254
1601
1595
459
1826
841
997
268
1558
1156
1223
901
50
1636
721
1091
202
70
34
1334
1841
653
1452
170
365
1055
306
1541
1874
611
222
1866
493
1041
1832
129
1483
1851
109
370
341
1484
701
747
1702
407
1641
994
817
1756
1925
295
1729
855
77
1804
1317
1371
1717
1890
1961
232
865
406
1769
970
1551
263
426
1779
993
1296
767
843
455
1685
805
156
1487
1457
286
1107
1190
1029
1465
1060
1977
1055
1783
221
35
435
1461
1106
216
1321
904
1788
1662
1428
1516
1277
1527
1726
89
340
124
747
501
911
566
1471
1652
784
300
1594
1160
1307
1128
1411
1130
1901
466
1928
89
29
706
1823
96
133
390
1062
1776
1630
1281
914
1381
1849
603
1051
1917
426
1371
1188
1551
1145
921
1129
44
547
1577
197
134
1096
342
1517
1938
421
1465
1521
519
1739
399
340
673
424
341
1176
764
597
601
1731
602
1811
