300 42 3 2
114 268
132 105
187 17
191 127
14 62
162 126
39 143
72 159
199 184
295 138
71 277
293 103
288 54
231 196
57 220
110 117
38 136
295 258
41 76
291 8
59 131
161 278
244 233
81 76
12 236
21 240
228 262
255 159
236 60
277 33
29 123
170 290
89 154
220 139
193 81
31 53
163 77
148 274
181 76
15 225
296 18
129 40
86 177
249 92
55 138
65 282
36 63
13 260
257 46
176 35
6 27
236 266
186 235
37 160
129 202
103 248
258 194
24 235
31 90
229 262
110 45
268 122
275 204
64 111
36 93
76 28
289 183
291 187
66 211
252 247
153 118
111 276
145 191
182 59
67 214
53 145
37 140
249 2
2 42
197 281
296 121
8 107
98 86
145 129
192 184
228 84
277 258
113 179
147 282
205 163
241 229
79 267
256 208
99 209
41 7
101 20
285 265
3 270
175 147
229 35
105 290
227 43
278 124
277 222
33 229
261 190
24 16
220 170
158 229
219 246
52 225
220 42
32 5
254 214
68 240
125 5
169 198
99 285
187 106
23 43
249 216
105 56
249 23
225 288
252 70
50 33
243 224
20 23
141 45
48 161
74 226
83 231
237 151
124 25
295 115
248 170
248 179
192 124
164 27
217 43
262 112
95 82
227 223
250 9
44 120
165 130
46 275
80 33
207 79
178 97
76 198
249 252
192 258
3 6
77 128
155 300
165 26
175 149
73 12
149 285
153 77
36 162
147 296
186 38
111 242
283 116
143 92
239 79
39 215
32 11
46 134
135 252
25 263
9 25
234 217
151 62
2 236
76 183
220 277
261 53
123 30
261 213
248 110
58 228
257 259
198 232
64 245
267 248
51 104
180 23
186 244
111 153
184 74
203 27
137 207
166 153
296 188
155 98
299 255
246 82
220 76
297 282
104 273
294 240
157 181
73 109
102 49
96 91
160 277
170 4
248 22
153 283
44 166
251 150
195 53
260 111
285 88
46 75
298 290
5 150
258 34
80 197
42 240
59 161
133 257
114 262
298 200
147 185
180 254
85 180
90 76
176 87
100 80
187 210
152 77
290 46
291 146
172 69
286 220
218 2
61 143
165 53
273 26
3 211
72 187
225 210
256 187
278 225
296 238
290 151
69 195
71 272
10 81
192 292
108 33
221 282
114 168
156 98
80 175
33 153
290 3
119 114
202 47
110 224
75 156
186 2
95 149
94 218
173 33
12 19
220 274
123 31
232 231
235 167
91 228
178 69
252 32
69 212
78 105
71 284
206 165
159 1
171 184
2 189
142 33
212 89
49 292
280 240
269 220
31 264
266 144
271 45
253 6
174 22
230 23
210 287
201 105
193 36
114 279
