3000 63 3 2
2155 250
1688 831
522 631
1755 1764
55 2251
2127 1756
1135 387
600 1437
182 1020
1802 1849
399 2974
1809 574
402 2032
2147 2561
1186 830
829 2804
1086 1237
82 414
892 375
107 2688
1857 1972
1162 324
1758 1763
1255 918
1553 908
849 1670
132 2126
2503 861
1906 1836
305 1063
922 6
2068 1435
1243 588
2400 2792
858 1887
1809 1315
1328 2640
2404 2372
1554 893
829 850
1870 341
898 1527
2685 399
2529 58
2477 884
1755 2269
523 551
1033 668
2818 829
1673 299
1524 1564
1353 2732
2792 22
950 2244
1928 176
962 975
660 414
2610 2837
2875 264
2010 2674
303 1260
672 634
576 2073
1664 2910
746 1133
842 2644
1354 8
2336 2676
1528 2618
2944 274
2652 2971
2596 1359
2243 1781
724 2240
82 2298
1780 410
2260 1616
342 1760
2114 2074
2523 2678
1383 1715
475 1372
1485 2151
427 243
859 1738
1327 2956
1266 2714
2330 674
2924 2523
2333 1783
63 2713
1224 2157
2289 2085
2771 480
2751 861
775 1835
2330 69
484 1173
2422 2608
334 2498
650 643
2241 1453
907 2604
1951 1069
635 1299
2116 190
2626 108
2457 2264
1344 1723
1920 378
1339 1345
2717 177
2364 404
1780 2407
2916 1971
512 2630
1032 2817
1509 763
1951 1305
986 2189
170 1186
1879 116
1998 2343
1153 1090
179 1854
308 2428
1222 674
611 477
2251 2577
1005 2544
412 245
2767 2264
2743 1917
2220 1824
2440 1264
1110 2464
1684 2389
1756 1325
1808 2202
2165 1573
2903 2410
502 1238
244 1138
390 2233
412 2446
479 2744
472 2027
587 2392
1406 97
2257 1009
600 610
1846 2592
2407 2393
1355 187
2411 1851
1342 2306
60 2110
2381 2677
1680 843
353 24
2408 727
325 309
2451 671
1285 2630
828 1140
1082 1121
1436 1112
1084 486
1682 2781
2983 1423
1688 2085
24 2491
2061 1833
2603 1234
1124 883
560 2564
2437 1029
1316 1555
2815 993
620 848
1329 225
1941 1091
346 687
911 1751
1010 1295
64 170
806 2914
2797 2537
1879 852
2580 1222
1345 959
2142 77
1656 197
2770 2384
141 1536
2313 1091
1592 2308
2382 267
1747 269
1276 853
2401 28
1631 2372
875 2900
2534 326
2419 1390
2086 1164
707 1106
2828 659
320 1918
1535 218
1959 1844
1097 2313
2222 1813
1440 2876
131 1127
1383 2546
42 377
2409 1655
417 1724
11 2966
1639 427
2856 1003
809 441
1795 2887
2765 655
1559 1140
888 2178
2363 607
354 2730
1938 2413
1770 2526
2040 1849
2828 2256
1498 2894
1917 962
2031 826
2753 1167
48 448
14 2405
2056 2224
364 1928
217 2153
1825 1488
43 421
420 2826
1281 2360
1170 2471
990 798
1289 1005
861 1613
2867 1999
25 185
2562 2047
157 176
1802 2557
359 586
481 2348
781 477
1630 1716
100 1916
1787 1171
1948 1598
1989 671
739 812
1623 1154
113 420
1280 2554
1489 36
2709 1479
1706 529
2768 1930
1110 2775
884 1462
1793 1045
2816 300
2732 1093
1796 1322
1666 2827
196 2212
773 129
2547 1767
2565 2874
325 1119
374 2547
1996 43
607 1949
1468 2710
923 942
268 350
2463 2448
2352 487
510 42
2053 265
1854 2534
431 542
1061 2036
1557 1622
1460 2975
1858 2545
535 663
1778 1552
2800 525
1443 2876
567 2843
2866 1369
1091 2218
1112 1305
2689 1132
1927 2286
792 1995
2315 1341
1045 211
1041 2764
2066 1336
2023 707
355 2616
2729 2243
686 1597
2281 1785
1915 2085
1920 146
2692 379
137 2652
845 2558
1991 2321
1412 388
2979 804
901 764
1213 1592
2808 903
105 649
1486 1675
1875 1661
176 2277
2968 2647
2780 2761
922 2215
397 147
1251 272
1781 725
255 2414
1306 2445
1109 2489
1844 116
1746 1906
2919 1378
236 1383
2248 977
1081 131
1882 2754
135 2659
2913 2341
2798 1683
2074 2949
345 1926
1248 1130
2461 1883
2065 2351
2939 2365
1471 2113
2638 1195
531 2153
63 1380
2797 2155
2183 1429
2362 28
395 1416
2185 2671
148 1050
360 1097
1091 2570
2766 2378
1866 1403
1407 1690
50 2939
1591 1740
2975 810
440 1335
1118 1137
2024 2346
1315 633
1988 1689
2679 282
165 1965
2092 1523
752 315
1701 165
1099 2130
524 2064
2091 1
387 1890
549 1031
1649 2928
1298 1170
268 2746
2710 533
2709 201
2526 319
2285 627
1830 2128
155 77
2872 1642
388 516
1095 1775
112 1215
174 412
2275 159
867 1898
1848 809
1210 2258
1405 2032
1082 1433
612 2323
2870 223
1440 1206
1958 1726
332 1973
1049 2824
2337 315
83 1050
1909 1268
2731 1630
1157 1150
926 1236
2643 2493
1631 283
1686 246
277 900
2116 2000
1550 823
13 743
2608 1462
136 2300
1110 888
710 2834
334 473
2158 2963
1521 2013
2024 2707
869 1233
946 2044
644 1378
1297 2688
303 2668
1537 1225
1225 1993
1158 1145
186 806
606 2206
595 920
388 1172
1576 2735
2666 1344
2390 72
721 1094
960 2473
541 353
322 2731
2021 840
1240 2825
796 2421
2787 2600
238 2686
2373 360
825 1149
1656 1154
1103 1661
2838 2456
722 1752
2508 2403
2698 2817
941 720
1653 912
2643 688
850 362
1050 2989
1288 660
384 2193
2760 2212
1838 1219
2250 1854
587 1497
600 1533
19 57
2279 2923
2907 1617
1773 2574
1913 594
2820 2357
2752 1415
1821 948
174 2186
538 1309
2270 107
2986 1632
564 2524
2155 530
68 1949
1166 128
1328 1506
453 1558
1756 79
2709 2160
2214 1010
450 1496
743 1155
333 1684
1119 2681
1942 915
2766 1098
697 180
966 351
795 2331
2657 1818
1825 2441
1659 2054
2406 1829
2468 1978
544 2313
1382 2619
38 2550
2150 1795
2987 599
1340 825
1610 2687
461 1470
2882 2304
2542 2348
1731 2881
818 1345
1777 331
1972 1914
427 1372
2485 918
2394 2090
1701 2746
51 1593
1986 213
2444 589
2705 1658
2358 2059
173 1559
1450 406
857 2909
426 1024
1343 48
2289 1490
809 1832
526 496
536 915
2609 2577
2740 922
2694 2198
117 2091
1427 1304
1883 518
1612 205
214 2543
2586 511
418 2313
1273 2448
1017 1427
928 506
1611 1430
1600 789
833 1508
259 2456
2700 2002
2305 2623
1895 2065
438 2029
1929 1550
2510 2416
2614 2397
2018 2103
895 275
1645 429
2091 1000
953 1884
1906 602
2586 2262
1474 2181
1584 1913
207 2927
661 1832
2898 809
1960 2356
61 2308
2994 405
938 730
2633 504
462 1050
13 1315
237 2457
500 2156
2778 417
2590 405
2089 2800
2092 2679
2599 1179
2253 594
814 2559
1032 63
2691 1228
2984 2103
27 1381
1221 2467
2124 1087
2821 60
596 2461
2883 2434
1380 1916
2084 708
565 2082
723 1647
1980 1770
507 1742
1147 1888
95 1271
1915 2122
1519 2309
703 1057
2447 2618
569 2976
914 761
1731 37
2010 48
959 2831
1429 1743
1213 1442
2527 2488
474 2574
1439 1230
113 900
207 370
1387 2947
2736 2644
2404 2829
456 509
1931 1183
137 1568
2853 2163
2060 2294
2121 2561
1397 346
2605 1256
9 2231
1086 2218
229 2677
2932 21
2950 1956
867 1643
2409 174
12 1498
2812 984
2031 2101
2973 113
2785 2041
1286 2688
2512 1176
2647 127
855 2610
1993 174
740 629
1843 48
1807 1313
2772 2552
2845 1999
1542 1522
2985 802
1849 2520
2591 1677
298 2572
1386 2915
2907 1246
99 178
2695 559
150 2176
2443 1356
792 2895
2928 1998
2832 2129
34 2789
891 320
731 208
721 1447
1391 2081
671 259
1243 1683
1825 1756
1046 2400
2656 688
1959 305
1876 2357
2782 1949
1955 2166
2348 2246
1276 1383
884 618
1640 1035
1670 1305
833 1383
2478 2381
2280 3000
419 2028
1819 1693
1822 2803
1316 2703
2348 500
1886 1044
2371 661
1615 1380
2657 1182
701 2459
1090 430
495 1984
93 2404
1515 1679
701 1078
2979 762
2091 2291
200 291
1171 2251
1119 2916
221 478
466 1919
147 2668
2325 2688
2796 889
2415 2013
230 530
27 1893
802 2954
1337 550
2922 2246
2235 594
1480 650
2692 936
301 63
2724 1076
1153 1514
1315 2297
472 437
2248 1402
1694 2159
2394 719
1241 2813
1326 581
1075 2070
367 456
2697 453
938 2550
2577 390
1714 2368
1578 1794
1783 503
1180 2620
2857 1612
2463 500
2530 1876
1852 83
2908 44
893 1134
1658 2631
834 472
293 775
2075 2614
2051 2846
2501 1784
2627 2891
858 2819
1163 340
1122 666
302 676
2768 161
1260 467
1990 269
2388 2777
2402 1071
1893 738
1006 309
2460 1890
2948 2678
2214 2647
1674 1802
2184 359
130 1101
1215 2576
493 1629
1394 98
63 509
2784 2221
63 2832
325 998
73 1525
1136 1862
260 2512
2787 2243
1425 1815
2292 2499
381 1167
105 369
2455 922
2320 2248
1902 693
1545 2285
2217 1627
2117 1192
2040 2649
2093 2840
965 1991
270 572
1348 2746
2153 910
137 2738
2339 1580
1097 19
2425 640
2413 2830
2279 1696
587 2659
175 1347
1243 938
2945 2652
1062 2522
2417 79
503 118
1264 1650
1390 27
2840 579
2494 2023
1040 2824
1415 1161
287 1937
1781 2293
832 2947
2155 1380
802 1181
1966 100
2477 2648
354 278
1392 2206
47 837
406 518
1561 310
491 660
1360 1310
462 420
1140 1186
2655 750
2007 233
2695 2477
2299 430
292 2127
470 2028
465 746
2621 103
2188 1619
2368 968
656 961
2280 1821
670 196
641 521
1330 340
2392 280
1211 2852
1616 2587
57 893
1835 2073
211 1748
1479 1329
1267 2554
1608 2952
1820 660
1205 2794
505 2328
2250 785
630 2020
550 2537
2789 2477
1291 1415
20 1688
58 2998
2619 92
743 2806
1691 700
2292 2344
1796 967
2249 2312
462 1144
247 721
479 904
260 928
1323 873
907 950
1910 575
2679 49
931 1182
199 448
1547 2796
2834 1272
982 2156
1175 2323
916 1853
2213 95
1480 665
349 2107
2797 750
746 1796
871 2009
2842 2128
754 1348
2624 1963
438 1479
1297 1825
704 802
54 1833
2502 2897
508 2376
979 1507
2167 138
192 2302
1947 786
2205 686
1266 1764
2687 1953
1654 2387
601 2677
2868 2746
621 2428
567 485
382 1531
725 972
187 47
2811 1138
1665 2749
1593 1780
312 50
2997 1299
1963 949
477 258
1057 174
2866 1046
869 2055
1213 2238
2630 890
1573 1065
2802 1073
930 1291
2601 1307
1202 162
1607 1731
2762 194
1773 1499
1361 2136
1706 428
2223 2048
1209 618
26 1359
1289 1101
1521 1573
60 2112
366 1517
1476 2650
1859 2214
2951 2392
1498 994
2717 553
2250 838
666 1792
1526 2386
140 1444
945 152
1049 103
1770 2086
789 1732
944 2165
2805 2760
2836 86
2618 1920
1877 781
263 757
840 1440
79 2871
809 142
1760 320
829 1945
1749 2247
1585 2267
522 2797
843 2986
193 463
2443 2684
1578 1540
385 2005
2540 2483
1700 1998
2441 2959
2675 1893
649 1220
1350 401
1560 754
1490 2642
1259 1981
52 2089
738 2098
454 2303
2659 2390
2804 1831
2078 1916
1192 1314
893 444
2614 2646
149 1492
1480 1725
2915 58
2759 1575
1546 2853
393 2647
1057 1850
1957 1718
829 2500
1755 2952
1327 2718
2075 1678
2035 1487
817 1014
1002 1028
2733 1314
1504 1218
217 343
271 546
846 132
1424 2074
61 543
720 2105
303 262
2822 1189
1043 2010
1470 216
1761 2560
645 2918
471 1075
2332 951
662 738
955 1353
1814 1218
1024 2607
374 459
2342 1175
1832 1710
1002 127
1175 1520
2586 763
657 1644
1449 753
1341 2007
2469 2132
15 2192
366 2812
161 1177
2912 2066
2015 486
1951 2513
1637 564
2487 1399
709 1212
2656 2822
568 2977
1413 2590
25 1126
1072 2160
674 2429
1912 2234
221 660
2668 1461
651 834
2817 1744
2055 1551
2209 2488
589 2374
1566 1440
482 296
445 1880
2258 540
2024 47
1403 1245
168 2507
222 2701
472 762
1551 1634
2515 2494
763 2888
854 1396
1541 1617
2858 418
1217 2366
2486 2609
2008 2106
1747 2896
449 2817
2954 1146
1627 2174
173 840
1597 644
2969 86
1817 2569
2593 2399
422 1513
314 375
1039 1602
1877 1572
2108 1713
1546 2332
2096 1392
1332 2060
2153 687
772 1129
1532 2604
1466 928
1834 643
1779 1686
2779 2866
2999 2351
1473 169
154 1255
1328 739
1451 222
720 1578
89 1391
1774 1432
781 1410
497 1056
1260 1003
2476 2223
1182 886
2553 2801
776 2365
2120 1165
2102 1298
126 430
1690 537
213 592
435 2798
379 2071
297 1869
1253 1907
255 195
2851 1601
1768 2300
2995 1472
1066 1917
2802 293
2667 1877
2458 643
264 1110
1511 2854
2707 334
1602 1330
410 868
2282 2281
2388 2788
1914 1583
2921 1028
405 1315
1196 1058
1949 566
252 759
1736 2139
1538 2648
1835 1578
514 2897
359 1401
562 1419
487 1074
1001 389
1706 1845
2097 427
2940 929
1764 2433
821 1598
607 557
1800 2734
2001 2180
865 330
2092 2473
819 2799
887 326
2884 427
1310 2536
1780 2267
2904 1920
2818 2088
1782 211
2495 1943
1831 2811
1616 2521
1811 2322
1523 1465
324 1739
476 613
2287 1877
2938 1860
1016 253
1921 2
187 1371
1262 1256
116 2050
421 1677
935 633
2687 1592
2875 1885
150 1720
1842 2843
2159 565
415 2279
1414 425
1492 1230
2343 1494
2965 1574
595 482
1663 1013
1718 200
1036 2248
1261 1084
184 67
928 2182
722 1515
2000 1182
212 1753
1641 1816
2255 1904
1251 640
1784 590
2463 352
1876 262
2410 40
2310 2163
642 823
822 1464
939 2992
2342 616
1934 1519
2882 2639
2668 1336
1151 1991
2906 2536
1620 1994
14 1329
2410 464
2080 1785
874 1200
1405 724
542 2482
897 2153
976 1022
287 2943
2537 224
409 1214
2539 2248
166 2289
1110 1049
1296 2797
1151 2091
2634 2948
774 784
538 2089
1906 2058
2836 418
1418 951
767 1910
2583 2452
721 1364
843 176
1405 2370
1823 1190
329 414
1143 2494
2622 914
1776 1484
1432 861
179 2400
2334 1571
512 996
1002 1379
659 2525
877 919
1734 716
568 1786
1326 160
11 2448
1049 1125
46 1456
1208 1736
1294 2079
745 100
1209 1156
2457 1755
2568 1863
1584 2935
2760 2268
1693 1840
2901 303
1831 370
2636 1636
248 1470
805 32
550 482
2333 1300
1869 2085
2446 705
2549 14
2229 1701
2467 564
367 120
66 320
1895 2879
1116 1953
1410 2345
811 307
1759 891
569 2134
628 308
1275 1688
116 995
1770 2715
1877 515
2006 1962
1745 1831
1913 1504
446 61
2320 2324
1646 1329
34 1682
236 1574
2597 2563
1672 2947
577 1958
831 2644
2960 2444
1519 1336
361 2140
384 71
1265 1611
407 2782
908 1384
429 2119
549 2541
2889 630
1362 884
2670 1829
1137 162
822 406
2138 1403
1881 2517
1699 1002
942 2251
307 2621
309 971
1196 205
1851 2501
1172 1960
443 1617
2769 799
300 1574
932 2764
1123 1811
1849 172
989 2984
1816 2707
2531 292
1085 2575
846 2457
2439 2885
1260 1184
1305 1470
133 904
1742 2823
1869 1305
1193 893
1175 2615
1179 2612
452 1348
939 276
2248 2435
2084 1262
1758 913
2734 943
617 935
349 1670
1958 275
2869 2301
1484 2930
2832 1353
2975 102
2032 2273
1970 1054
2445 1243
1520 2237
530 1321
594 2504
1806 2740
209 1586
973 1789
2030 2592
600 2072
17 1572
800 589
2124 197
1376 1942
1430 1102
137 8
1695 2768
707 528
163 1582
520 1120
1110 220
288 150
928 716
1223 391
2872 1007
2326 1807
1047 2391
1916 323
755 2092
1708 464
1021 488
2726 816
1153 2706
1860 1867
1858 441
677 2063
1905 2708
1327 116
758 542
1945 736
749 306
376 1112
2251 1868
300 2208
1238 318
2148 2448
2880 1928
1922 836
2932 4
902 181
2091 2732
1811 2809
1321 914
1565 1520
2423 29
451 259
2835 1170
909 1018
1186 1139
1347 2372
412 2251
679 2514
1736 986
1841 2905
2067 2203
1122 2859
906 236
884 2165
1698 360
1503 301
2302 398
799 1130
2926 1908
183 1585
2419 56
2686 1548
139 1928
840 2247
857 1138
1200 142
1185 1688
2120 2906
1413 1543
1616 1288
2297 685
317 1562
2735 2584
2920 2801
2636 2710
60 1200
1562 384
1546 2518
1531 2796
268 1898
12 734
238 2784
2214 1303
1847 2947
889 2016
2328 2594
2099 596
83 2682
742 958
1990 337
863 2810
1455 1428
77 764
1757 1234
1512 780
2414 1952
2448 236
657 52
792 2505
2062 2282
391 1873
1394 1692
938 1764
116 411
2280 260
2987 2532
2999 2353
650 1797
356 128
1353 669
2981 2809
1393 31
2155 2222
391 1334
937 858
2365 2721
1311 2238
516 980
834 1331
2924 1398
174 340
2466 1286
1513 940
476 1329
2336 1254
103 1082
1831 2189
2820 519
1542 904
2399 432
560 2628
232 181
189 2903
882 656
315 2804
484 1788
2438 2264
2902 1731
462 380
1284 2225
2383 2096
2891 1198
1236 21
1984 1603
2094 511
1987 1277
2321 870
1130 785
502 1619
341 169
50 1289
995 1705
2319 1020
1938 2086
2831 928
2330 306
1854 1773
434 2831
1877 2835
2466 2136
1199 430
303 2501
2890 62
1589 2518
498 1534
1486 1057
242 683
1718 2123
1513 2645
2533 2076
1399 1545
2673 954
176 325
1876 1265
2555 1104
2712 485
951 2144
2349 1586
318 1475
862 1834
427 1722
2453 819
1513 1072
2243 1676
1329 184
2203 657
2637 2104
127 2115
222 2647
2109 1817
2606 91
2774 2936
1049 1477
2202 1059
1364 279
1844 1452
1400 770
1584 2416
896 1516
1364 2133
713 1769
2196 1287
2276 2723
2355 1173
1136 2553
1527 2897
1872 2637
1740 386
260 1222
1865 2242
1461 2354
1159 442
2175 1340
2198 1864
447 2082
2931 240
2562 2092
2313 15
2475 412
2134 1984
85 162
273 2411
1234 1351
2263 1720
2414 2597
2135 530
2742 995
2514 2936
1367 2811
1629 2131
1214 1250
1671 2364
1379 1448
459 1660
1174 360
315 2918
559 2854
1266 2034
2860 2503
1453 1711
1299 1383
2869 2742
1444 348
2941 179
1490 2006
1243 1394
2578 2826
2472 1442
769 1322
1624 2443
906 715
973 1898
317 1933
1687 1232
610 372
2054 2760
2774 1571
2658 1657
1041 2606
2599 806
790 127
398 313
1556 520
94 2185
817 479
198 851
2035 939
2980 1765
2267 1520
1349 191
2338 2798
237 1998
1663 666
2250 2850
1201 1318
1820 1077
249 757
2268 2315
1353 2693
490 2723
5 2346
2632 2252
1153 2629
2239 329
1531 363
370 1441
1928 2384
2987 1410
1761 2281
232 2474
1544 104
2937 1705
1251 2149
2817 2424
1332 2713
1769 1922
2409 2784
1795 654
2367 1082
1650 1091
1854 333
214 1391
329 2230
783 1392
512 2446
2207 779
1958 2567
2346 2847
2182 2306
746 1392
2480 1455
2248 2481
1302 1716
2026 2227
1881 2436
2994 551
1181 760
2037 1938
2499 2321
664 253
96 2575
646 1792
662 2572
1459 2654
2264 1712
2708 2042
2092 1216
2321 1389
1195 2469
16 1988
2827 314
65 341
2114 2063
1067 1330
435 210
357 518
440 1155
2170 1810
2558 2764
632 1940
1549 1111
1125 2526
1895 1377
2055 2848
2738 192
1310 171
2758 444
1175 1079
1597 512
1380 1709
1524 572
1590 2994
2744 634
1159 2201
285 1812
2456 2618
2717 496
1390 285
2536 1944
929 392
844 262
2700 2158
1379 1927
592 2954
1587 1938
2880 883
1595 1012
1317 1655
1128 697
2963 582
2017 2942
340 2491
2525 1541
2103 253
2719 1270
2113 570
2464 2620
27 1366
1479 1755
1954 2804
1383 2295
494 1164
623 1479
802 284
520 1807
1730 2659
1387 2083
391 1629
1443 1923
797 390
1231 2214
2517 2192
232 1526
851 1476
1019 1701
1168 1071
1350 779
420 412
1169 1769
1571 1080
2431 2032
1838 1228
174 1380
1514 155
2688 499
2434 1846
2767 2762
2659 1802
904 1985
860 2773
1448 2198
1660 1662
538 2194
826 512
2050 1567
2223 810
1828 988
2428 436
2938 620
1097 1175
1790 1738
1400 955
2794 34
1274 2242
854 1055
137 2713
984 2408
138 1712
206 284
2290 2406
1856 594
358 1204
1319 968
2105 2651
1634 1771
1566 2862
1918 1625
2423 1050
500 2403
1691 430
2161 2929
995 337
439 1204
458 1901
457 164
711 2496
153 25
463 1917
2593 737
2954 1054
127 1719
2457 361
1907 1490
864 795
1279 648
2972 670
2934 139
1756 2404
653 1089
2261 1179
2678 1024
189 958
123 2672
924 1334
1301 381
527 2023
950 873
2194 647
2390 1670
905 627
746 1982
1598 1150
922 2179
1847 943
1634 879
21 2618
2265 2962
2160 630
2596 1875
412 1748
2068 2579
1029 255
1753 52
371 125
787 481
1876 2728
2929 1935
2967 1338
733 1309
1263 1130
1854 162
2955 63
2748 996
2391 1379
2600 747
780 1592
1421 2168
1088 1082
2318 2290
880 2827
2173 2275
2613 1247
2289 2187
1426 194
1420 1087
2246 2069
2470 2609
1445 925
1984 991
639 1990
1717 78
2522 1095
295 2908
2186 271
560 1854
2026 2429
1664 1802
2211 1260
2364 255
928 2449
2156 388
2863 712
2205 2626
1529 443
1588 1031
70 1566
1770 2311
985 1337
2946 430
704 1084
2725 684
2931 2262
1128 419
97 1024
2236 2815
777 1016
127 2688
2844 1421
2894 1037
2684 2013
2962 1070
1405 2585
2673 675
2549 1111
1957 663
81 1270
2507 1580
2566 601
2887 1064
2813 1474
78 389
1405 597
179 2713
1961 2898
1804 1143
1935 1011
1609 2629
642 1410
1240 999
765 1050
1570 1841
1943 443
2774 184
2100 750
1976 341
9 2360
1711 695
2807 1093
2823 2033
2162 2022
2412 1153
2266 2658
2449 1258
2759 650
930 107
1798 1897
827 50
2754 167
571 2410
1764 2954
1927 2788
2447 583
2427 1771
83 1249
2421 2891
445 555
472 778
2197 5
2012 1904
1736 2327
335 1590
2274 1037
227 2947
626 42
468 399
2917 1230
2279 2766
272 1810
338 1169
236 2346
2272 1998
563 21
1605 2475
24 624
746 561
1385 2552
301 2169
2049 1020
592 2739
2834 2678
1869 1755
158 2205
2841 1499
423 1166
622 514
2557 865
2533 2153
1182 2876
1860 2990
2559 2317
1395 2623
358 101
2811 732
993 144
820 712
1534 2727
2488 1663
185 1057
741 690
1670 2489
1627 2577
1633 2776
2861 1461
1030 2660
1622 2014
1551 698
768 180
1482 1350
2944 244
1669 2368
798 2926
2147 287
517 643
208 726
1621 1369
2839 290
383 2331
2288 1178
2153 2462
52 2039
592 2001
2255 2995
2620 1577
1146 1438
2975 1004
10 2811
1824 1726
1695 813
143 1693
981 649
1652 2233
449 2725
479 2876
2503 1025
1224 82
2069 2641
938 1108
429 653
320 788
964 2811
1338 2903
2592 2196
445 2494
1027 1196
735 2483
2410 2448
1846 816
1603 185
667 241
746 719
1308 1603
1427 1227
1387 2851
2074 976
344 132
2757 592
76 1773
1076 608
1088 46
2886 236
1200 1635
466 1766
3000 1435
1055 2254
2226 2452
1857 729
1328 1113
764 1293
2001 1100
2920 1212
2360 510
499 1530
462 2723
2791 2843
1329 1153
2360 2755
552 1019
1269 319
766 2285
2618 1695
401 534
1770 181
2022 1728
2765 157
48 1044
922 2463
2328 1596
1899 2562
942 2704
358 219
2506 959
392 2654
1580 1539
2688 110
2580 2154
656 839
2153 2380
218 2222
815 1146
2240 1967
1820 2131
860 1350
603 1065
1997 614
513 651
487 1835
238 287
2942 2143
2374 978
974 173
633 962
1951 1409
2646 1592
2911 1034
412 2953
1563 2299
1234 2817
1573 226
2259 2278
1175 2616
1349 2456
1826 1626
1573 1921
721 2617
1358 1127
2004 629
2152 2890
1806 1614
1026 2757
2009 2335
591 1866
1565 896
415 1654
1595 1226
1835 1832
688 2569
1606 601
2965 59
1455 2957
1280 117
2746 1690
610 1183
1372 1431
565 1440
2581 1914
919 1244
2377 1348
113 1754
1506 1822
2827 155
304 2902
2970 452
1051 1953
2906 106
1317 1195
340 798
2492 381
2465 1910
1796 945
2711 2536
2618 2647
1141 885
2355 2840
2543 1203
2340 733
1759 1569
2556 2254
548 1244
2228 1724
1340 150
779 174
516 2177
2013 1737
2534 1996
1662 2232
2267 2598
578 2027
2565 2247
1578 1034
522 2602
2456 1414
2131 936
2077 470
2681 480
615 1141
1129 2296
2210 1003
1810 2744
1744 2275
568 1968
556 1294
2125 1951
619 1210
674 1835
1038 1075
616 2885
2432 2556
37 779
1955 2018
1385 2145
2647 479
2423 992
58 2225
1041 307
2456 1741
2057 2992
959 1333
1332 1449
319 2961
1493 1864
2804 2991
1968 2741
1175 286
1795 314
1928 1969
614 2357
1685 1545
1038 1985
119 2655
493 2484
1017 211
1440 746
2204 1375
2814 2019
1446 1798
1738 763
824 1090
2247 564
395 1791
267 2668
1801 748
2186 1417
2186 2052
2897 829
584 2496
1357 1755
2668 1068
2930 1320
1768 2496
885 2228
2480 702
228 920
933 1258
2044 1841
255 1901
1739 1909
908 1084
692 1487
2039 1514
354 2753
2675 2490
2332 1722
2096 1230
303 1799
1092 1855
1802 1393
1762 2944
1766 2811
479 581
437 1768
1667 2104
2258 781
2482 2454
2647 102
2254 814
2492 970
238 399
1544 2828
1148 1244
1353 1772
2864 264
438 156
1172 1373
1900 1799
2391 2702
1631 1105
244 327
2059 1122
488 2633
1297 678
2522 1286
969 1785
775 2611
2497 1519
1242 2981
632 2611
460 2878
575 128
530 54
2346 1638
878 1051
1738 1735
1198 2797
459 2876
956 2282
2362 309
1878 1387
886 2635
2055 676
2046 468
1498 2786
2395 1658
1217 516
1669 347
1097 2032
289 322
2992 150
957 937
942 320
84 2260
1152 1547
565 1191
1702 1129
2588 1916
1492 1147
368 929
376 714
2043 1080
530 2313
1368 555
122 973
1583 805
977 2013
69 239
658 1801
1681 2069
184 2613
2560 39
769 1363
465 866
2087 877
2783 983
484 497
2555 2613
1947 2270
1869 2832
2865 2738
601 1408
2978 2348
2610 741
1384 111
761 1891
2750 1049
1706 2746
681 1005
791 1864
592 2005
345 1683
1758 749
925 2171
1410 1423
2925 607
419 2346
709 74
671 1942
2406 682
2623 1283
1411 406
134 1523
2699 2775
2024 208
2669 1115
1670 2958
127 1207
2452 402
2336 1987
237 806
1528 469
1187 2372
1586 256
1159 2738
1002 318
402 2964
234 636
952 182
1837 2719
2900 481
876 1486
174 2268
2266 802
235 729
2647 984
396 2120
1328 2165
2138 80
2647 1729
1480 1581
230 2716
2052 835
2183 2091
1552 1852
127 2668
1998 1524
1603 773
575 1222
1266 2051
299 1301
1200 2271
2204 936
2317 1481
2703 1489
653 1453
1805 693
1894 114
746 2243
1557 2010
1826 1215
1289 145
1724 2355
2507 1828
124 2959
779 2399
2814 1190
35 1297
1803 181
2664 2572
1964 2573
1887 2776
819 2665
1395 197
1432 2307
1498 2346
1252 1016
2388 1282
1404 826
293 254
328 1680
2724 266
293 2398
2234 1509
2191 993
2856 1558
1421 630
58 746
207 706
1353 2131
2899 1741
1491 1831
2024 167
40 699
2663 238
29 2045
869 1235
2582 2951
1330 2331
539 2056
1987 2214
389 642
2855 1856
2963 2316
1484 1597
746 41
1509 1099
2662 1954
1855 1385
1238 625
2219 887
2933 2162
1728 2966
731 23
841 2122
1129 2254
2709 1861
691 2751
1948 1393
554 2254
19 993
2146 1688
2360 2118
1197 1296
2494 2446
1332 1279
1604 1371
915 1478
2880 2790
1505 19
174 2359
1352 802
92 1795
1255 48
1911 35
2330 1061
448 450
718 1882
942 1483
1889 706
2111 362
1379 2516
2519 50
95 1380
371 1896
2251 2255
771 2645
2343 204
1505 1973
1256 2151
331 1192
1559 2724
1578 524
725 2172
141 2198
774 2793
1072 1978
779 1023
2929 2250
607 963
1827 2381
197 2200
2450 532
1950 1041
1866 2878
2980 1578
1990 1956
798 2385
1167 1053
2426 1207
1723 2081
649 1504
2369 1546
2525 2759
2535 1286
1562 2955
2654 1665
807 935
2589 2703
899 1341
2509 2536
779 2656
1595 2385
636 987
784 1755
487 1015
2247 1853
1937 231
620 1724
2518 2832
2095 665
557 1329
2054 1434
955 2279
600 2708
1214 1101
2703 636
1315 174
1280 2548
2255 756
261 1596
2684 1974
1070 2832
438 1324
2523 488
1380 1289
351 2242
668 412
114 260
63 1541
1845 512
1593 1979
1425 1192
2171 206
2696 1309
1865 1463
2446 909
2913 2217
1936 1758
542 373
2690 2828
350 847
2312 2703
1052 1876
3 1353
2199 329
2050 775
2009 2577
1559 653
2141 1304
132 1841
203 2610
605 2690
1299 1388
547 1844
1568 2849
309 2450
1838 1945
873 1627
417 192
2243 1454
2466 2720
1863 2160
938 1811
1477 81
717 1972
102 2823
1060 530
316 1714
1232 1338
1155 1740
1239 1858
2153 185
2689 1083
2689 1002
2835 851
730 2252
696 1076
462 251
925 164
557 680
188 1533
236 1255
2678 1257
694 553
2553 819
2262 2418
858 211
236 2576
2420 1970
1855 549
2375 1615
2013 746
2103 2246
877 2661
1054 1924
2537 408
2121 501
2346 2992
2246 2982
2490 53
148 311
1315 406
127 232
604 1278
2158 1419
2813 1234
99 2050
1661 1131
1222 1916
2092 341
1196 2446
339 1854
2379 2964
1893 1906
2402 479
757 893
1566 2575
512 2137
2003 781
2017 2625
25 2745
1162 2678
1534 2328
550 416
333 912
2955 1534
1795 1807
1042 2473
16 1932
2833 1825
1628 2275
2155 2448
1806 1992
197 1222
86 2722
1828 1495
2406 746
1975 1562
602 2106
1365 2350
609 183
462 1114
2442 2156
573 324
2700 1278
2056 1972
1847 1200
1713 2431
2540 2448
2284 2766
949 2209
1913 128
803 1521
2308 1469
479 2811
128 1651
2288 1771
1851 336
808 717
863 2770
2329 2330
801 850
1545 1832
927 1828
402 2870
1618 1856
2580 2396
1871 2706
1494 2825
1648 2772
185 2677
689 1035
1721 2443
2089 1667
1467 2426
2652 394
793 47
1290 982
2501 1262
1629 2877
1893 1353
614 1294
1680 1370
2992 1983
284 1703
2906 855
2494 9
185 2074
1000 2216
2808 2685
1190 155
1669 2333
1307 336
1582 2277
2414 2996
2245 2547
2703 2391
337 1884
728 242
1297 373
1201 1539
1008 2189
1097 1518
1869 2795
1590 2278
319 87
2003 1145
1795 88
1913 1502
2551 2240
2913 455
157 675
1289 121
362 934
782 1017
2479 2222
2994 751
424 2092
2107 1994
1892 542
151 583
570 2571
2618 600
1048 1383
646 1874
631 2361
598 552
2737 1097
1114 1689
2330 1866
884 1981
1635 1510
166 1704
2806 1020
479 1107
1374 2409
260 1896
1425 660
2668 2480
3000 33
1117 385
2887 321
2577 2756
1727 20
1257 2863
593 2200
1599 1981
1906 1925
2625 642
585 2710
1902 2798
2507 1773
638 2508
2347 185
2183 1977
558 510
492 1630
115 710
2906 840
1803 489
1477 580
90 1540
2852 1084
856 2789
13 570
1153 2444
1432 1035
2747 783
1046 1972
255 2952
1524 1078
2133 2018
672 290
1751 2775
1091 656
919 1444
1044 2257
361 2262
7 829
2069 1377
1082 1579
413 2931
2589 1501
1159 2763
521 211
1416 2107
2190 2835
881 2966
400 2900
30 2925
637 1404
2873 2289
823 1669
2285 2680
2185 642
514 2892
1507 2222
2314 2613
2735 1871
2913 1115
1131 813
1206 658
2025 481
2893 1807
2968 1212
153 568
1634 202
73 1057
789 1739
1755 309
984 2717
1292 2311
1561 2647
403 1951
1031 2444
366 545
265 560
174 2646
1792 1057
2653 2652
257 1494
2283 181
2845 2430
433 1369
365 891
1097 1586
385 1457
1110 1391
565 1718
259 1142
2831 947
1958 271
1691 2573
997 1171
2429 1761
2993 959
2683 2557
995 1365
1697 166
1594 819
802 929
1194 2051
417 1946
102 1798
2394 109
2402 567
2700 902
1668 38
1017 472
479 1380
2448 792
1939 197
2195 1460
2215 628
619 1229
1422 1593
1074 629
252 2967
2952 1302
2041 483
2717 921
127 1169
2128 938
652 2290
2796 2494
2000 1160
1523 1182
1714 2164
701 2528
2595 2309
2116 1733
683 2732
644 1865
2076 1096
1770 2988
2679 1030
636 1779
1188 65
894 1026
2710 1559
459 673
642 340
1286 2672
2254 1521
2038 1326
215 325
861 2738
809 1808
2523 1479
2776 1312
1412 1839
2254 2030
977 2845
387 2832
281 174
1903 753
1647 784
1257 2303
2631 472
2538 58
1500 2243
2882 1380
1680 241
155 1707
2511 2641
872 2100
2313 794
358 1333
2780 1935
162 2661
1819 2391
1127 1688
359 2131
2011 1249
2783 659
702 483
2522 1458
2767 45
1007 2759
89 1346
977 2908
2212 744
1167 1024
1750 1860
885 1679
1792 18
508 2959
62 2092
508 294
1820 1634
284 75
917 1517
