535154096
533721037
571576453
537067845
523686921
570600710
565227135
558593998
540256446
545105559
524906049
551830886
544083876
550497117
564896463
531855662
567853404
555358462
507567743
532402163
549169453
502772041
572157104
592495039
533503368
520553422
540569373
563830931
523073044
561035803
512006254
545796093
559174981
533907132
551028176
542351541
540041908
548940617
537299260
564399318
503433901
524574257
548567569
545370855
561622980
509708178
583857675
575757623
580709161
529532514
533986331
513379703
547625301
536537140
525732312
572455162
522699489
565723371
523594530
512464013
501355519
570613103
515243408
534811296
556223208
540894520
517628520
538838868
545294916
552317775
564310793
502145960
545075004
607152854
551745428
562659632
541978642
538114992
519559057
512179225
534941481
560820206
548708825
552508827
553622519
507107820
571979045
548004881
519691389
530720454
527255259
540178422
573972797
545497172
531240951
523748384
533664888
528336175
575311895
538872184
573945893
545511752
510369134
540901278
555092670
489548433
549642740
511437619
524682491
539387398
571471191
548895455
491850661
525108611
522813707
549820908
553285440
561767782
527496349
562470329
548099431
504260451
562991374
539303537
585962206
516978085
552617926
508486814
559907415
547100435
567966899
582605645
533546685
541643734
535119323
569496944
525946913
552309815
559960654
559410341
556850534
511221581
513550860
555086033
538016210
557041464
555870912
495607664
554247133
528933289
573587038
543565807
561948409
533800304
567299273
562958532
542932103
542970682
537360807
524961126
530454833
523469125
566083312
572672174
531956517
545325104
510847255
519884635
543646561
536174154
551260687
501255023
528953916
537491779
548258681
548430503
577706692
531826625
561355391
513856900
504571228
544434049
558899999
537056583
526250314
511213072
529887723
555213203
535440626
551678034
525801790
533779959
516022863
566458177
536817132
537756011
547864686
546499275
522888255
566448559
546367856
545633399
533687710
536938216
534564536
531731199
561120892
552520908
534936562
541259677
567895840
536951843
519884986
528978436
550840004
548586258
550015726
543799158
532544553
553642688
555043104
575959254
550613842
531442508
542340008
571881960
529939966
553206454
562581605
582947279
538684962
559231984
559377670
544423602
550678641
518955176
506329713
516457229
532109931
580686868
534263857
504092564
563401073
513810926
557825948
520202012
590953935
575885905
547374307
537861218
538521794
515144206
535518530
514340954
526267765
536123378
546491259
534131947
553857018
580869257
511797964
562928829
493068747
557383790
545718000
545821208
539126642
518212612
558906946
525680815
536747364
549162840
564417445
543881669
573309712
565681145
565369332
548604658
553425552
489909937
532116086
521886012
556723618
526527035
589919889
533419805
528765079
532123369
523878367
501960399
495943887
516892090
563645220
529276886
489554067
558550814
539456249
564785571
517861924
534363599
524703877
512581642
543446742
542432480
580568172
492511498
534857182
515418682
540636731
565331278
563424854
535175821
543124086
559830178
552712988
545121340
544696624
576674417
571705888
529881979
561224157
524335606
562146822
550628014
554570038
516715396
556611591
531475742
525344777
553216200
508384326
493883987
540368101
540109617
537353454
576253220
561557880
545527553
493786737
538609309
508381607
543244959
516232412
555472983
550693166
538410406
536017947
578238101
482564256
555641986
517635721
510515447
533110825
536760613
581982288
532337528
588691898
524014984
482268834
552152710
554476874
571710711
570250443
515435047
522062661
524830985
571467256
581717468
563461478
510183996
577521451
514744961
527506903
573914241
559211474
551800670
554058091
550384460
555333648
513495746
555291674
554485458
527439361
541566184
542474781
546957930
542128863
488629465
508121758
486952018
521781511
535089539
553456098
544511570
507579942
537063672
558672181
549015120
517524219
521369471
600243606
524262218
526654829
562503657
553778231
527354113
558671464
564520568
562518717
525548047
537029056
546452012
551750690
558199225
549644008
511594962
532306571
582512666
520105744
575015250
575872049
586289103
525810845
533680544
565552202
541074371
538877276
555979070
553928110
519360714
511678896
564416777
521570012
515245771
558454501
520422778
525250916
523994625
544538137
529339498
532395291
542502879
559365955
540634957
537753217
533385214
518420637
546764502
552374667
549225107
559436907
590241075
588545922
551294309
490467026
562868739
565241421
577033793
522459726
525931605
559471324
535751501
540268485
524260065
556492792
520732344
568606975
550141308
522059441
520457971
544100381
537050490
561634559
589827506
507874322
542708347
571879709
485034665
529516992
574914327
567019704
541627644
562458297
562857615
531507336
575129309
561660700
540504437
536651859
556739759
574793485
564075359
517976858
577025313
526317277
540540065
565230950
564454040
576850449
495427342
514847269
533335927
573120425
557625040
520046152
560268401
560745323
558419928
527695609
527235476
555214985
547643531
559758216
521313962
543617861
540594422
520402456
524448158
539810386
531052848
543678586
581108483
523879032
570185866
535982641
547527234
568449332
563098189
520390499
574545319
525306913
483384490
530955688
520832997
538536500
503246748
570666942
547699866
506661537
621493663
551464644
532610056
490566260
552750241
557169762
563792414
539742687
558429233
543695775
517482888
528695654
537733524
531873328
538509346
560602353
540152607
539781613
581333606
549676931
578810252
574036641
547640181
568319720
537597450
549612418
550147043
534202899
543290095
557360479
544506858
563790342
557738257
497174586
577624460
538955596
516883230
557614465
532927301
555160248
565470042
555553437
546339471
538422882
539410922
553707029
536798967
554919814
521865635
594407709
518196073
529769203
549360028
544123757
526108959
574345105
530202926
551583135
540879163
472441574
576704263
564865466
553617538
498433535
527948077
494806454
546401225
539448857
547541671
530897884
562045231
568727524
550228859
558047030
573464986
561569147
541177319
525422035
553420051
562806288
538434561
523990918
535188726
521935555
569960891
540891154
504579410
535115250
542533431
548243971
527363135
510247431
530551498
539397349
529031837
553177187
519161384
568741221
537014520
587268129
571755303
571031133
506568081
551524003
536082691
512398398
568128278
561688281
527585428
537668075
555699129
564379351
546575034
555481429
574048743
538269329
511641145
539153281
538438973
533317103
568111953
551475456
522679574
503572523
514087459
495310127
511553689
523318938
581973938
537604649
560755757
581836203
536693155
578905422
511048190
512613247
541150765
537718696
537556840
565128991
549440002
557770505
506085311
547894059
531586915
529777105
548688043
542633798
545553850
585710795
540978607
564227886
522588367
548563145
560830275
512347891
520233337
579848763
554801295
539169569
568054382
538022132
566605268
579747040
538874974
566116597
566231408
515408444
528642343
536569131
534293776
576224307
536686325
522530803
588424635
530593911
545728540
499293112
586970078
538526770
582557733
539735880
537279232
535708071
502355229
556372951
533965979
543335567
528449973
567446399
523609334
575581238
544984838
588714833
546771776
517580693
551399117
562741458
524405632
517380631
557617235
556568944
571368046
515050249
493221117
540474169
559161062
501720659
540640329
523701198
551553490
561372643
501542587
532388305
507314835
572465238
540656679
520914886
530061606
526475320
540792970
546180377
545203351
550783677
527797726
518807852
551268268
531646502
493407713
542626039
564130527
530442358
517905857
580414076
590615255
580886560
540927021
526616732
532730075
535619722
528159545
557747044
543603798
547556937
548425697
557962238
598230432
517978209
502305638
555403646
505178457
580807239
532389811
553165248
572440510
534149093
543875435
509787914
521641827
541620728
544656314
478196864
505647505
527322188
532047286
520221894
561212441
538351208
546095099
554428471
571075907
551079391
538142694
519113335
504705360
552230815
554401829
596678456
553513198
550666479
501688138
519263297
565465629
502519695
528920255
586391803
533430018
534111261
540303570
531182755
530350060
561096235
563700886
522853022
569450163
563231909
525667056
537032484
581130276
507521675
537382500
524689552
534291567
547002462
527219487
553607149
555835174
517611697
510300032
521786624
525499089
561954694
533729292
597467780
559028181
566897353
507017644
506736066
524475937
537795786
549370194
573066689
562742397
519900993
550144089
560540225
582673719
570273457
533483923
517230416
585162757
521220027
514116052
528398920
548460799
538912461
563295791
530040551
544408261
553825786
559301200
516564327
511520685
545615890
533049952
577395374
526348262
568853750
513447768
532047324
531186398
561208861
530205524
521201656
600540499
585948279
551112983
492559712
500366735
546763582
534338673
537212433
507844740
533933200
526952962
493523973
570854290
581553730
496859917
534454391
557527240
515003753
527299943
513655275
562804494
541536612
546048584
522814115
576058645
592891814
492250299
545590841
584704471
570092926
568273508
546368192
499795286
550948087
571202582
576567381
512488350
536018176
574947588
545957094
540875978
541967689
543790494
510404098
533434366
582121237
554860680
533690223
550895738
523287617
535824707
588839026
541223418
568856024
518221001
522764604
548953352
541343243
545275324
555540670
574626209
527672828
587225019
557728297
558245161
493994644
552383894
569878077
566777157
600353618
575025378
537876224
563986730
506599688
552451710
548438986
574564429
515149544
576078462
532501708
567771994
593794397
560455971
553083357
511360711
583620966
520836612
507447509
567933838
555044331
575210761
512340069
538621887
565505298
544653709
531953820
611095192
517062773
524893930
554482534
568706894
532717099
556776370
525084492
553299036
513633288
518900977
