41196997
140014039
972831420
188109771
247083539
239585728
697918837
446169536
23931051
61563279
693688654
212471157
651939598
129406339
708362321
835018562
577883723
528487754
934820244
225625319
929753270
822016283
96723645
70461079
977714170
54490772
377153306
300682823
570624559
415779111
899515915
603055683
275567576
633467286
628056793
195566655
381796156
766132042
219590172
504448159
731718132
239097887
125688063
211440973
922703808
406653027
12859465
834281069
869813180
539767106
55269698
381391799
388779362
862668071
250366038
245930478
147589431
400228381
978196726
693643930
776565126
22752685
125719026
707634966
364411875
719871345
760606239
901740741
587069717
309775444
83709142
151681949
360497455
87424551
448861433
898254922
37622673
949127113
292069802
511733411
343238041
614561201
419190458
721475375
53477475
687692540
918186037
331338914
741384912
158083301
185428085
825081967
181351740
898051597
808030784
616452989
354383227
69114815
132285491
532205169
949410228
93768885
918670656
582948938
744996705
751447530
871978197
577982452
594480230
422719710
756947090
718307867
690118131
150591460
76158524
568786361
204843696
53617020
698644229
421283658
709038368
40419969
559425402
196835465
964838953
534188777
178491224
549737114
332885065
178641840
206524102
782575552
746804735
683281332
881030478
292400966
318547094
75670052
485657755
881542601
702440718
514991428
51490888
64866086
186769414
223879695
416996862
984670514
804964712
408147282
62262944
397581843
525842277
964120381
7570804
98173911
964278506
193189605
143631615
23897342
648154300
906913499
57192036
312617499
495366299
102684193
298833147
322891611
633637434
547045722
522443585
889977825
645962071
816661290
870825488
532346893
753314763
323281335
668622738
233090509
696853801
738412592
197425077
365205151
751919066
330457182
417726038
954276529
393445799
734236009
882278455
778344027
335023453
17423084
729127904
981750843
113668160
13139472
532855716
963426417
825150049
244826504
177245553
374473465
871764416
125269364
801531003
791279113
378991979
462230849
752693707
531147596
14464705
160123635
715105695
462431955
617196574
365329394
31104353
885402095
549033651
947262359
365702120
520547568
378968267
962940782
923194160
733431221
802389783
39330715
705441884
796959276
141421781
655177411
447069110
295829687
25978028
476543185
261215808
111114289
78288703
66823380
124060491
301875157
321572431
802722942
500941384
530137361
528496437
566291261
545506211
912126346
71455115
428515164
703266181
31270762
677528105
468593820
207521019
396520950
572446041
462603005
283823951
708392849
246520230
291360682
864446258
822266309
201674862
128427978
428943693
206819739
386375851
516763580
565310279
394200045
896097586
387733716
557041905
259312351
324272400
438147684
543240022
500424261
896515813
581588722
22865385
889272620
66538117
981221435
801981461
703177639
583827525
512044640
155618350
923494001
946588238
768406257
286088518
871918721
605376448
121639644
487758622
32808130
82331482
177751959
378772247
90520358
25067705
931339131
80556356
87769713
99003423
580593406
691190479
314335900
754252384
155279638
818205092
18047511
878555182
600749533
736196021
68838484
989301298
111971466
950664811
501557845
53077996
837879044
559051944
840018003
79661504
939780822
315767859
642334800
554057999
978966783
475539844
83184675
997383325
236093397
938026540
773796484
791961838
523004421
321487752
454992065
829841986
44215123
253701656
692919671
764045617
580718995
440415923
757571095
728049602
880128133
662759596
824339724
372765850
218424202
587227883
60489122
535988970
19606165
122487212
758367144
431574757
322995933
837580232
353987372
156808075
583098790
32876242
511624065
847992509
756765865
374464544
178369911
671993391
921471305
458542024
219018418
396434530
725347889
654788420
310342796
951495880
825981414
972875942
528840150
53261253
995253194
296412102
901466935
856599143
832540679
977006139
753184166
608286674
538095420
170991209
51910735
504028612
381375191
451464210
531303375
689708130
186940210
418412282
552195915
691871638
363689306
541400287
96192362
520256057
701112094
78664890
471513537
802475751
42333006
391397120
701976556
422700527
252508755
440433403
152369584
72159847
347270629
149084466
380916282
418562985
437445386
834458133
903793245
70244050
853708848
782582902
184148063
755249789
64909361
446056857
510781691
166611407
56014334
963813217
840886121
568427858
474859946
204281015
407341651
270763917
722002374
895344956
738391316
182036905
544175593
452658201
84438428
731511535
45009453
816861283
27551215
724721886
436618301
246922591
104342499
546794327
91432527
55116790
259710902
521780664
611253377
328562337
926887012
826029299
55544756
376002916
820335376
677472580
291530260
405112005
688610971
292859088
432109222
357513595
438288438
967120201
567848594
437686924
576311232
765582801
550209704
373865267
134926344
109821237
241658355
723220614
462665950
946326004
18800341
975485903
924005142
533751801
28028767
866547566
630311761
938181446
995205776
571236662
466144324
201438254
851854605
391493669
883971490
46487860
65002456
520979700
205030700
918617631
426139810
299682054
615069283
127997555
644694377
859405937
196673430
558834698
687857661
540396083
455265589
678622871
758575982
336747250
571591491
490409490
239098201
269708720
474314009
180786812
580058419
765901016
950974459
141099298
126007613
131418106
454840566
910202366
586779906
511915937
482585284
248357630
765526329
302257181
751244780
660890708
926386834
129330170
93401911
271900260
368496681
546974603
400565148
186583714
528936650
632147680
666450246
437047928
388947792
657857821
690900201
459428129
449308545
342042675
904947836
108585342
850567943
553975277
896637050
380710436
874792649
345318236
603571197
471212160
660769498
128022551
583783164
479480736
47107175
53044632
523461321
101322193
946173829
936849837
547142233
374072980
108180134
674893891
723748822
603254855
966004254
623297396
36756070
616461152
593920131
395546431
409843861
747260494
730287292
656700022
276860827
790041675
649975825
541735145
53006214
768203521
907039764
420829231
841729440
629496614
353229069
459026700
976120542
125513395
688491270
158975461
680447591
985933
184206600
530987180
215943972
965621966
661356684
324246270
938154737
818072063
405944671
837816725
792281243
147888812
793962564
622423751
557416755
221625447
290492495
3359080
822788504
293013584
601295752
406510113
163773773
438384014
196767191
868775341
439250752
828637858
871646458
322173047
693336572
455448718
490346888
506090580
392215296
794253078
867373144
149362422
9872652
755678585
460930152
801423677
850241274
774440214
494206583
683969522
159233373
262719720
475412107
667677791
408347049
373195074
606270511
244540798
552795650
154404138
56358121
582915301
95018930
269495860
871855367
38567972
578094643
961078365
570256424
522730272
915270294
742446249
642792886
45425291
144046315
53857765
203706818
687355244
847080798
513421763
841698479
798689879
56429976
549484456
906104972
673029535
827917395
274942685
978731360
463509227
153530376
259875086
980314987
747216563
165686167
792620721
325196710
724437694
866016995
393708883
227306126
928267736
106646136
864761103
539159497
14081546
355563182
159735740
903225832
866223477
328340060
87352823
688691926
543411373
493490372
122845157
224219872
109532133
396665548
883705336
684919203
845967603
872100582
134807452
902769469
469826448
407635787
958423041
292075545
625677098
739355014
893491327
558400098
983558875
821978747
434942455
621588236
168729890
382173195
842407032
647711528
155975341
442644810
105996395
252892835
634065945
749749725
21300856
101510593
67757306
602238367
654977934
691475645
100120236
298945668
107107580
510204872
558263684
387564465
812727303
213348116
314973797
612256540
942115311
112248060
543778656
522231610
878351225
338451021
428471834
32380282
89913001
498632181
161294968
942034966
407059761
762231901
575490877
489547327
771087015
453048301
48507247
532244051
528218703
844080217
57869035
11872654
873652460
971749052
595372609
235343413
19228102
986101364
705150542
589682916
823863136
140289807
360911594
396063569
144314268
506252298
447439903
556633134
342352347
856163365
387018146
451844228
659858226
184588213
44912490
283903531
458106020
735334468
687954591
562455552
367412351
338821940
981274303
847559598
368896507
223294427
667632298
948877659
909217798
234403514
668162646
367756750
544716770
301307150
282394701
968706743
638296295
921859336
838938140
193550593
523164867
804745260
449573120
565040746
405638737
564810238
867026743
782004627
530266816
887155382
757236785
622943780
520481722
286152054
493567251
794173051
547678452
265290783
436954319
139671576
458623428
873654425
486063763
63093750
110910115
120541353
235209449
8067819
279418663
443191830
766706731
801013102
925338824
92035788
788607410
58174774
947411988
918277442
407852104
936380280
293308067
80362447
725359708
315828042
16026975
320697441
689721774
336571654
778874277
566841106
746081080
823107877
123058415
432351732
555306598
376830724
635299364
739887206
961433317
167048405
685571391
319123921
499026705
982619565
575716422
373176097
851704206
287799418
949639603
532678998
652111506
527760028
810451068
605678225
246378683
273779391
115229306
415662259
486788205
725436709
264298714
623231950
150629421
905123229
931372460
762386296
939766343
559409163
638647906
255906740
953426014
469743628
489981541
932653304
787345599
525681856
741797167
97239312
555740265
465189022
908001649
56292298
898751508
320560268
947558731
226608651
405423580
609531797
150170620
367539157
530127026
644624918
821207318
331855701
649755433
578361393
147790692
876239561
486698307
55151457
346812455
121021724
964946947
64551955
37064249
960465242
860885225
214017165
10331278
25624122
405311239
639160484
671960809
502221221
132217961
158885097
786461358
90257945
62913161
448855481
302739469
245161496
564819802
663043221
848894054
309740973
338723703
495380156
481333009
524700555
409609122
3191637
852296457
524729246
86013909
866283099
275106566
741321351
39537230
881125130
93517815
395862131
852883935
542029721
534847586
667046958
660428462
112901609
951420408
298143400
120727288
150839091
414115321
968258746
13566981
329376154
235808933
211115762
607000608
57330816
970814007
331489973
69504222
169084239
684212953
856103013
159149211
230351160
252848058
113597924
327985568
574483569
244841703
651744846
981350915
36637908
663722726
869236086
378545638
352588851
422149877
382742501
402153524
287951089
515037078
682067822
170086674
113107656
395495325
924338413
703370543
499346317
139138799
953313206
137554621
561193641
886795247
442761400
582011534
962711112
221641212
145035994
808556632
992005583
2217975
338402540
370784267
13193005
301852184
728994811
75978452
645733730
795575971
41912043
620103283
887387661
805741634
661303520
670018369
812881165
50451943
275685155
670310125
381545705
435270012
757811567
583497034
588792612
765739684
175300198
387533024
200499837
387121842
750397005
474229118
145225238
382555945
881789903
608269960
429820426
449614723
30543504
796904845
738395221
407129856
353405549
673555106
927970330
859721750
870395957
1593030
618887125
891628970
750975134
11242719
55122925
216062945
613194429
555686781
382741557
842867486
542617169
184560691
900723753
11688296
337500069
59251594
263073824
666474378
357593358
180633338
550041085
369713434
164229290
813045460
953111310
708530885
959842174
8662722
338304588
969928806
532159419
478782268
982944408
907608664
585067109
466561403
522493646
535463063
255205957
592543170
979757149
377415285
821005820
673641916
935627667
436269042
49055063
584808279
24650863
30668489
620503424
883064298
90304089
170845313
688333607
580377193
850956124
719893083
162266040
927850560
14654703
557556725
77844306
932851546
159870942
348314387
742810369
515033040
540138147
135452957
943447753
806247952
42702879
490159978
536156359
675261132
65579290
509298966
546313889
459045033
543106432
771970596
680132806
5310913
319879509
563487358
516422457
508590477
383121891
808799877
245822002
235809646
363971445
396797031
745815105
736810508
344561793
996025566
414223211
915784338
478712737
244012632
195977900
305318216
436223554
62560511
591758614
935928898
582504080
68975459
640108829
402020
20921311
696405912
592354322
606640461
246460026
828851458
605494176
780067461
453945360
510197772
352624650
181645173
164902123
870199253
778821694
410831033
537381704
132635932
941349181
82515791
244095919
647817896
871865706
603451934
163290508
63246854
464955943
980882557
891199628
351040269
691232974
412691377
641978868
414823416
653321344
980454960
744876321
339335975
647820478
460784681
812932264
587341247
407976666
241437983
825726837
605343635
142675688
926082850
362887329
848757333
80951615
634863508
255591165
869194601
691796532
945435339
120276590
390128249
22271559
284016270
892873517
884416772
984465082
550705950
275265041
898293904
897934140
168198873
220124094
426771718
712770039
299478478
182686136
327124250
969131120
857822177
469280954
476739077
124762778
366416473
660412218
447703672
8899827
380515519
73514934
465195455
424842962
659782299
776561911
14466138
308921816
962450738
290380575
143702716
15404329
276883264
345131844
371088631
150842033
74523488
462369310
409020417
668281325
182018120
768142826
292692405
413956690
328052597
262271031
679620940
318299680
628119824
394528178
706079648
260709815
856796926
583173236
58925299
53629721
557477690
987017741
867787750
117119993
310233254
212136662
521017682
959319654
366469170
395799823
991572469
876424130
821233564
203289696
453297748
891293551
561533881
124094518
242105555
643712056
442691768
275654455
100602284
121950953
811643999
337755290
587746404
387343296
971382820
437616681
768461231
382518911
75010920
959577357
435294429
704095094
550936351
935272237
480154330
52072457
970363699
832126857
109323413
16617924
683930443
91996031
882540883
739372295
137945372
526704848
376655439
183482912
412500170
649793741
416996547
351745584
828398047
885680974
499230964
901361682
866394840
981232706
30053254
314030164
228815922
597866237
330732280
361462955
212114782
297885792
944479533
722062349
416809757
457511021
754949511
501146581
441118986
342497962
434802224
462147008
490336744
964745778
303525156
422755147
202740261
550952602
328525392
216395127
369313133
129596328
734707565
508465599
885717119
359015826
89164167
462615184
382044396
93385217
857449350
188205286
66301958
780464625
781020043
598287237
775703349
518120858
709134381
264894453
577592613
896355308
338180266
949226410
887776899
42715964
536093376
553354593
740387780
571079591
652445218
751066242
866214581
36097637
915111999
783073027
183795933
775730345
891801494
27611505
850406203
16199535
167636010
171927104
291157095
324703296
90713780
242958887
292516877
638250375
267580550
587433215
324829931
142333693
630251459
162878378
513606492
427829233
301273228
529506383
664887665
322839878
527301238
906729636
498924769
366227298
893417960
679030316
488309120
371409835
90242988
584639372
402682863
764429120
585930771
41161335
73182475
265892625
908677508
790041276
340406004
541947587
564669320
546503966
783966708
934819818
420409831
241018824
47905563
457861922
440765439
446664104
563531160
207671483
48548615
438660090
437497695
77843115
949431227
31139985
258169146
829612670
484829645
387264877
904268109
506787913
305152683
257879522
979782875
457407300
789682805
227143970
948040442
23005750
361484345
380324495
571902290
618731518
497586349
436473004
651651563
394715204
786837520
388133778
68852185
139043439
527584662
993758099
18047519
127382900
18047519
704343512
406594993
952633779
53894201
979239897
387305485
90266710
405947487
750662918
355369974
356532369
569240915
600575659
207599747
84744604
821168408
596817825
685094626
26321562
946935081
709980656
406586350
721967471
129643076
82007036
928133356
452313987
696703766
985845158
358760340
621204882
551643856
878221704
764510005
201374857
325953416
188580056
842654125
513549860
992345192
807928104
922615843
392635140
169639544
739085363
788256831
80636801
744101644
431162243
198202529
478436160
757603141
850843660
755972503
486021386
971084891
116032029
71640881
489476343
666147089
484253726
345417483
540234917
591958203
271753025
701771987
962844788
671354914
186895754
973267299
382827813
963683356
781197588
298049652
104943199
753651193
495398232
107552410
943104189
203960206
844506276
434542407
399343538
518291624
279300583
132765581
604631048
205765882
524283318
504995967
149583775
542265881
613084172
464493321
569762365
713257895
392957681
672879886
94886661
787535313
353816514
128481603
181823952
547786162
204880480
134354972
942376410
795860545
858612536
980515864
168926243
770799257
831759812
430497359
687632198
592547422
404723295
322281013
143041039
780916954
974839572
420155076
6687678
860493917
561593416
917005608
918713620
960872839
55514083
381073022
673428427
537092418
675645913
890033557
36967358
446405053
303542257
237475716
703812288
58803109
167424525
385596800
349099089
705336572
367277988
31151273
145856794
595233049
348940717
66188218
486241331
350469303
19624753
821779150
737391040
262982006
974517325
539408120
653610555
308269152
918290581
365243796
573352097
864222197
201851623
969657341
766511145
568954842
839568389
276629087
500644168
560444122
352794884
233289229
726084015
977060440
54617147
959975903
709941358
192772659
758626542
635784959
358071547
679463062
535694709
216932014
709409835
299783242
618545937
74530046
818566921
433842940
456529469
645058368
91934728
495725905
523867710
313762454
414545161
324797606
647077879
802406621
355580413
526960973
547624173
820219905
469491791
479683794
478521399
758347301
95355289
153615935
247183156
225577482
101251760
59807131
763835611
120852170
497228613
516515964
992335333
91777659
959491086
913494705
734674612
734380026
14533645
267119385
561235787
812554426
644427017
712007968
194951814
93326133
202345082
141532025
117831857
507287229
632317682
694426926
64039263
69591076
259935912
150727016
31720877
25102807
783718494
717358369
559312066
558756648
502478658
52433634
551444029
614132785
7953018
953097130
244520262
829013623
66057365
486777073
734255800
395777205
198777128
576204479
618457226
198163323
943821936
231937403
122744172
470726901
268257971
974404773
594976375
852886315
360866346
253610371
863605175
160522987
972916507
848776428
697923318
775554152
734819258
650194372
457484222
351819498
926424831
178521320
274737536
658352532
885246367
164806466
646047587
809752968
978600678
104041765
652962909
887949596
171786534
234153712
941773742
983970837
182662968
243664729
752118708
776643989
201023464
933157165
94772739
197647692
619455714
864455156
635167665
753580912
177773685
947361598
737294687
132768211
220582785
151247673
444190538
525052539
917058773
5748826
329915600
498234451
322043723
544381740
75611800
545327977
477833168
591544867
728918227
9015561
674984409
313415527
48828710
363871918
337622687
959490597
920583043
672973372
952757815
82045680
679413275
473379548
774879927
660532052
665838215
770079162
935506134
845485321
690692209
573330601
396659855
518637322
645523917
205089015
311746093
93573818
182933506
616677911
433752629
51255127
655275802
585518990
489724264
872307375
579809680
678488236
969086497
496813477
851971306
912784363
622365190
574067051
199456543
866706393
687538377
578287006
812456897
139034982
901162114
46189762
127835789
862834184
666685230
693518919
758987542
905103554
912998410
81098742
924014353
319653501
378465896
818900798
536958472
752785706
554330298
444136728
464416221
66853895
346129924
62153014
801095872
790630744
116504313
386358257
373028387
435927693
232602819
273337713
349220481
941154893
365149025
675127876
797397849
66287559
212822561
888786641
603953218
479215276
61379814
117312588
976932633
548906213
720227687
985450910
347216678
159022550
477740457
378235682
471112125
155731004
329207452
154040755
260059267
840352583
940374278
386801653
407474020
374673695
160034989
487523096
46103323
982225464
336151712
551396068
873180058
273800871
112993384
298940370
485512195
89855578
472353080
136168515
58729161
848158008
762405098
766555834
410514860
370307056
325414198
412048602
201411564
884957884
245945273
580699954
941489643
914655954
851485278
564972272
364682551
607559593
146972187
924833274
129622806
579698697
794039931
580323306
981753542
119401262
495888005
707760813
810011444
209247287
994783094
938001671
410211315
570138153
867886672
925337971
503099486
366600764
118278588
177678949
914406652
437860060
132700834
778032507
105910255
515874124
577996336
968818277
18867991
88203103
702111570
642215494
665667626
581309783
593095745
857013485
349626910
690650716
65375553
405372294
226557365
116564410
578632454
737150566
409932549
108641998
647028739
552173740
564708900
330539009
563690106
851330433
351717720
431380039
63407673
207991262
854088032
235281412
737519934
775698373
255511848
150455860
287131093
682923685
750147077
652567345
917656926
949229621
369548636
749559368
540043917
986582825
401049582
683196789
537295046
132802188
793840611
481133688
774475656
807275981
957499881
745627073
580430531
164730485
201243613
178928845
951939986
775724230
359367057
454451833
618673944
919747626
846627560
852801182
345046781
152321477
106530915
647859366
960566289
777345622
596774146
656957580
39330559
36842932
125815518
796926255
810688367
609500678
214346557
139208817
799547435
296674691
931103752
76813627
150498999
562913149
706731356
697588551
604348032
616971461
726964416
276246916
326511208
924832930
509890188
711722106
65507172
899710344
46483490
661744121
227928100
629144551
638135453
912564012
79350422
384677376
49425035
960407358
939799696
139905850
811345652
232008466
458250432
422037313
801595
114351044
354048819
935088113
489793731
29597558
143472842
978178467
809660994
773147866
560585643
762890623
137974248
248309155
223367886
109786141
860551767
55149480
118259952
723964283
18040518
690473098
236504309
721255259
823192116
165596308
909337496
208331396
406956754
740615789
980264873
403117271
684314029
304467510
281140714
392269251
65503560
87571064
571061239
459728356
248562499
195160610
880422677
795374181
338323891
420766173
767434016
916397807
679787356
309434313
466090766
727929422
893890455
325281429
676163149
884235570
369256239
182657223
870788398
101831536
31641194
62777811
804876186
211068670
694955808
501397389
373865171
868423539
136289838
965548374
650495248
813993123
363872421
662772922
829311605
431924614
60765079
586000595
691116706
926695345
102782920
50857699
348140442
357902206
382367766
962364018
434636004
87887456
719936049
235626578
216744177
427767414
608095065
605930382
635188199
842649174
888902923
634718694
555475329
174036835
590394008
799863200
398904631
721345139
464623590
52920563
993099584
419392318
254736477
111570344
743944734
929520440
323346640
732866840
347021370
379179236
495593808
158736990
319130439
402717569
411967119
297418753
191588939
379217053
290207050
63236072
233125407
444057507
889427340
960313392
11289357
415513482
880862906
585103475
118482238
424461861
585885120
691549844
978258878
48575610
919933368
589404353
362375192
499273554
50444750
872249156
96331433
841505755
641516955
483252640
124332321
995478311
88022800
770457980
25379295
551097158
544923536
718580819
132456113
830299253
428136295
495967934
13788870
805528063
370005303
970842328
80469089
190835628
907566449
199946419
626289031
335411242
293759165
707107164
352611328
276810268
834437311
83671685
210127869
992544988
456987181
745051000
422388466
422391627
535973372
291541460
528750004
760296449
82569232
483527801
850717949
800229124
620873719
752479374
420301872
142497420
733673953
880713670
349090554
710357031
733130578
161687054
879098209
699542097
261190821
470506885
559868845
481638863
134585181
121961752
690084425
884870064
231197051
162330003
459803602
106108172
521874026
689021970
950205938
417428213
777744275
140060202
492036501
185616385
775970597
190890851
479142740
432313512
125507176
44924253
869891707
447454581
878025282
823580272
410578878
694660564
156040740
390088554
275640819
3105704
628570025
290012408
107083190
309100965
502273492
655666209
877562045
45773805
314347824
147317080
252256158
355698561
362038503
121585367
668817669
337930853
531044114
322329697
761599812
373118964
67792010
498907657
153402658
569391510
123529717
841038364
522133693
569769733
796798894
870213851
674068700
813903745
672324444
248800512
207838474
188998324
697645584
261940066
361686180
728790391
699532574
609185418
863889873
208121728
333313043
105682841
747578671
861255929
55736880
215146818
260869571
538910313
735086656
942938655
362942403
144127190
217025847
50569734
910100251
750841362
587068195
144406068
463310739
748144162
566222205
773766263
642527842
892466533
229274554
406208111
210257493
96708044
475500707
196379891
118816340
292730686
135730922
839252297
447187711
542262348
953749993
807483331
450836325
158756744
576145554
338327
60451858
487868576
395098668
518161114
62217594
52586356
524859376
706248773
673597681
467047201
569101343
170134084
14355381
105960388
367624131
520627299
285783058
844662209
657034095
284628093
967855392
493893967
765521288
881226348
728223180
265911523
564662505
166514226
866563688
954661335
448025131
739951620
984255890
758497227
928371652
316577309
477702128
255541114
996485236
620500166
756131638
852163317
576649492
925496129
903131156
527399058
654497421
408195291
590335229
144960842
876548294
33317727
420531706
690727850
106438996
693286119
326516339
167344838
825592450
545582756
77785768
868194812
845224455
336577195
746098656
425515826
192364729
590513008
989890654
926811935
997344529
431471205
112643255
840539552
983705685
25944132
519185808
684467288
582608253
833805432
993761817
899335056
459534630
259310314
959659386
514701206
843042213
450532114
901220113
38459839
220353202
499933667
938610399
355356697
171247201
441595257
116814137
314386622
759681004
706539913
545116654
955331055
959642338
501141385
959221041
315649967
357997939
880272815
764201666
626774062
902941949
943149753
360605446
332415710
927554248
868741853
150781733
668661280
903705459
273177193
547339710
936065411
955986196
896077909
576826166
436991121
138758745
552963574
292956065
818950096
244976891
407006736
23100819
118811735
788123646
985301344
951056521
947608698
658347474
833993639
730551236
665686057
461594044
564187116
254326257
386568468
984901760
641633496
275226478
336114122
892335609
823377047
658720953
528507938
28237677
44605001
558098404
198866662
412583287
111621782
156269052
930070146
355490513
472282855
490747479
411918696
365339820
33956580
437464389
831267464
454267306
638621138
834039089
645864298
881981519
215870350
385961442
246327825
573895036
108397630
769618252
173990101
940037731
310248421
935041757
66536052
268052721
410127139
147190124
714417538
836275686
430881817
704118795
34872521
876931319
551897799
713998724
291374896
7293210
521650425
911358029
385640166
933698072
29828260
613081962
779016350
151586673
790537048
593603102
954886810
611123016
750229772
80917861
51093954
607912783
24751609
437998561
263006802
496715291
321328725
664584664
860855885
681024381
245548417
168316819
474840973
895116981
34482203
164050303
558805860
133991685
638122855
597243719
713753763
271082000
319182136
302735980
639592798
891246890
832039660
104803977
684349884
866271841
662412400
121203471
810073870
442109607
780667224
820231298
522811798
884541511
117279888
798293835
821098734
795593604
570148571
85432839
835043041
634900458
429416314
856102362
409722301
508634306
117006401
350130725
82319008
331435757
67250577
80448305
501151989
289155979
189176481
807543941
583204655
596036489
430592178
678914354
233832936
192391812
842713987
939535048
263953229
440544215
939902840
154026563
625774745
875606288
764909662
662316590
565495529
869434862
656292388
270760661
464920445
284592794
256099985
1954709
5292431
153798638
838406489
712041511
377715884
427111853
283173200
249895663
42040364
150216715
965012117
715807270
267036328
876739458
608029382
747509004
987077874
771157082
136966276
374192871
617765864
883356625
923348291
970552141
692728870
548233535
403703020
700014230
146977802
20059393
882800261
737622107
667593588
783829561
37195358
220644309
827744300
602990170
553425057
454746501
986418023
134221857
244639328
133820357
518145745
956347571
899600094
208269198
262687838
51394292
238823281
876248235
604011195
281570687
723753043
464072595
671883333
680569775
85156838
22604713
938016813
53932667
512695289
417325925
239107629
792721308
503111746
96621963
278379226
744645648
947970522
519393358
175036606
335601409
450941206
289581869
639281125
309176726
294205149
455210108
545618417
360620079
8590660
528473675
584041834
916317339
495613655
980329387
869365452
167034345
487334559
794140895
423326219
412044549
719552540
311879137
891009751
517681773
355455518
456953875
575620216
710651225
308477619
441740083
964234224
941633980
897500825
805781087
499988682
7321274
83926492
664391334
207369530
830726376
575434858
467545471
167112518
501337559
865280224
853122791
714670228
612616086
468794997
18399703
350828894
512188231
109079747
467895609
184078133
819199726
897038408
162040013
610868817
106737647
782576749
684727388
598092984
152798602
150388410
526505685
443723701
629636052
791862307
857928848
867941204
804640280
132207700
173875422
88465120
797568081
745311656
795862702
433113303
626671722
71950920
857967969
102375096
778835459
510400464
89500255
95673877
658895942
312591753
50286200
720234463
314549096
364229613
364029244
722135624
256132731
601343200
391718683
199690649
855582066
631721015
206357387
705538839
68113885
12501482
370092744
445099935
262351135
249815975
779936186
970405360
197661920
569504084
930908907
765413377
830163302
210876846
634845960
191308537
592499505
985039527
296169128
711556664
667420479
56780883
47789981
783253785
632845901
321103630
927368465
88950774
720299636
786638303
500416967
236446115
694110445
12780431
875578296
693225741
788465412
552348191
431289782
239157354
398328855
360004614
237586246
391954377
93203395
509720183
620684118
861671355
706268328
986459364
657674556
94906167
857954708
972500879
484716109
680854100
872882134
582257811
122667730
836884803
773774331
497044056
126238722
932852986
831846493
985367986
389316064
311477382
787446859
670150265
231948439
928384355
526441836
650838945
235259909
9996160
24967737
907812079
540125961
711111943
124570617
781599877
104662619
82970665
426366548
519483925
230610479
899837149
298678426
188343519
824449184
455133105
559420978
944144959
471497543
58890866
818877968
60771785
460694416
299569597
224044612
937261524
885369476
913862285
970044366
631853762
731280541
775416726
250084572
359293468
197263623
424419075
197738192
558878806
197612329
611180950
418915266
667870889
168860494
649504306
383939231
274255038
236842000
792069791
13737670
77929985
510852625
706157307
397303159
127674075
735806953
391784674
152904293
71845906
328519849
944373569
974537671
651544733
488391495
210581362
901912258
390820417
442581943
8837538
668854734
138692313
460476303
704123535
290958928
182490084
599695143
511827898
867978099
653337099
539625400
84986344
889994835
388685806
293310216
815334575
946582822
734824603
630941704
257510355
426496172
557306336
643478588
873075427
165165011
407901351
447259921
479705827
698918466
219433989
779480780
101042460
211861431
176299603
286960141
393837308
779312876
668895405
579913142
264409289
88763124
451414088
636091979
976835667
656535453
419461643
751911367
96170544
176991887
708374148
781943107
349168867
386569791
713788387
780137690
389218155
187701486
700332954
743180858
904427844
411817333
485128851
142467078
24053831
848300749
706472018
538094916
74492516
889501084
440124829
165982951
856544537
774383533
716850814
307329353
809440632
748917276
771887633
864279035
871511528
552994092
334511093
306701346
200225535
34944055
8404635
393187942
293544595
177328522
380095361
394401718
335001357
528237219
220557888
976065901
593411343
524076231
267167285
716543540
524149129
728595261
633355590
206669542
686589427
359879707
534194240
450123573
451114531
286961000
624183641
105405146
806033578
61973454
960982389
615605037
846155121
648218905
873553816
816270889
508366964
241472481
705216040
678080059
308351374
111422262
153388421
924911783
333221444
743256312
120874434
709503946
476993249
549307865
418088047
971211687
596991696
45127404
841336078
311339872
713371534
681213668
254412839
49951479
237689194
886397844
474600988
827467501
506160406
135429336
296820211
872459736
690566373
581510721
807106997
683445763
334437411
879310329
942389048
545658221
309812667
69182054
988896185
340080015
918271255
76980542
218043948
101338969
24600064
49365081
994078088
47030673
788014902
703343290
544622717
289109686
956391825
400538365
928763662
667514317
265907816
483547556
76644413
729926741
248851087
992534987
85357721
173224966
914294866
886696756
698959041
719566703
955947765
952067532
942976147
913780170
559605829
401747974
996763407
773883555
676600243
774110397
944302169
225178632
16859486
791230102
970045031
996899069
294414147
156891145
716659083
70340587
967830513
315760680
993140587
160593768
833026348
764465263
656920746
82573211
512966078
866116198
192374379
731212339
408912805
384147788
289277806
488273972
502414927
798028950
374132132
578904975
553770509
166165752
271949332
534886347
287739927
158371258
463412855
911164729
966491413
919287563
958631544
578182637
630439062
201520462
922088770
785190408
296912672
590324340
613124081
421546286
653884124
890957934
498109287
616442793
287444714
702435365
36657922
153954516
753183672
980154650
800677386
987600351
932853371
951976830
461566494
875651197
649242618
626745720
916107268
974919663
436099730
547432613
175590449
633881756
272135499
332760076
138037813
308863368
273721225
963862015
937111279
447310517
276324535
859485709
582257261
733483937
391796283
536147518
502343895
305115983
211019697
915922082
958361001
295451823
137563976
885856214
237611193
60988440
8501951
216356041
656517467
929354395
292811976
967886422
209270735
218261637
949692217
914695361
558014832
406578357
698652651
379869956
221641645
834041295
368725286
119464417
720406386
214161650
754258813
459616603
391189504
62848497
367044371
257051416
390405733
948488660
503346413
356451885
354271409
710212260
126063697
237086135
92734900
40115814
317344262
286842637
111422418
968603365
162862954
213091166
574510326
822540002
705747660
714301087
232739625
320427849
689479757
300145077
317669537
422995969
432138774
188565781
974577308
225537802
873013429
932521518
743992619
649379130
254930914
815088330
849640219
634395863
903151044
353677633
976038503
12791006
603226265
641862442
40803685
658430706
415553664
278193999
987045989
241560583
99973169
370962701
713454572
149173841
505522364
198014373
806551122
660015274
34550953
242349536
563416512
865557636
756348740
682016558
683310205
808824671
361072797
672750009
489493052
964069673
534273829
398381756
982829831
878179710
452494287
119817935
299954039
440607875
873802518
73018393
473722066
378042668
726575236
538978819
939516436
868795997
737890659
879795118
340906079
66585948
285176166
717725257
544382675
150126359
247691127
142254102
300804187
242279549
512711964
650071629
213877659
678493986
252816000
666260555
433743398
188573844
199228082
953082656
414342380
836580865
839911699
487654338
345077556
271070260
145146002
297072877
86140777
519216129
687593231
626701951
504558823
629882100
488275231
786446419
125225797
608668941
31128272
534814257
350258230
778284650
881585198
257434771
914655318
625293770
130573423
815320648
171204901
434937442
337427288
213828746
47290063
527499721
405021328
164883158
619179792
1384346
219898816
514079041
739524074
516986482
543743386
872741465
908152263
236372567
754697035
737066940
788965307
556518651
142433948
685448038
83295237
961382568
96541607
554576020
787093177
516897033
430905480
32488214
357971550
173018513
210332151
41482943
48888985
276343601
480804961
810734634
962171109
6887909
874322098
860145648
388801318
56028940
696663956
806063616
618634627
959658433
618901911
442696117
650447972
805679527
658818939
700090029
729815611
279739720
483407303
930064726
829282019
594096734
615868539
807190759
662815470
553501384
379186851
185182001
513523008
486668970
444230051
462801605
102485543
359785774
642457457
234422323
652236406
704722895
616689357
333998317
778034109
656191440
295372041
307907201
203940474
846700464
98565651
490519897
976132782
33980700
284937846
735760825
72768813
243573639
832862777
128757167
10527460
179401460
942315609
436050879
852741455
407410352
738404855
497462925
995576647
968175939
90562111
565605564
494705013
981603346
257682088
671433080
780792636
151864362
593147524
513665233
278852852
443082908
551128563
439699120
551082085
215829744
623822129
678853871
783909859
156512019
436615979
875157475
942352007
803245251
651166720
598680231
365828579
240314113
371533931
80935670
487838813
169609929
81808787
161658876
827627724
291255990
726107659
939507611
900871434
42462126
640002806
711348783
265036128
644125606
168414512
795591334
295373051
432800655
504660551
829792633
968896771
522854806
634460525
429974199
768201356
670259867
300515495
383644626
239179166
311671109
776087387
166065958
166067753
406956392
154178255
692296679
33975211
813190356
994594523
633310815
992429847
104379064
969171491
967544436
222347126
19507264
977759951
328523950
504372660
757190094
498721454
327916628
151991537
567074716
524234227
52728635
127183873
748063784
455703030
35451902
87281173
668410531
661178038
883595222
118643017
131604213
864621084
765103935
350113284
52674794
341816186
760173077
100767995
98981276
560462428
770383310
106799424
404237914
994421416
821239607
947163865
192492505
165735601
730785311
711980335
832063009
195698878
563639444
452840123
659016327
364836102
908368518
161326114
343959428
182523508
50686390
74662535
115681618
572703422
281015134
112141134
914114266
358599084
688826114
471186374
453170754
497938064
741653981
31290926
920433617
133482810
362885128
177210561
773745825
564542820
805690107
251778214
848831599
826675504
211332900
57811407
659866153
860008736
145791663
674515313
413667189
332733370
518690523
529155651
174488032
26811643
978874870
68431659
569473904
882971032
783987726
280834484
678283871
38037473
557480415
324536475
473275638
279717219
469653274
103501203
849469604
465958707
899153350
807548343
533756437
480251572
680347163
405997494
841283407
92454288
618172151
719154985
146683417
811326217
797728392
448881755
476017736
111964189
70512509
571453278
398203969
392897806
242830630
171386491
626669181
930713360
557243532
541950688
803389135
724083593
489759306
361009370
300384793
922345008
759428329
131339671
171824933
710421575
471813537
645368524
491232211
678344456
913785532
916106777
89622944
880015298
13644989
3761635
920359961
769970435
899339104
472196477
262698719
947221133
883513160
880856613
244687127
333301223
15403679
670133601
177079121
60299509
630517442
897411925
334690332
344573686
80977834
959890809
913162429
75974584
909398203
660857967
242501076
418504434
398710137
89403160
970679744
830844699
376124572
465567794
274828414
179845550
576513148
381877376
761754269
127563463
24262915
755222890
914464912
631072184
614009704
836889556
560171643
267303872
969882233
51885220
493945306
48401400
580466381
873035376
687196062
685206863
906688482
357679010
762647586
448135093
485717470
34467972
54112995
526259715
424522291
578771165
945666656
633751038
218323465
466863701
357682352
653437826
473301722
68864885
191706468
863413211
390411066
862771411
159169268
432882408
422971353
708546464
603994785
740858253
428451163
381767207
863946271
162094367
945820468
9025626
388454024
21263876
88758685
830329095
725212984
651798027
968407837
667918955
953528542
109821469
602333038
693710597
762577645
585710398
515177804
303884258
253424507
637330424
804848171
543084715
523062121
79393789
713037107
551281410
500833546
632973304
685082109
744289339
389724318
40855591
538159175
649468118
892345160
772965252
487961190
541466055
737556011
574058136
436387107
306648459
616776859
511522816
425821757
897066718
67421750
976222881
152146108
110478386
57272507
963696594
873224132
474562630
388932282
868466699
575523834
498532313
207458737
839432188
762207685
525025375
158272118
838087224
630971794
173307464
701037284
141342543
723286086
326185852
828920590
669093928
39049390
235978502
124372783
236754597
492304106
606852472
123409328
124994331
126399070
884481662
773190733
451799218
408470055
971191648
985952888
915713017
307082868
353541774
863759650
61893213
772164671
849389174
289346647
249826418
646731668
600489500
475768141
837108892
445154646
554256308
445154646
960133977
914118328
677161858
676461774
748003815
980281306
814197378
631564064
248280050
885173494
613822650
795617002
413502627
366312559
278511417
219394743
151651811
355175695
645457499
669184398
963687882
879852551
981924133
904944431
773309216
381469007
311277753
820364678
814797505
241369505
449018743
485173897
283958087
383475236
275542188
736680183
903710927
953413077
236682256
50027524
776778794
375562343
48343747
904526515
586521838
237513486
18715561
14216741
472934423
880153047
883931415
442613303
943922332
303837109
917784254
139417588
368967342
203032954
378399216
872753406
225843217
980344814
626658316
246823276
541965532
175832856
833053403
208278878
722040918
717477837
349866953
48415564
445819923
297599398
606150705
790445247
753151191
871567334
581523311
213933654
118680395
106894433
440920658
191965035
843354666
741807130
107523860
44126635
167392783
681977082
662332059
846062412
151730582
679779000
786773094
817274719
321994601
727679968
822534967
528415712
846770641
879421733
18550924
56721076
195027879
731399613
779093396
62802154
638808022
524261851
556974593
758116820
659991612
868903925
772872246
565160079
95730268
969177196
33484968
891667449
669250265
817296738
67991526
103489668
182971959
755250754
860150764
236136589
824544348
920505176
283611732
925253094
470956460
238348831
905684938
298584947
474905209
85172140
908050231
148796919
147503272
17935172
186062581
300454937
734096520
170166292
670862822
854293251
45461907
452582822
146159160
922305521
116771318
299169319
419075132
105906441
239358367
984785286
357786823
972780527
680614354
418421175
755978292
292709144
290489333
500259059
774830955
979853375
130065091
994906052
574202368
181662346
913796047
153986084
472814034
618454916
159608073
550307391
34453148
595423779
971408849
720100413
371567845
869115668
809789536
399778883
605786742
678607622
479533826
779871354
52603967
880656548
426491338
986186079
667358129
68594491
735713255
265828608
120838528
736590716
15694244
732398909
134096687
6103376
150658471
620059736
450046888
950265171
389007007
49942236
190349496
14553975
873387365
515524813
656533590
512640290
946384695
726008730
363616739
969112166
112474682
814547659
871540818
799173668
708384826
12051288
417422157
716170700
946997034
132862177
763458089
7008177
638813799
317746823
294941924
124071791
398213669
564616426
919284045
173315644
231840282
940828809
608302202
96321054
243392221
577119350
597266608
946514175
12677471
717161087
550130343
39625143
230269077
347048689
188498604
825221903
194820105
193112093
759634356
331342820
209741056
442538250
429336510
265316598
950862791
363408551
193317459
250825107
445621484
712422941
73098907
705369999
147287072
650381997
525351544
945774507
546126910
323800280
454610444
829825934
190187833
835409478
435966956
362565670
396810493
856936422
920634284
139894286
354360135
837639629
67996888
52860600
502706623
449364274
191186603
74319547
626219293
473035875
538407820
585078601
703308308
351661814
987831300
296631023
400513922
693183386
173221824
496824921
601344353
53286447
219742560
381118753
310510087
641230828
702643697
27709247
575265601
459492560
85398634
850546013
312159272
862656863
158959080
211578166
119186764
7803799
294063734
683127479
482605400
103515922
337982328
24451530
880791424
506561246
366738379
446043921
812482652
969282103
994635553
551112002
437054830
171295408
338297177
586439840
448138317
83837105
398535138
898487535
645321867
519397609
700191077
317289328
417500179
537181754
110085860
856932109
117406516
669111961
165289645
646045704
467230775
383169376
359193231
350264885
847580342
566066810
711968553
627026025
867317188
27171031
67774526
16125973
404437
312254202
278343278
959066795
116151184
436793667
649551269
857403268
839124589
295176870
710700564
765741628
556829315
923100217
419580913
698465281
67831812
334830194
436567618
951532477
332243152
587372370
92281259
956876985
759699287
15552322
422078494
496085790
811752936
403902502
840811747
222364729
176857806
967248069
972677639
421327629
828859476
657766391
465391879
693169208
192126963
791028308
136954239
921798623
385865927
757746040
788827374
76598887
149845771
863582954
10902861
407274200
568399019
245730819
455836075
202611083
193904655
924003495
254055232
639672819
681124499
421201414
498764965
239904300
570743366
275601110
860276842
56698886
285332366
256788114
9116432
633287342
29149545
815339425
647669578
425436422
736121561
812859206
351123450
477047708
828459407
103801063
470554320
873185551
970736929
344258964
328919887
538144542
389439031
942485816
800233449
467185008
377825320
513647879
622101930
350691621
267791464
973961523
525394356
274083067
471017013
949463294
557618900
181605529
275666898
582992313
317145919
651309066
218938037
257574214
896377686
195749254
924266318
42921250
573648274
137310276
240752679
337467732
797246623
788560181
309548936
575375685
177227406
939680510
211163446
599982974
228737084
889550843
781555850
157996604
180154176
666804233
372333124
302659803
440896645
791107300
83936523
154545189
133183642
140681453
382865351
19021337
275777173
383465144
730518826
590111566
126968252
225951558
705445933
195360893
449921346
11619374
347891306
447012687
435778977
857173819
292612357
350773162
844962369
38983700
909929064
686782029
674060158
939209191
175134729
144633104
873150168
22638494
700347257
129647654
588690034
536949096
329138358
540431904
153392808
160625301
740683919
904155710
667774648
494771504
744450074
789436532
935703194
159619855
670324158
851379210
544455512
192168326
436329545
373430239
811781515
46625731
645530743
585347309
465264635
273287866
10011636
748046562
365083069
485240091
401500198
816583310
40671810
724433246
99516871
619779737
68448294
569144824
228651299
22643440
386944652
496937607
697340715
147299615
709678688
969601773
169293636
436440053
835783061
568636644
8416121
815338254
682075790
749818722
301234675
992677391
442387363
741160371
755233198
842025098
936121384
301721045
525594782
665897854
628410624
256708665
712071628
479127611
947545259
46584218
448684133
979600826
284976809
880589931
885394756
103767566
604037827
478846512
694710536
952293027
148566896
867618472
756852558
180070089
831260760
653844648
521602437
148633247
930260437
750285508
934841535
965553839
8977208
416786302
773109454
438057080
516539490
187890567
392376893
572704544
697887332
239124710
618344900
910856546
619195548
848122537
436986912
47963300
90431827
496290063
628649100
86916109
247903417
746847798
865178190
896413700
428913693
178908719
902991999
947330505
439144961
631519473
13892452
1656427
281172140
874096518
996909691
34227166
516744576
243038248
488188475
822655580
436898749
234515471
406626547
970231971
826959970
544812763
165854866
492530490
185435971
251796096
808757287
1606169
197755123
296180875
779840929
943614096
939617816
312730696
138528207
694177824
373660688
826738835
488886101
502215971
99292012
508895927
252821942
159339224
936282237
609151809
242880907
574146272
161435162
895554180
56421097
617696366
944304081
850242712
742980257
286486976
777950066
523038418
561157645
368257643
363168948
310282766
626487954
860366691
646843987
49117722
555898985
315607822
945995485
654895829
425562841
368964521
380632030
86493287
534140206
166026663
225696008
388612687
826092637
139763902
417630410
241310148
420989293
168533218
347348147
114237202
677456103
855674399
523806387
80455737
649610667
422500527
42592882
818908209
732473134
772464800
231601144
71741217
157600334
10560617
389274137
533167437
376510984
969384468
245301188
250221396
80227469
208956387
388124403
489762695
91670472
833437721
142872699
764630309
393168798
903253838
49740569
309421017
646851611
221942827
167190153
494408749
570879232
443959622
661934785
302283324
292399970
414818338
933568316
340204443
526651563
845903306
491467764
485698642
627771809
188475059
598082469
169573287
180806997
700768559
153536257
133147442
687949438
236022037
977876093
281433463
716072392
883593772
606365324
877858407
740485047
995998078
356890169
574344597
697935764
796060972
933919321
462592889
720201789
841285985
993364516
789042663
884412027
275191286
488367748
282790977
458284139
680567281
589692013
222900642
75291212
562840173
722700100
683341530
257770661
191704120
805460473
744830937
689504253
509312254
729695520
963918177
776094689
10000835
392870530
209115599
4093179
53428169
750256256
684976871
8779561
48526183
33764943
928137848
810841254
592326784
892815666
555093801
824821090
853365342
873597018
5091313
301776919
60535055
459566073
357315442
609706752
779791889
251477537
721673472
660712917
890045905
124952649
899491094
537837995
768544483
879927448
644883269
92182822
