3,4,5,6
35,46
3,5,26
0001
100,000101
00000000000000000000000000000000000000000000000000000000000000000000
111,1111,11111,111111,1111111,11111111,111111111,1111111111,11111111111,111111111111
493,843,8409,38094,83092,180938,759437,5987439,8732048,30984038,40038409,80384834,80483384
0101010,1010101,010101010,101010101,01010101010,10101010101,0101010101010,1010101010101
001001001,0010010010,0100100100,1001001001,0010010010010,0100100100100,1001001001001
10,0100,101
0100,101
0030,345,00000433,004325,04334,50054,300043,0000349343,0358300,03488000,34050450
4350,43054,3054302,5000405,20430504,30504302,50043050,0250043205,0430250403,2050430250
000304,0500,4500,40504,305043,0504305,00600570,0607800,06070002,43000014,0210010402
99,9999,99999,999999,9999999,99999999,999999999,9999999999,99999999999,999999999999
3240,130403,210400,0302140,0320400,321040,3210040,32104003,200004013,204032104,0320400000
1111111,11111111,111000000,00000000000000000111111111,11111111111,100000000000000000
30940400,100030104,000210400020,000401004001,000000401040010,04010320401,20400032040
4033040,030503050,103045320,0401504036,0547650730,0806500875,06008768006,07036006020
07080,8700,480706,5740860,6507800,65700074,0400657040,607004706,5070605407,07000700570
607,04570,07004,50700,450670,4000070,004500432,05043050,43503021,0403210403,2104032104
004,10,032,040,104,0321,0401,03204,03210,4032,104003,210402,1030403,2104001,03204032,10403210
03000,3210,4032,10043,020410,40021,040050,43006,050700,65070,68070,608768,05080007,6805068
060700,80760,876508,5086507,6508005,8056080,50806585,080068076,080806508,00670708500
99,9999,99999,999999,9999999,99888888,888888888,8888888888,87777777777,777777777777
9,99,999,9999,88888,888888,7777777,77777666,666666666,6555555555,55544444444,444443333333
111111,112222,222222,2222333,3333333,3333334,4444444,4444555,5555555,5556666,6666666
05043,20520,30502,430050,432005,04320050,32405032,40050043,205004320,500432050,43050030432
00450,2430,5004,32504,325043,2050043,25043205,0032400500,432050043,2050305003,2050320050
010010,00100001
1,25,34
2810,02820
