33
3456
3546
3526
0001
100000101
00000000000000000000000000000000000000000000000000000000000000000000
111111111111111111111111111111111111111111111111111111111111111111111111111
493843840938094830921809387594375987439873204830984038400384098038483480483384
01010101010101010101010101010101010101010101010101010101010101010101010101010101
001001001001001001001001001001001001001001001001001001001001001001001001001001
100100101
0100101
0030345000004330043250433450054300043000034934303583000348800034050450
43504305430543025000405204305043050430250043050025004320504302504032050430250
0003040500450040504305043050430500600570060780006070002430000140210010402
99999999999999999999999999999999999999999999999999999999999999999999999999
3240130403210400030214003204003210403210040321040032000040132040321040320400000
1111111111111111110000000000000000000000011111111111111111111100000000000000000
309404001000301040002104000200004010040010000004010400100401032040120400032040
40330400305030501030453200401504036054765073008065008750600876800607036006020
07080870048070657408606507800657000740400657040607004706507060540707000700570
6070457007004507004506704000070004500432050430504350302104032104032104032104
004100320401040321040103204032104032104003210402103040321040010320403210403210
03000321040321004302041040021040050430060507006507068070608768050800076805068
060700807608765085086507650800580560805080658508006807608080650800670708500
99999999999999999999999999888888888888888888888888887777777777777777777777
999999999988888888888777777777777666666666666655555555555544444444444443333333
11111111222222222222223333333333333333444444444444555555555555566666666666
05043205203050243005043200504320050324050324005004320500432050043205043050030432
004502430500432504325043205004325043205003240050043205004320503050032050320050
01001000100001
12534
281002820
