1000
4
0 293097990 754697807 902177387
0 17382332 729579480 661672739
4
908203583 605852014 81279565 964996609
460595643 509345565 233349972 691361164
4
477207671 411793417 981084269 487330741
0 656266785 659853582 374523859
4
253696363 812421191 341730294 786891887
524864268 665812079 988127633 698266714
4
377580141 105552869 131624167 315004860
769784631 518047956 0 249365552
4
287396816 16093202 608229087 474289334
780213622 982846393 0 194798846
4
784152308 551472193 399510560 970442567
290416588 0 236152023 114605501
4
178548919 4169968 710847565 183547397
323748860 607365084 846729549 567854084
4
652196425 336130401 983779630 565315977
449753005 617341134 750870449 565010512
4
819984580 695392961 862031718 169029549
564232416 977215566 794621733 552926530
4
813137770 0 606020337 61234641
847207454 0 892548033 652035746
4
364935095 0 557298742 849157832
455532787 0 242910429 0
4
109468175 813578567 307685073 24929717
965370468 54695281 587769204 651689922
4
602654007 805491371 3598812 0
331130493 0 191225237 0
4
533513076 359238778 66804496 50546821
276583503 333659094 530304088 916761401
4
203770294 209545868 449404575 920077169
514673651 177685338 324464619 422100120
4
441556539 811237884 0 421101687
812296281 10569570 0 0
4
375715935 480905861 97932154 208837364
0 535634332 813104589 7084534
4
922278285 830257028 543695010 316928076
711351271 261394426 88306480 268904672
4
751973233 555141559 782532297 554591774
100823478 0 0 696877502
4
232593834 112824723 172008436 729492184
739984084 454253288 782566428 758934435
4
824253746 176232264 135719743 651184462
422901332 72768155 831176989 0
4
845381708 427085864 851371866 928522870
381598229 715277476 985681107 222466941
4
741559655 478504749 705033689 519779721
112251703 862314028 332768634 203226753
4
408168765 533752765 734682558 378840585
299764295 525087734 517448935 0
4
395722710 37241183 806324346 18296635
229117022 399191951 200087871 795488721
4
851673770 510507490 752907911 388731503
4285237 0 22051746 226080610
4
474956334 510036043 577125051 0
400718540 179691398 332419890 0
4
257054130 428945690 732510432 637588478
982186708 51717243 447824372 792743588
4
499083397 699218075 0 941709018
0 159827097 0 79660352
4
139846596 0 75366823 467622948
0 0 0 0
4
485782341 0 175372672 210158690
19852206 0 87121844 2576062
4
180981995 0 687177479 153642854
701473251 0 0 19120743
4
809204580 768570992 0 885244335
197580953 264788412 0 523251440
4
521477763 451501109 10951704 796414142
532642853 862667274 0 103519526
4
142746463 131211157 348257524 951246838
0 878222299 825795719 391018459
4
0 926964560 459969304 91410820
0 0 605678536 362441448
4
618778764 259163727 168310427 207742493
138216434 103775495 662783426 422726960
4
937401353 409871357 0 154493382
971144723 712282435 0 388180384
4
201597859 87618357 870322910 991742936
525818111 616676694 304185934 264569655
4
555678866 470238979 0 934867281
340278753 0 0 4925114
4
274705870 647674235 6369169 459564798
140824038 0 519371312 84836651
4
834694750 790097402 0 931673293
14175161 0 0 889838689
4
345431940 912700520 880496634 816605141
71859807 714620622 865575001 137724216
4
14831200 791190052 81894541 255864915
109157724 645160182 230293523 793370931
4
664281690 311557248 957231578 971111312
141316366 168924753 556853468 800898900
4
85255585 457891791 759866998 987892875
103564738 330604106 859274472 0
4
748850061 135190549 694254669 244786064
603382793 379000186 365333310 0
4
611324779 472074347 584452524 588880950
780841967 0 127801606 400169160
4
3516220 130716181 156214161 44785447
448242732 729858864 267271252 686402493
4
874341038 751807826 256475799 752045036
0 688337240 211818823 0
4
482842937 477878697 10489063 128610330
439228418 433720112 7275048 458612554
4
239433268 686332763 0 0
606180710 262061540 0 0
4
390472211 0 324685557 468719464
947249271 0 0 222462551
4
692907326 200124051 482756627 646598153
0 757189513 0 0
4
269105383 855177862 965158712 992502305
16708778 973847253 0 657560888
4
760262419 465621812 15765771 123165941
870868255 306211719 183919022 771301844
4
650128852 688064797 264444239 0
694527995 976015884 19387411 0
4
152523604 135599370 343897539 832565848
108343740 11812301 142614621 710413495
4
149498207 876738119 0 0
107085088 561090440 0 0
4
902156245 331472553 127338232 922365870
399851206 947550794 561951941 988841429
4
0 413686917 816754822 291396670
0 771134037 0 878661937
4
811849449 756514181 330382105 162358021
0 374638892 760645283 925126953
4
821787412 187036037 0 595170949
579095612 474421363 0 484122562
4
847293448 0 816231877 44514998
858756124 0 727223917 869302534
4
776806990 720751736 440986568 323567138
0 555394650 720188917 629301991
4
220183918 130912886 511309692 0
543464343 31741187 657467617 0
4
588852778 889067401 571408444 977109582
243469751 882357023 554363809 706279823
4
228696950 0 854279837 964377641
828243710 0 236626456 924452679
4
815273893 358049650 555167788 369771312
607097702 790259415 522127747 442623650
4
749594681 312413242 520218501 0
97456741 594227538 211301314 807091276
4
569679547 275032121 800293705 957573752
0 0 615297368 80802158
4
393270193 566599653 643357731 605543185
173113474 87817171 0 31902600
4
790497612 316785415 152651561 436988813
925423615 831078756 875940307 86253016
4
728167931 616843276 978818647 789304484
0 665423439 142120381 792674180
4
334711343 529258575 734241914 311081132
481791751 952322641 799491270 483467138
4
15092149 0 968717868 211977501
480013361 0 106223302 706728214
4
775165357 63798306 330535256 673023011
16621877 390627998 132794657 260590305
4
900167197 429779874 955576087 489451915
676712836 814002874 408103592 722488253
4
102590880 953409748 236601316 392247652
884417575 954827120 225586926 475853269
4
821955533 256024006 860816629 706426579
487122484 920530153 71758801 598869463
4
612532271 647824878 0 512192544
972245009 431468809 0 14206037
4
139676642 753860397 944612759 179695588
673017304 0 0 0
4
32989774 131096349 451707914 327200224
0 225356731 562496942 468545331
4
949419715 782307028 762052981 859228315
506370182 0 657880846 239165502
4
226578066 261610870 565269251 901911425
951335686 0 362509293 798111315
4
877795186 713388545 510923242 688908691
0 477280925 137145324 0
4
550943870 896317687 0 409104233
986026515 999306755 0 199475531
4
0 178785443 773001409 514879224
847252207 899102483 191106096 129096521
4
646676015 0 672519716 763352402
368450579 0 376635796 510309531
4
59578839 620356609 329928501 555276603
0 217121720 606189764 529186367
4
967287447 70748982 0 359708601
249792165 46571241 0 0
4
594228823 455824073 869125268 463328046
0 0 169748045 0
4
0 227266393 748574401 907794519
0 775953780 146743752 341253669
4
609145146 593893425 731418014 807976688
575433211 0 875033054 447777277
4
237358813 0 613115359 582453928
374600287 487883482 352022702 978389156
4
75732198 523284175 0 364191349
870873329 0 0 0
4
272473583 583813550 308631866 144293163
536328547 481409311 982268055 0
4
372825403 56864364 687655898 556324557
0 64778864 685539803 960246502
4
0 509381583 977678681 595839024
661199376 478510411 99869342 685395715
4
935854814 789989260 998842541 0
662734127 960281016 285141938 0
4
748176150 739429987 923056038 599553696
54130828 963070568 0 924370705
4
249497912 0 840525432 518950833
915270827 0 587085685 200100469
4
14194762 938530567 774874574 263644553
633233652 479707172 689618369 482168643
4
971707953 617927990 375699525 0
0 0 434001693 0
4
553159428 0 371149530 0
68906445 0 701912542 0
4
335665442 0 236906798 423206700
350510890 0 6707597 941179770
4
6489151 431340776 13929075 962284728
459344466 0 152747317 831857704
4
122322418 44656968 0 953515707
501202561 462904396 0 635251888
4
60449787 631171134 554122058 329527366
865390277 151347674 648557316 0
4
469393696 148408253 880248649 814276538
12861309 571489499 312787975 294034538
4
174786083 685182542 274183547 604847734
729831707 0 0 220838150
4
600127634 158897807 426500157 652530441
284258967 45359798 759805151 753926719
4
971141356 0 626468093 0
168114221 0 625650736 111436601
4
563255597 900819933 565664502 786612732
528806108 76593202 629082012 967793032
4
311725535 877750845 96610921 793859888
113587704 418908118 37280319 0
4
619091748 487529196 88170047 406919987
137289746 0 288207548 374804
4
0 804156185 384461336 211440480
0 108362994 826205608 70674634
4
345388922 875790296 342450598 309750532
7014622 824090861 544849668 387226477
4
887578097 104034206 969945375 0
237406836 0 0 0
4
220702746 347257168 326125728 67870520
894031451 346437716 631186465 158980366
4
853516156 33872881 566034557 323898101
179816426 401923614 238513916 405238281
4
0 939158606 995670005 48956949
0 848059902 912153476 302576858
4
540157722 80260356 593545078 0
855884150 945812775 281385865 0
4
0 40954568 276582256 653747708
0 628522268 0 0
4
22868932 515797949 948127333 86808445
0 885155892 262133006 0
4
281872951 363181532 245334397 565392231
260139506 81445119 128152098 900353894
4
857170922 794215491 0 898391414
288424828 259593905 0 428257783
4
313669256 240009708 43772565 229521182
280578872 825464559 624487041 377192332
4
770010344 967252064 456979240 0
168379783 799384733 843345035 288372811
4
880988212 149827504 134432311 179291469
777559054 867423829 654272886 0
4
23056412 388294922 0 372957009
530793798 508807717 0 130072561
4
306912972 9693232 278909713 868708292
0 471267339 943580781 913935128
4
756343119 25738422 390236884 0
317692599 143230868 0 0
4
514116477 639084873 0 14289230
164654169 0 0 283436518
4
331527687 672798055 312361963 397208392
570075573 989061869 764515351 819892838
4
386665773 518179459 533882492 893455475
170976266 176840636 769837969 718282057
4
459676473 475917331 578394996 268442314
958568568 631890423 921042118 23459052
4
205967175 129249973 315211472 135757880
444965414 825803065 591784119 0
4
833009112 522165515 898320566 841847780
973593440 335916122 763749274 676235417
4
778331997 121402763 95208847 811552754
381557690 0 0 265774942
4
524992917 604112992 511827004 186085703
169860562 129353138 709890739 383341780
4
0 275772785 479382043 950468720
0 535585886 743219796 0
4
806403847 98926232 643793033 607282658
976635142 0 924911883 44031420
4
955096447 993982222 443339116 230024834
484091207 85083257 731489904 604370511
4
188139476 316153381 404281979 210643739
0 118287190 0 0
4
752147505 178397770 837008651 93176929
830330481 0 0 435477577
4
354874145 134326283 52009289 833562271
167675975 893676591 245832637 38747737
4
311957056 181933192 287933273 203425196
898757452 102645160 100104676 288639420
4
475037711 875070072 961784949 560056789
0 600412044 260571910 6878954
4
359590255 176819449 247970753 918994041
612790894 167395257 303433499 402376042
4
939146965 509580044 763151651 559728881
121502059 0 445992120 0
4
22170879 797382002 576786363 272395546
904828465 0 616945900 837108633
4
748236665 674174823 0 919331493
642703557 74576654 0 0
4
0 966502390 399474244 967850358
0 512633099 650353745 76460908
4
379779426 790253322 124403364 724498512
79329817 0 690566163 155151566
4
615297681 122911667 493396993 152401678
0 0 867325531 176729413
4
950028064 113535804 717835105 143595030
185782263 421521340 804880451 125679499
4
145553669 396389741 0 694646105
515127145 553038949 0 0
4
882401113 607125196 529761231 93990450
344852649 471377621 0 847760412
4
811939510 380043758 483995616 568704869
475064108 921317821 980090355 0
4
108683269 528399558 270053633 636596426
951862174 790297945 503673648 31955610
4
356345152 749303629 829025076 866860183
240409862 879772858 23271046 304892463
4
0 76290352 968111297 118189220
0 878873203 0 979206549
4
0 578216003 121486705 929442886
0 623916592 945899453 80856217
4
802148321 475341359 0 491523360
491415340 0 0 740712684
4
807969123 0 414027679 0
190047383 0 0 0
4
207643744 154497035 290197630 316031740
0 172221191 0 270675378
4
62005773 337288584 735244212 143752674
869262821 109756799 584211438 509455648
4
946464478 719311326 13415757 417285995
772579199 159892290 0 0
4
408683140 434786812 642064152 313544361
338400084 0 379900493 972555227
4
349969391 100795757 400819437 79326710
0 835045946 899575392 916439982
4
635947654 573198667 839494633 561030584
537434341 200426222 709357966 638187612
4
468000702 130735205 256017491 0
532026774 0 0 0
4
372088952 0 101930254 142135902
597195142 0 602400068 85543418
4
738494444 443708916 753166541 515559155
102562946 571713832 747501428 892289119
4
133770479 261222874 917848138 659365577
309908343 0 997747363 159180235
4
0 521771577 0 264352782
0 371638689 0 287639249
4
748897917 124950848 551572211 528836250
409528549 890739678 113244990 965210735
4
0 155021014 513286281 683028033
0 95443731 0 635808953
4
692574654 926238799 773311031 769996010
729660073 0 815824328 235742690
4
3967989 164783602 159216587 464012322
115156689 385841091 964148153 921903134
4
498217587 691708342 339342896 536666523
0 454947974 74464416 0
4
782461540 316782746 10551721 502353133
282478437 39572275 798888812 834650154
4
754458622 844803327 866791272 115571553
304454036 436288784 445556483 468462350
4
826604538 310744365 406569075 56078332
672282899 422902565 0 691434945
4
0 769659665 884214217 685931887
0 294218163 487227992 0
4
321614736 427588117 593059637 0
181206321 0 170424087 0
4
189180702 903583311 547877721 567758702
305085104 245001147 525388935 0
4
266345570 287700969 573474332 601780269
422283994 357904234 0 207943115
4
656420890 670784736 941503099 882143044
487137346 0 685527971 620951950
4
238217900 735336262 470633142 950335673
0 30397046 616627186 719867164
4
979062505 460387810 27512735 384543449
912258262 90869850 863940089 113526332
4
344163913 447596166 836092482 45645527
656929516 810497631 267783739 767107365
4
739918373 265666559 991204017 757185014
160663654 846380614 307005026 817252802
4
722136629 821276741 220812343 0
0 409478220 565208388 0
4
41271487 359841395 0 359159451
119829967 119567772 0 801889344
4
809866210 953721961 470709529 825313480
595099087 0 0 707030049
4
140822949 0 0 139275148
910055581 0 0 0
4
757215023 405880207 852573758 313861233
728857526 0 845692562 0
4
738264779 152837420 286439252 495831147
363600917 264986917 63600732 0
4
400474534 449721551 161063617 0
737338503 829261917 661300443 0
4
62734159 70584566 0 7275748
10234638 630279846 0 820412558
4
611331083 0 909963650 677741740
263946805 0 0 678775132
4
405029803 731843695 84889755 486098052
850967057 969281001 706624384 249684125
4
501000104 925451800 896762531 506549860
114816097 636953727 780285165 662281567
4
962211719 888095810 969227173 0
163837519 270669699 76933474 0
4
785882356 884308582 878295197 217253901
183605021 347219681 315293616 0
4
95227962 168237845 875664882 469732913
0 919855784 585324673 105544079
4
292325719 176250184 91743213 34301327
684498837 735276809 882050602 75871635
4
273760136 21330704 0 785860718
160920367 861965713 0 977778075
4
984522258 175384658 742479399 138582663
103306346 657705477 356799221 927559432
4
997526447 367429834 0 196280936
536339421 661012786 0 306276921
4
85441953 604225044 51942256 332263551
13073943 196944172 437004716 531928670
4
601293336 590647105 967378039 976478854
652806673 75959598 465694577 893551352
4
427230191 182535653 0 60767017
769255610 557513712 0 0
4
33066318 0 467029365 575708916
216895043 0 963520118 136835437
4
64201723 986292222 617213708 870268438
303459955 835352926 192634459 428928846
4
484552496 328558920 377942340 124239198
642551050 954138063 104558863 998381906
4
708813078 663020725 43836222 422201891
269054289 188376487 701724228 93636508
4
426560136 972351808 550802622 742223951
0 0 375164749 136596902
4
744624948 347743667 256766219 939473478
878097533 347541189 845374688 163902577
4
470808314 273647145 740346641 57591793
700521600 215155692 897847169 270337734
4
0 201526968 0 858609866
0 171066123 0 607918573
4
210851177 595214431 530976895 377462996
0 326114830 323613324 739286708
4
584260289 33383247 751111163 557986509
691611894 0 0 593553841
4
784129489 358855606 89455510 891531700
382409754 661784307 971073656 943582663
4
275405839 5315992 551816115 11352013
957890388 687970543 627449486 859709424
4
261473919 152429284 257759967 128975984
355488901 0 0 0
4
326641540 340140873 131860849 224033252
451527855 0 216197373 167895686
4
527755654 0 453856331 483246569
541019547 0 960705793 47016799
4
44722766 2314151 54550630 346157166
690426193 0 698649448 227837448
4
667508803 512825625 0 608502266
709948628 29449622 0 108313521
4
380411441 881995335 784594865 383044229
94055042 302590597 960257505 0
4
568041592 293107919 391427646 830469675
470140680 877872679 378461249 503579415
4
469164632 228096315 864301607 243124657
169882307 50943979 0 0
4
701050703 253519851 440708395 921035203
0 146141204 424511782 474256168
4
841478507 730605803 491413696 0
475060783 986028659 145139428 0
4
629319614 0 123966797 686834241
471831222 0 819990839 269095253
4
737065638 686047119 380969031 0
984927644 273666959 388415607 0
4
633274576 95381464 856920897 369470629
169214746 124722916 839127801 354933427
4
332371348 935701524 146677761 85090466
887318331 408850365 830049121 204820217
4
467008750 508806095 236240447 471823530
100593551 0 466881740 0
4
813326725 577946291 751079364 479087416
0 0 203503479 908756170
4
579287968 755648259 66231872 970322728
562050058 135912878 600351048 608453533
4
615045063 681447700 804272681 707180078
454812822 943416742 0 0
4
0 183698830 169819763 419948058
0 109063743 839837043 27527188
4
492751023 397148810 438525903 956809957
519305514 700749182 199482330 571915437
4
516569691 235743697 337511413 869418114
0 653297166 353051910 54493519
4
422431854 273662684 984783257 0
478920818 928507442 965117744 545931111
4
375939617 854771959 309528584 877778717
0 886425365 679956858 620427820
4
979162920 941031216 147330510 390207496
0 742259997 770919718 0
4
0 433010182 445544880 4476312
0 0 0 223536097
4
156106585 74659246 479636844 963944907
83338088 466688355 367673680 0
4
210014035 456255098 964650701 255699599
856163032 441513719 440122724 49027956
4
296580679 337309021 0 116112478
22481782 279737056 0 32115260
4
119800509 751154331 335472208 712871958
24924261 40792275 278484321 951096714
4
98110001 0 575915441 209023182
997242983 0 616664830 501957939
4
994864348 801835197 52313348 830261662
0 0 148149352 0
4
921104508 451731107 41097626 436695284
923046546 512954499 128390092 361308592
4
0 990763482 631236903 567591114
0 672640435 536295647 449006626
4
247691019 732690323 303976131 881436594
140265043 0 203445338 909710288
4
4821530 540555965 0 825352877
440052510 98136217 0 443203590
4
284352326 982292300 959030906 830154284
210562897 712625233 785933296 165301147
4
449264080 500819176 286084312 391465246
435330302 22538915 0 0
4
203310281 900674046 512374565 876284823
117157615 483566935 321593518 424616934
4
0 0 839606887 734791107
0 0 78257955 0
4
0 0 615529344 325833847
0 0 428495905 933027502
4
964143686 830429255 537714083 338233306
140255585 567256052 874333719 961050111
4
401260723 635478016 442475325 473457583
717369932 751825085 226955326 0
4
694868863 0 960478339 556107553
0 0 0 739732196
4
684530995 894309545 439988115 899072395
334556952 325979522 176599522 0
4
0 968084753 155500378 685062354
0 4593470 496812840 604372491
4
519346614 954053984 471055927 184991862
261898695 0 461693531 0
4
320399119 87103222 829188658 626317901
222694478 497830773 184808459 467249860
4
0 573895293 644160615 378195071
0 249702433 964751509 0
4
685125559 116930317 31834606 754337905
535538985 912887250 891417380 699030980
4
479967961 880199304 278778805 888137759
21485704 51366813 409628258 750833833
4
242743852 148032615 911020154 912594246
418333921 99913122 303647476 112174017
4
17160806 976552137 981245089 322523772
431355658 383032964 675890521 400624817
4
0 266509484 993016823 350940549
0 0 0 984712320
4
275168741 982536977 73579167 910586795
564556968 5162474 724596153 670191925
4
637808167 244208224 418132639 53274022
98646726 241520136 416876619 0
4
178987554 0 0 675985618
416863000 0 0 260099028
4
457542467 239779911 635919349 254767197
29663224 273130133 88242598 0
4
669540640 625471197 686502174 668990363
259441774 460228126 632646994 0
4
511104565 973657244 763900656 82949329
948322491 0 413330542 6652930
4
277189169 558723231 351545801 829237078
409351267 685158379 716432076 0
4
320342342 0 250736698 808431515
829502103 0 591082507 147840702
4
792993199 746490964 28748300 157139564
552973097 948808343 602366968 837983970
4
135666793 847556739 571649503 531158403
406092773 503856909 0 323236709
4
773889186 0 920963757 79860607
390251326 680195215 0 433923961
4
416519030 401488427 459962566 679709539
346936073 610515822 471887380 348313489
4
978209806 273539593 863659737 13405894
787900704 0 208808137 97734788
4
0 832015939 174185257 526927805
0 40402630 0 799811487
4
777425855 900097473 915940919 843400593
0 965010608 201965303 293980203
4
391064276 913579019 585709327 627016750
284256875 500147914 596314350 0
4
120020656 220205431 91594923 615294544
905309943 69511036 970467659 991853191
4
310432614 175542781 799323348 948827355
852301061 151379906 166302665 348150324
4
712540436 201435856 643512492 0
0 40895788 604734387 0
4
44569702 401068887 139488248 721137414
134275985 150164884 793282278 509766025
4
980225214 953280805 193164209 892282271
664584900 726754410 842779962 836713489
4
0 344406054 448831834 112265311
0 333584883 599207444 958998480
4
598768526 898678590 953369393 159247851
586200994 49606002 735513545 565370826
4
385363131 117784465 615213578 383743852
219828833 956576174 0 348948084
4
203559687 815305822 624945237 60551436
47473244 326797590 108128986 541975287
4
924799504 606481873 418160823 14662051
167239980 521941116 828348101 49571068
4
717021928 533468356 140445742 206051959
0 898867944 40677093 25203894
4
234168737 64043339 54409396 199269203
0 286579579 978793668 287080060
4
734459085 0 833995457 366252770
523282428 0 274499713 945610973
4
0 0 568274430 893028095
0 0 472391486 861760686
4
752203053 451380702 999942933 108991495
949604405 283802683 629925596 548054050
4
187805698 169687899 211350409 0
181187321 356251134 0 0
4
938497728 600003127 611958710 235441666
687382947 842233493 0 224900136
4
557985596 561083087 199197330 438693834
0 377912342 976764862 465142622
4
627707393 664346234 113762942 460517863
161105333 0 0 399690389
4
802013992 348520692 27702260 552304416
355923017 564503320 79637429 513782509
4
0 685579906 735504320 245181592
0 26135775 0 717234992
4
250459000 716232866 875141919 452171284
575282633 378521692 0 659011594
4
511397459 53992470 478461237 0
679856176 584343388 176092299 0
4
87154137 929775130 790133037 957389502
810569698 47686340 688910207 783149758
4
654329838 588326977 659244076 372105162
500881595 48475963 761912169 0
4
907124024 545665610 668423390 504716046
434736327 927561228 648741300 0
4
817426554 415129778 428769765 618980671
555859279 424171734 890070489 701271037
4
312840111 660153178 383956353 368642709
59623229 491308823 4539650 559615719
4
208861195 413949363 297493388 414200531
718762158 694703908 210793223 440897027
4
929480783 139772671 979485433 721522681
283253351 0 962155988 984983151
4
363964641 735490505 536223125 842547508
122227980 133066077 358215147 0
4
105200698 307900172 477093489 133209659
162950567 382374067 482132593 272782113
4
0 747091052 0 620487633
0 919362607 0 258019084
4
786780674 417613731 534281929 200029357
817549592 109973967 382038484 615022349
4
418244067 859045149 909180394 435763081
0 272892913 0 350880889
4
848120952 617762025 9947132 618077087
0 103570160 833843900 626796695
4
781747376 0 252785310 131655144
404090150 0 410185918 812592612
4
774158928 629608866 73321227 406958542
383609844 526456134 976983271 997823351
4
148209694 545447376 0 659460242
455536814 116503359 0 293556423
4
183705199 740046000 555416322 211154451
38187056 868303012 796980575 30506574
4
424428259 93245121 0 394952417
695363845 47238452 0 755980169
4
0 131939980 768648277 582471230
857503786 61591546 0 259025540
4
39561537 812623213 686289028 237400744
0 891178477 364535975 591013435
4
569241595 550766505 611531276 362549014
289931881 160450434 191427371 0
4
472694325 758851921 804222635 961381189
0 2566445 701880593 517818899
4
775836201 879012905 50223705 922207149
382672818 675301896 445786478 344283370
4
479623687 240240432 360041629 975151036
829448272 808330490 995236180 538825994
4
263280443 659352189 0 514438213
503404862 269411932 0 594178700
4
823143402 452343459 303144777 557797408
596785546 0 134113004 130634053
4
701196916 810427969 545437194 104630167
835176348 883017195 590226819 611154419
4
879661461 516716064 717907833 851227861
123673989 248533225 387587041 359991747
4
297321374 786824865 416107031 369988152
261006140 795246056 0 0
4
630750999 23166328 482853564 0
6976553 838860549 378943215 0
4
420619338 986630930 0 0
379875369 828459286 0 0
4
862517905 955387201 634217098 463614361
936140059 688864472 980270027 988945887
4
713135172 607000807 959799331 328982372
237055783 825754518 886229551 113859115
4
643754887 249640162 888787451 647505038
742328671 956123553 657505987 632444609
4
931609480 902889618 945465236 872866073
3723659 0 160503728 232599763
4
480548870 0 227130637 768524888
0 0 348123935 683826940
4
0 316239381 897090887 895875664
0 721749732 823114471 67801748
4
291443660 255890229 202449600 723276022
390904273 429754367 980427559 0
4
0 342877673 382260626 596103418
0 27126959 358393937 990009990
4
645396887 668640335 375776329 834950829
414295208 357199350 142503641 843064616
4
958905850 271818885 0 124402177
0 543316372 0 980873708
4
596535650 846703588 643453839 981381832
493077216 997222842 798078782 246469884
4
865759878 955230222 876809436 544347363
203415592 226446898 861502912 294769122
4
638524431 0 459764418 551559770
573893990 0 0 614074450
4
998211226 0 124587349 986265027
263067981 370783927 793444889 4891695
4
925651130 756950223 406340691 476622130
143001026 781520467 912612006 739350333
4
260438029 211294809 233926301 76063114
682478394 38749728 184422392 14876295
4
517039383 13399936 489052605 403377259
684248743 0 408637433 624094838
4
206448396 472273877 746171396 902034886
297260618 615758621 96522516 478105757
4
251061047 931614420 527094720 418979260
551798300 196653073 127551105 398060688
4
0 208658422 814328913 792440572
0 274170674 550675413 283721183
4
671651967 689743127 995664707 542457429
102218310 199811755 906710218 215425357
4
270634580 64489255 823171623 994524901
525546464 256284014 0 814533903
4
330992994 902056479 199484420 931748523
716651202 0 0 370609128
4
0 691240236 628252270 472159187
0 983470371 642226548 198499912
4
337516600 633335673 335723668 572661663
0 334164086 681793625 585571098
4
142327075 0 60753761 0
332723780 0 664221132 0
4
553934305 397088675 427704417 350501867
135055011 653369618 0 77244364
4
623584825 477990330 643353919 72901762
485890246 33745960 674566444 673480969
4
675880184 615864443 596301358 452367915
236959498 449984892 0 209024427
4
904614347 937030275 493226702 0
737346333 0 811450240 385478184
4
647337617 693476657 972087264 434239864
49740586 738054496 864165984 54044560
4
157237298 123102894 218807626 292561080
966178521 864248400 182566955 724018094
4
64438494 279050612 338725381 804400553
269279809 330600187 390157356 225707372
4
128866509 748066531 230793777 718494997
680261297 786440378 474425606 486167250
4
486858674 773431203 299490529 701102412
0 748100960 0 293305237
4
851109861 717284945 195964930 834174367
208859254 763203399 67338132 354035106
4
958419667 915216676 11451817 7934494
177010971 225015960 393320680 88092962
4
399000304 814022071 291898982 199950512
602718069 219782261 126857337 829306310
4
102687843 306088257 22613200 0
553270049 586183067 941624492 0
4
242789532 613871818 501442276 498480672
356603243 541321989 491151911 927236018
4
125295124 25913127 0 133668481
952714090 137521264 486794667 897801413
4
326804538 431450924 378157952 979694576
152221103 259647541 806304822 974692940
4
796764179 817633227 648342778 567646451
955037457 0 0 183481435
4
89564280 780404550 428296063 1948388
622260142 514845773 278174463 720144511
4
248495251 555255033 329546174 186656752
822308866 80242038 999989524 885652180
4
642692578 457031022 154701042 179183607
540859070 1319902 0 34329488
4
850036550 289896012 526408399 88820859
0 81749143 0 63054745
4
133313541 243829828 612680522 955745311
381928109 402110305 729010318 120147999
4
157830747 967426169 0 253447932
660836670 776231831 0 322803196
4
536187270 791878841 134905940 46177379
0 830602842 980380560 958308131
4
956026234 13197417 145048254 253543122
749449862 354413234 414133330 423507520
4
0 680126721 488733475 947476849
0 0 384881892 753077589
4
739505267 414515890 393815968 8609649
378553107 399102323 433309595 611077436
4
262529826 60848312 520566839 730768475
748199771 552993516 0 127758330
4
385979555 416294945 216179289 578114881
0 670794057 309731562 243386473
4
109783909 0 912613108 390622039
241370422 0 0 20938999
4
961145931 0 591316638 0
449272935 0 0 0
4
432558849 321724351 794628264 650701690
765287436 55953700 492461627 935037890
4
166445427 0 645978954 501316918
560508308 0 444185599 691835835
4
785804312 989444239 0 410044504
4557776 713638147 0 0
4
0 361158289 0 236770299
0 219157505 0 0
4
435824454 746587711 246681443 840251290
547013197 904533101 78105277 134669983
4
449560597 636930740 297907546 710749491
0 687453582 0 871920284
4
150418596 914127073 494467902 46161477
455266977 0 0 127986123
4
236823464 587544974 919775233 231694185
610881469 178725065 352242138 978029697
4
281775959 416070475 785878336 620577972
0 136484861 869473361 448834056
4
132489474 384453053 99894115 542961076
702037385 768027929 663287373 554355689
4
501796168 981347494 759342809 0
0 498341688 901231420 555876466
4
449840056 908797468 79580679 535014919
589159774 0 322715260 660618604
4
0 534812601 380660656 277839939
0 86954115 0 533538270
4
0 891231736 998529294 979152784
0 243421150 355124036 429281330
4
294535808 849365538 858827744 573323045
0 398263510 385226683 574330172
4
788767228 922376605 904734660 899755042
938891102 401668187 165515029 221319170
4
448779492 140296339 559752464 25652637
492013669 0 863537092 573431437
4
223090299 71354057 55195917 505438044
731424751 103760736 659894291 607580253
4
648971537 937603730 545606481 354289227
771513467 786264337 732101536 347181256
4
528585990 844241114 0 597698493
378365907 766933833 0 0
4
9479005 181391318 616470914 767871142
586358192 172400643 376213347 511945699
4
947666621 30447345 0 349414009
232574895 47449112 0 589455648
4
561185026 32405404 950253221 29720751
582608544 906872359 280996841 97679884
4
0 566913805 641428304 350819313
0 496600035 0 696416803
4
142204325 207995075 660640564 710180295
224516225 804381986 840936393 505020309
4
542068070 892301716 14380435 197256871
983035688 375468810 109400202 19904926
4
595707250 288660553 630649069 218873846
275277315 124314778 584806406 772245466
4
811372575 53519722 37505483 604731408
46863060 0 215467504 885167817
4
199725366 542237067 801516618 0
895463903 89030420 888870242 0
4
471180536 753230413 747160706 522133745
46770002 209094633 930400499 497670320
4
680726990 606467451 404523541 544219661
0 0 0 187955071
4
492011163 0 796354590 0
72073306 0 698054103 0
4
752790510 781755564 199843129 427755362
72897662 811735154 642759068 144102113
4
18143337 353418839 916719852 0
365494002 854784665 785091379 604924879
4
308661633 638622256 77303801 828216615
788180739 221660059 480217161 959117012
4
46215257 227237033 487691963 860115533
507996481 420823548 100238755 444678265
4
387830633 799459032 933845674 302608502
288667188 916457146 956028126 174363298
4
694976355 957462361 442264444 160412005
696046263 242894111 616210268 492777689
4
724044486 214509979 224527058 576240683
774380339 0 305058607 211941913
4
909974804 884937972 374692273 230474269
330982758 893215126 983294805 963274357
4
133123358 463960505 887333082 445039558
902613612 262488329 915686690 0
4
144366642 577086543 572653611 75282467
946613937 410137868 0 866403360
4
328340098 184668672 0 631691958
794520806 74154063 0 0
4
383345624 716410579 804877326 89227464
143548317 689371038 429842811 352392220
4
539279551 102777930 915576605 460291525
793708021 168881043 356492607 0
4
544055018 645110087 832925849 831441929
293525468 76982854 106410805 91405770
4
147621275 583858652 119948383 849842094
585812219 144797316 215896107 898375777
4
0 0 0 0
0 0 0 0
4
832945472 127413906 766993120 954552514
619668257 877102247 988463790 103018057
4
503716013 841100700 0 545409373
0 433085769 0 231666807
4
418444992 765218316 623273506 856678882
80499250 162819759 320915674 128266255
4
669956336 738742513 0 537303176
0 549880557 0 0
4
0 599913378 0 0
0 456222740 0 0
4
414917505 282831693 0 166134647
120871337 23551164 0 920042153
4
91156899 899307456 361872309 534656928
0 360467920 544802924 614729056
4
859553169 405885503 535582295 166743666
0 0 0 608906060
4
531088502 42806746 307632649 791514964
512011783 3587330 509717869 3187344
4
683014707 824954688 321681042 600572374
957133963 963461581 0 886718839
4
556987427 0 325896085 158008983
134746417 0 432088764 506158651
4
988097976 805547566 45380536 380129844
118011640 760630492 309035425 339092711
4
615336422 350779499 346454840 67669147
923955914 453455613 383004310 454839582
4
32493799 882156771 982378415 247151616
0 383369898 274020527 834894682
4
769414907 336506243 992897915 778146379
43276982 822153063 547230646 0
4
0 262889985 902104094 725788512
0 0 323829892 49305991
4
474813016 520549404 963692820 449219652
332691579 86964552 351529240 653373343
4
264192170 0 387350069 798818450
160170875 0 796861837 749347979
4
438829657 838840979 0 978696447
389544993 319587653 0 630450939
4
606837540 310427407 760354029 467019567
0 371866555 591456594 546539331
4
62595334 732656280 841186036 221422412
524703894 934943053 356884917 612157708
4
25576296 171893544 488254030 0
163192798 476463291 249397658 417210376
4
98926312 35583259 951965100 162101936
0 963311581 459017411 0
4
912464346 420397769 923436484 0
830815101 651453845 606961298 0
4
98421084 6177621 0 25875987
815583290 809355051 0 0
4
680363118 702090603 181601276 167457152
0 0 915213208 431165418
4
795612848 179063500 704656613 780333974
15703058 725377123 774673860 135359140
4
639921597 15940476 84261419 968734074
442087578 369733493 817294501 547593414
4
331528951 228815421 247137903 593026802
540894550 0 0 250490621
4
266283342 289153596 840762158 87934717
723233464 0 38084375 0
4
428493238 0 447630306 0
377658864 0 767808513 0
4
405115322 331078664 643063837 574835195
0 180534656 816291992 0
4
814259848 354254549 167360357 954665900
866179211 433356243 46994449 658186445
4
599977555 131641442 59641615 885503348
502566468 20522457 220475224 450534353
4
985125788 542097789 208926412 922954312
742002664 0 0 897662453
4
588603540 145770870 897799076 0
811164536 898687393 0 0
4
747259241 528008657 292864662 594012302
803021780 703848954 762343033 0
4
473925721 69564201 327060548 862098561
544346760 136388691 747107212 628058767
4
0 198955412 486788052 593890178
0 62862874 841487372 476480841
4
50808247 778304560 98182820 477178235
313282270 253195669 288978809 584648634
4
869286232 868748873 252487378 107260254
617721233 387088110 129619049 878717211
4
490862355 391258327 923439432 0
641276260 0 0 0
4
138455712 636824067 523532000 2238731
774712540 437054956 245900847 91730675
4
685406339 455568071 590643186 0
161056816 0 845826504 0
4
0 910733427 18105349 22103563
0 0 901242819 160727352
4
429137366 0 837888677 595256650
978729448 903552810 0 553444120
4
31689894 978554679 591549898 309233476
667464210 696215697 534469817 0
4
0 337175612 311133733 596016316
0 0 920513701 0
4
754376840 873423157 933037670 455553144
0 770865083 0 916435880
4
54912893 476036780 448672086 365452538
739602069 824982430 626906250 654827539
4
0 681095224 154615370 86217656
0 0 0 567761570
4
737645184 407563983 472603256 610759206
0 529722825 614630707 623331913
4
826857396 2578181 149594762 984402702
601899620 711534036 71230432 858606490
4
372831441 221416755 986394831 402636642
416603998 111336780 322914703 144756016
4
534305310 102357951 637169932 342823893
212378836 0 372290465 828686957
4
142359985 828621229 0 349248110
856069698 581071806 0 0
4
377103279 378311507 769320086 648472180
624359395 61241265 916054433 0
4
866493166 661265944 808374313 909079568
236222045 751489686 121604278 999100081
4
204963849 679697145 204745540 781487540
145743607 0 968461951 916391976
4
786092055 991886729 973035411 267598439
873317619 908024546 0 558430952
4
428271478 0 365293109 0
427410779 0 0 175671820
4
952088627 0 860850197 95279146
829072051 0 243956631 0
4
667441233 523789247 869514075 746205671
308522491 857055883 650522712 289832397
4
146720950 399323112 583060579 0
766025839 719280622 0 0
4
953227799 175263434 93589063 790614715
0 532623062 532066756 438192822
4
73613611 237415174 454656561 614912280
838138620 158653779 493901596 0
4
240991075 733195436 0 961228461
0 0 0 73148450
4
210401877 506558473 388546093 0
248905274 455382511 0 0
4
302956390 142156984 257802280 670374364
567096144 411711501 633048737 653648634
4
49296518 0 94595275 522842442
694696699 0 879136704 107687527
4
572407449 269838974 942089406 990886395
955616144 371048763 372060216 281012156
4
582038880 434093180 0 625454656
494882669 549536901 0 0
4
932935548 713762211 15657258 412122970
323737201 309091584 53441886 43074484
4
850650706 669938229 60616884 434377578
297140962 323283133 0 868028029
4
79697968 270037779 507123993 906305762
409064790 0 16990677 559687880
4
407120045 617772730 665344438 133960895
0 917991351 323216680 0
4
821091125 29672741 455615264 3812946
654772791 505702890 679016264 515323500
4
546152531 745333265 814941485 74171994
396306086 99346906 683743629 654545333
4
249245123 955796266 385767459 631229336
866253030 316630077 335652553 92507713
4
594170709 43712265 0 502788044
569839732 856037205 0 984256367
4
569520807 598304287 495885221 940088219
744368005 864289480 845649013 228080590
4
103567662 893511544 0 332881960
717097020 927928391 0 714089894
4
799387241 492657607 413747671 0
48604307 183896041 873074422 0
4
297293639 588913739 32210531 975083810
31788193 542066462 450592853 374863436
4
79953884 129959116 707361731 256096017
954913939 219287986 632457905 0
4
857693171 125022207 526807544 206482701
206052831 550107977 686598891 689345000
4
777753832 236778959 0 884407665
552240801 35741410 0 55622038
4
828360443 926339557 310019121 539752233
686121828 526271306 834838396 955790472
4
668188508 378594640 574813006 597305695
0 300341076 434954497 997390595
4
701425125 127357857 687944144 211095535
810621004 990148040 153388482 0
4
739991393 808069147 749823851 918134469
23143451 416859711 91209050 8977967
4
745834298 22420205 43764783 999622438
306722696 59512962 841810084 206261087
4
0 538424512 202003854 898076702
0 181294386 973501335 363833876
4
0 531108819 0 304507743
0 444300419 0 903349540
4
367699617 741237691 879743875 912936941
416930694 459960304 715827304 483873140
4
52663969 421767133 786475120 793293582
465541788 917879759 261045204 911806060
4
711666067 574372938 272391869 645543199
834446541 383975768 0 0
4
558625572 0 936679737 49077936
199237031 0 0 796040258
4
644915497 726347996 60123575 589852853
646039777 687601931 659662928 939000443
4
946658426 881048107 585743366 480059645
545568310 508519566 280304998 400935080
4
0 962614390 0 975577309
0 153137002 608084826 684166700
4
993978287 284627627 590036139 890468343
0 698672887 68320415 0
4
835870456 856640105 432279207 384065790
711689054 738431669 0 0
4
437870156 199281800 96270043 457226146
870328776 331053074 777177504 174849504
4
391549746 633418611 525510910 57288017
0 852230894 323437918 308467884
4
435529021 0 852034694 916945892
827190207 0 449276581 318988709
4
245756840 790785604 989149143 0
201603199 16368019 573529931 0
4
935784586 174207192 72695429 710948194
76062650 420838464 472148175 938244445
4
69944096 227890194 492803856 808917848
0 781597141 226294674 646434447
4
549598497 0 507884753 749103397
809833265 0 206615322 781885883
4
614765517 82969963 104781776 908783276
0 16697688 380643263 0
4
749499891 301156182 970994167 982284389
893824824 668350097 207148828 806095549
4
865925370 684088421 911324145 662027228
800221202 759679830 0 752359265
4
924747816 626201064 773562247 262969360
0 669317569 614042225 713048131
4
946462792 99239239 170056163 342539791
472057862 643887055 99719000 0
4
200785125 421939572 959658568 726746232
0 159492746 529869851 450007169
4
183536825 0 478241552 921106768
807594123 0 163261663 786494480
4
917335104 226892774 455535306 565719659
0 557950788 233896282 779734340
4
798146594 61049359 365845622 393594164
526308849 980344810 251756645 0
4
847297562 627722324 5528012 797874875
782812174 481335764 827965226 965486450
4
3301139 0 73688411 299545109
537818324 0 0 82068242
4
580987700 275718222 957175092 250693152
59254383 688878368 393020829 888708333
4
412134000 88064906 241069203 768135572
955552629 281034483 0 872787495
4
846703894 586524816 405841629 180558268
104413896 686864974 186731849 365945786
4
936982788 541194312 967755627 321982240
700016886 282975755 133682858 258997868
4
59146540 519553915 517950301 109568241
0 693118200 55575394 0
4
165679883 755695393 788523687 894637066
0 0 718197786 826834909
4
788820710 543528961 272617634 0
976439448 833492524 473477458 0
4
241215274 360906723 338455242 425354386
765844895 776893497 0 593296875
4
921132526 978402217 386452397 405231532
17662728 4722202 982655585 307662250
4
90539472 604722455 238959094 563577283
104225098 449117218 413676333 828076022
4
504892506 980470245 696554135 448817832
298196450 709241811 721471237 0
4
72673078 375932089 724119630 568107888
697494649 0 0 738676980
4
327968640 827450942 295112145 993357002
0 343101057 234977753 729430157
4
0 334099452 265927816 113691629
0 223144979 467900672 893000929
4
593361296 0 321285390 241981681
175046154 0 637369996 776876111
4
632981779 608350344 563319943 270400500
740144174 40738608 420477687 951677483
4
37329366 565719157 0 621572421
0 153993460 0 871288343
4
326301582 638937720 875601300 0
0 637972357 0 0
4
259098050 0 479803625 594591935
473637856 0 795759796 389232070
4
847061682 784799592 26631837 65919343
344488845 686794089 720358899 926002224
4
452877474 417495766 285136125 859136130
681179395 0 0 133760949
4
513550390 70725888 829222907 842990662
256366898 854900493 318035239 841477143
4
443407373 828136638 868714412 22320894
324859553 610681769 0 709612312
4
603733629 842804850 730266795 348975986
565027193 848319477 73891193 0
4
914113438 442833495 595191553 161547766
376289826 372826402 195310475 44280900
4
629731363 271537607 400788523 784322512
404598164 328171441 354965124 340232028
4
816189648 249503357 467365791 835665762
312229371 133284809 347912812 967928482
4
678801002 54020323 820749617 137114200
603090396 323377964 361976508 586506898
4
336189919 645866260 648459618 240907177
729244250 0 574952926 828707571
4
0 891608312 946840897 895904604
0 436999887 0 480401340
4
0 890196622 582954387 845717932
0 464165833 131764892 0
4
654820337 545322476 0 17128976
721162259 289696128 0 16657036
4
844592216 195319630 0 966798899
512805283 270704350 0 598092456
4
897247993 663704457 65222721 714141502
771869595 736481651 532915457 691669331
4
659009830 342491863 807452813 412579936
597730756 0 819209964 598887456
4
39144762 172207775 211301324 436750119
823527679 139214591 643197766 0
4
106080022 396877652 0 642751512
370868541 250735556 0 329995120
4
626988198 202411106 0 448683110
806323991 781576252 0 831161568
4
313233607 582969485 803347423 37756363
0 130712386 158890494 866511215
4
888991659 217589491 717840002 748142284
239424375 0 767646816 881291130
4
600255245 161756052 0 296204125
144405609 450376424 0 455820538
4
369272586 31618242 885596234 0
5273195 0 344871955 0
4
654884826 351323847 309003891 901489851
887337057 0 343168485 332711582
4
857370763 241340888 425649256 460832762
65626782 0 0 418180568
4
28978132 213704235 44985228 116198082
745139952 582676158 287372682 642851814
4
930175203 797841789 881590410 659411813
711795559 0 735755541 949157538
4
276776844 761621376 749208574 233405554
992839994 929316840 146925123 0
4
310951143 973099482 767688917 511071783
401537652 254759271 919691204 459250600
4
250964611 989681191 420754130 78275447
392053603 278854496 0 611895921
4
0 0 33676760 379408512
247669597 0 588645800 686653887
4
881956465 304933890 0 722245487
757992221 521141644 0 884668728
4
0 440121234 270634472 963350796
0 410372390 0 400132418
4
840238455 723778166 892133268 814387306
979542519 376869151 581268228 591950247
4
621411740 0 814095592 402919448
0 0 15840477 586602259
4
0 252028909 285610811 256833403
0 584754277 980949702 194078805
4
494332580 378586963 0 248450988
47930371 619754390 0 304566177
4
573900676 400742692 489898998 587359371
0 924135634 587090776 155310003
4
0 0 681090953 950157431
0 0 637816541 659449253
4
235046232 88447863 778019883 988026187
470068289 49357975 963975106 405136119
4
747949180 532654263 411032710 229187036
44870179 0 320828113 573572110
4
782287694 0 0 831920230
342086154 0 0 0
4
70043875 351861439 895343105 887808486
813183219 908742716 0 0
4
855826304 822313204 948284910 0
367037202 171412267 615135759 0
4
787310179 955946968 108567865 0
370403357 477828455 226433958 321385984
4
677577832 643518561 927735495 495754080
148566992 380930981 12159315 433039743
4
930009499 884131472 149368846 453190328
805088484 0 864218212 428630052
4
54385485 421180960 231228411 859573598
153669903 6816844 557226367 541172786
4
786648569 544086278 33339136 687430888
0 790606821 505993202 886796225
4
977930062 629580274 796939356 607686212
789323727 904898344 165903395 486874079
4
0 606316300 0 668662721
0 823057757 0 255687108
4
234550349 15051839 271807413 743931159
61299382 58896062 0 706220070
4
873432825 820324442 916936259 244543809
816988371 0 86941716 0
4
252109892 677330863 477575840 525949264
582501060 785912191 0 635596296
4
397049819 229345601 9925221 70325878
624974272 0 304436004 306141353
4
633091596 0 195974349 888221320
146466342 0 0 528938975
4
370919864 880201276 638235176 32463902
464519891 91334312 862160523 800115535
4
17849699 860157290 505634496 937080017
535484940 342758631 628331531 203958834
4
8721042 782040934 304766038 882825758
546871449 77024042 941080661 605895703
4
924562735 0 310066559 863867785
584110853 31110716 0 906544924
4
929660290 92931685 874207511 151899366
379123780 170502634 105049742 672556626
4
229106769 0 239481559 919561872
999504303 0 722320209 489418121
4
166880049 855778772 745415568 98362089
597972894 208218656 31211342 996944693
4
741375240 576340046 791799017 573114893
571712963 4959944 449315047 100918989
4
0 438331 736458523 316295828
0 672700847 129690169 979114775
4
344585908 178748823 31756942 0
27806643 240854946 766651643 0
4
410416158 65849534 211867920 607418675
735628396 584278526 0 590424828
4
195387289 973269078 597541473 602606748
0 623650114 451957574 266373694
4
372932804 329562583 511938872 0
0 349874362 569421444 0
4
507390220 795136489 0 426518528
532795626 205162085 0 0
4
823324457 165352754 320562582 0
509895269 736980284 210088395 0
4
0 813430412 223733193 370784046
0 519528291 971623249 0
4
127325872 696902549 0 582024067
697797397 475322039 0 427293515
4
983495507 199235420 242037137 457409363
656783869 519058918 651006324 503729230
4
609625827 307242462 957415933 225237455
279346200 161658574 5247244 118127045
4
690687624 214598823 919870810 177517669
225322119 704710211 786011349 394099211
4
909218705 257035227 256140345 94371658
336758222 713685731 574623568 0
4
505267884 691323651 473294153 871978319
431262143 479750770 230055646 770935238
4
496792505 523640886 376621435 820748041
814976495 116803820 944929773 862788552
4
384873373 724519846 953344624 478230881
105041325 507180498 309493565 283830715
4
542446847 218904962 77727728 670350556
258597786 961219046 437998449 790632733
4
920127945 288160543 869234049 899466301
95432639 300564227 956122434 375788529
4
798295906 368290945 218793060 52231323
0 65276171 0 588519447
4
929020676 392331276 266757645 2036626
757102690 0 613844674 435837857
4
565965330 142375352 0 478591763
68852145 482457704 0 0
4
425301887 810496904 100361598 717074017
0 548793784 918720711 90323093
4
443585321 684101861 636807358 131458338
929253240 888160795 294485761 186954686
4
822226932 26200288 576214365 980075970
486610618 0 0 0
4
121802832 547129208 0 789657444
90594078 839618593 0 557865312
4
0 713630710 726420111 826350224
0 175539236 541441874 811942313
4
595032133 0 235540518 221447684
366774710 0 42094953 159581453
4
856683817 836430905 565192182 45017944
465810327 429283788 0 980380328
4
510148574 799144434 539944368 307924248
215513014 42380360 748447180 584433799
4
67580258 59717871 784940144 107111776
804877512 96776612 283477964 310506392
4
473263945 402418385 0 692896673
84297062 353980472 0 488258685
4
912759973 447434762 577609390 591662611
626098790 586593323 84127713 797504007
4
549774703 369462577 95645514 496777899
99467888 452767136 0 94850184
4
9942241 607149064 384039596 899937530
903579724 107099674 506137154 716587507
4
329909505 775118510 54391198 648312200
715237293 675214948 278873009 379569195
4
0 311134253 0 75826939
0 886579393 0 21606031
4
0 618005392 952416377 646997470
0 927313281 916023242 0
4
744494775 961995276 841250308 601198418
0 507785224 953154772 842127691
4
551825911 73173534 739561218 610046780
0 137847283 722203983 0
4
217947609 508627830 309652164 563107096
512683367 674312794 203997401 887793569
4
458885129 937569334 561706321 536462997
669368593 775860407 308654522 125912419
4
157103061 118356411 482801292 892516565
131642387 555159049 16221448 823770933
4
0 121721397 0 864210712
0 902467283 0 0
4
352732382 593890809 110294446 0
95921174 530140782 0 0
4
82841648 244976602 377449886 959190192
643788332 682535478 151514179 545345607
4
193873926 755773842 657191553 0
0 0 397827240 0
4
901950531 40112816 545430925 0
693680564 248786582 507845304 0
4
69685568 588077268 815695391 406262740
648910893 399912300 143568400 284072574
4
154547763 312932727 825172148 721859578
354185016 795854859 939617240 681112353
4
339548151 987590745 822119430 314041308
318632931 0 665888175 888458756
4
532035970 70413779 819269202 591145813
873917953 868039710 884981403 921020548
4
450904381 33135695 688990390 753003047
908535153 784907933 978728588 930904470
4
472630156 561303765 926701235 637590445
599981557 487326705 65990983 320158604
4
842575191 377950482 144737218 35126899
827816492 253351050 376270860 295002322
4
609390630 524964071 132094516 834281545
821994425 944961934 713377581 955023537
4
700166378 886230012 230291391 67144197
969994326 657400192 0 95058995
4
951587515 411567414 704924029 881638357
783581388 705240338 11068827 732965512
4
941445955 657261658 915459988 662271413
631349797 418341638 108563227 0
4
334773320 386907775 335749509 334094129
450684101 873536153 566739702 977219448
4
651276696 312840054 283198923 0
545500307 0 775534087 0
4
144169577 793190609 583433411 470114370
9947924 357099817 0 522936927
4
621192869 578403550 152029964 52646184
527798178 350872323 734924891 0
4
513172745 258714472 536256732 640250490
264936415 912961587 639490887 713194800
4
623438075 484829873 905441504 862636366
231381525 821965903 144723813 717582196
4
199856248 952914299 587802631 915200141
451774401 662691197 884027218 597935294
4
828825266 985442233 945800469 983520142
909185461 241628725 0 524467618
4
962503929 117275956 670441720 663594812
969968995 0 464245310 0
4
499763742 520474362 620438881 179870317
115456155 643423637 403213521 488177404
4
313132833 737663519 612875999 602221788
0 0 829673076 435687329
4
856301995 505491034 190361768 933389085
620288787 13836487 426413029 718346825
4
790433125 200089458 0 841546657
152627317 695766493 0 880571034
4
21741726 956210142 3845261 204415255
673316556 216650263 136267500 348140427
4
835714501 515314093 840442621 199831804
963783903 0 408056478 940996294
4
459989024 26774581 185933674 987049915
519380102 328111360 412660772 766591849
4
768303782 281612095 537128167 258911
446289875 527800322 306128933 122404223
4
799126293 567248449 578873385 308193852
160279861 640007447 468358449 87457963
4
799739307 261134172 516837773 319158012
0 302127519 725819862 561487545
4
181625188 179930449 839087565 402643902
318207680 839257836 18783149 950429090
4
851407594 436215933 525590855 61428477
739549089 583930721 978394491 634815644
4
438893416 594747425 0 696744891
487211748 658227389 0 563057750
4
187053774 649839240 876452314 251993945
737670607 726195879 539409441 341160303
4
952017076 399122350 53638769 98477882
526078244 385420403 49808809 637523716
4
777608888 5469984 23256385 110643295
0 967160527 923834936 612541507
4
15754262 836678161 238604751 0
410234139 553876366 0 0
4
912961610 257006042 210520778 0
951427629 800724736 519814208 0
4
0 667450805 610432431 830962644
0 612890841 141312230 691880695
4
918893748 644177912 872134616 0
368627457 709847914 702062909 0
4
292644035 116819323 0 226678931
0 968104404 0 173951892
4
441876486 137553699 524754877 943681778
610768164 967653575 575741518 930625758
4
666620711 890614383 697744271 859837704
370497161 632222327 0 698833370
4
324389107 0 673725852 204679057
803284165 0 610589065 923627892
4
330111763 227607024 557168304 0
997346489 782411888 939506658 0
4
873117530 0 466453750 114187183
258738407 0 879837828 935744357
4
672186257 59538512 0 907914823
981333525 0 0 0
4
0 742907126 959101493 422230667
0 0 462936396 804196794
4
163044404 50865653 402385156 253371910
38041004 517361246 211213261 650441409
4
386516006 545771358 947473550 416023182
426330593 227794031 718685309 0
4
869265443 376139152 120889518 104832286
827971734 381824614 404978913 772379078
4
962326288 24928936 91759337 206483555
722173397 975704479 0 842424890
4
624220747 0 412297876 36645994
325088026 0 684666117 565086144
4
0 176395113 957671525 809651741
0 690278497 47199954 536390732
4
236616589 0 420501203 906589969
0 317768618 55375765 232324572
4
565068349 580234919 595634377 6018235
647753614 466531116 739484075 608585758
4
596527032 599294815 708075576 921988603
638766194 850145799 0 384240663
4
547696855 143713087 771123365 0
331661346 339948071 557046986 0
4
751630505 439541838 975278798 5970812
0 0 295716587 676089669
4
933493405 252893038 168394140 95885355
121834204 224469243 433171738 0
4
671804608 305366969 867218649 124931958
153224987 900869761 981391655 538286734
4
356755391 448931825 744408681 404852357
0 172862451 650966711 655850413
4
307784441 167244040 225390042 971023391
924464475 760696187 563796974 432842379
4
98964057 485081634 465105622 747184712
783519083 380163294 0 340703484
4
0 832185808 26780332 140782405
0 774456403 127445852 449102107
4
159969231 885314337 744423992 979925022
599699312 126320020 601177244 796293278
4
154213010 922586912 888230015 584659198
541724152 534556763 426374640 43582076
4
961389918 897532463 102136855 423040423
927891419 0 61002408 354596695
4
198464472 10059787 308919876 963362926
0 929126484 539220748 533020997
4
35769217 163314342 251138608 67777779
0 851010016 0 0
4
538151491 462125910 848935209 985476335
410123131 0 0 801298126
4
938252267 400716306 823868072 298821700
0 0 214405424 0
4
764535890 444492017 675750794 381682007
103643696 242318477 463576262 626694793
4
767178441 974030417 826781680 456339999
0 255734430 632146281 493812009
4
679938716 113059245 316403640 773823873
642392620 996103846 760196133 803457386
4
342712510 484149757 285834541 952680510
97718504 609031639 833936230 0
4
343608700 759695626 710107228 917162523
220385176 185401696 687316051 735243890
4
0 117332143 111351527 295881835
0 0 612788678 0
4
0 0 390397277 745482191
0 0 316921345 0
4
966955051 833538350 317287750 114777144
650970479 405891644 728755932 0
4
765625916 949330867 834114464 316449866
154135464 980560825 746082277 875437046
4
880619589 408687418 677149344 511423436
931303518 213366714 365510832 105331234
4
206298188 23925053 355758108 8139204
622404884 648118501 488937138 340931783
4
307713153 869271132 563158805 480984173
881992823 293453553 809287127 774544216
4
813242640 517598102 992166830 639101217
620120431 199529870 0 259318244
4
405730851 224051933 99681012 84912508
589350739 87044571 247699069 633429594
4
565998671 458874828 351884844 246459728
0 323741534 107558159 524254042
4
993394594 585317307 706895605 857150365
282168230 228193582 87600221 320890042
4
137074184 219238903 474836350 222451869
392407199 602389324 0 0
4
950947726 931489963 689904158 732212208
139315548 676884428 0 679277048
4
950659356 771268910 567586239 504456100
243532996 772519680 244606828 314710178
4
0 811656201 124844453 454794260
0 267581427 470585147 0
4
102060941 946542321 457841439 226470807
641246589 525137093 857809839 51757552
4
646232773 125646027 577536085 732217631
179092434 692307905 419622671 0
4
624683725 675283010 765042433 775789927
0 488367199 963893505 307986142
4
297688182 807741124 0 44614028
0 245275194 0 660948906
4
59889931 739228762 496882777 947232251
521569762 144080611 0 354901158
4
653943101 46249592 470791857 0
498983559 242182592 738498160 0
4
368653883 486340297 524313144 918262949
925333102 0 649222728 234490484
4
35322310 0 359100825 421446160
212487043 0 713395017 658890854
4
890949319 160620736 888571390 922697087
38761634 106207379 585830639 814758803
4
674151830 692653846 363505593 0
126315269 689650968 572400870 0
4
996024151 208701456 932619633 58489713
0 70041305 293015102 632341150
4
625369074 779744563 330160561 114450874
74743266 754324950 115928467 740142376
4
372954886 727905153 0 0
0 191761934 0 0
4
123462771 872032306 403022213 185320699
0 163510390 748107231 487477100
4
179341366 142475116 479901983 964696129
910586523 551100502 692397448 458217243
4
860288399 429147866 19454242 727230033
21860245 956437865 258927382 201280941
4
364198985 408820528 303837318 798287033
0 0 0 990145427
4
952292740 789018614 0 198326171
937709645 165896208 0 222609929
4
757858628 198929501 651656953 505196897
225200857 627079626 178735504 0
4
253939781 227105288 0 270406030
0 218282919 0 0
4
40574842 802642297 542854794 360133574
159429544 92527130 283051562 0
4
733016222 725246912 415806210 976486626
456086476 680747336 673033697 253504274
4
92626867 116401839 590468363 302875792
0 122387513 92427587 849796684
4
0 0 123486290 943681556
0 0 458575510 805840002
4
22505193 0 763384476 169412168
844447751 0 0 0
4
143179253 362071801 348740863 222717605
493231457 491014640 9165035 631337164
4
115374831 839796371 552544044 369349626
447057799 526353391 678701076 422196246
4
664672692 958974146 691315127 404506903
770054590 842470625 905254505 429738340
4
677987432 807699763 661083053 645144365
408540053 775772410 876301077 209518478
4
771841627 946921190 860918629 808236223
165188267 953602345 505225086 728628300
4
355244792 928448954 825942331 611378403
0 228218163 44071200 729823444
4
2671606 25809073 369005821 607868864
761481083 936465729 0 0
4
724037414 685665453 192633373 187011461
163086437 353998880 110038076 42397994
4
818660949 618803662 0 755196369
225781158 937881510 0 908051721
4
424406979 745868695 309489795 539976032
491881541 779899191 857564740 352922797
4
0 488639226 763183750 943023023
0 831106059 0 471647671
4
0 969760928 0 657751490
0 546572889 0 395009653
4
137537226 816443129 201229098 71198852
867761361 499914676 995898916 368584787
4
437764197 275014338 169378931 0
424406238 871130929 694594690 0
4
802675436 377683987 182789357 995468707
466038008 668113638 596959947 102545650
4
652742880 0 865789789 967297962
200872417 0 20482957 948826829
4
632629341 0 835541983 168137131
978330369 0 405386429 297966234
4
176932943 518840384 282534446 61734898
948152106 162250820 0 761998284
4
118516605 29515540 830839510 323527624
975671258 148797345 680912986 368849047
4
794768330 0 293750210 774607237
941014055 0 122722904 264487229
4
444078451 107154172 0 568077245
683128747 912575384 0 761752080
4
808252897 493525622 26591396 779794915
576734486 994600523 990872561 0
4
241147491 484311981 857654005 389771430
997060908 926865935 922981970 719856586
4
437544273 0 486067388 839380626
477884687 0 772535756 746058138
4
0 983058464 96789739 143221921
0 0 423516867 880084956
4
137017724 795637821 0 699248013
106281645 483271126 0 65433191
4
492381330 0 298223731 535998285
627470942 0 579192767 0
4
798658316 884811073 968872097 289240327
115408699 947905424 0 0
4
147847214 544190723 107875478 93605301
987068426 470302049 595376440 187966846
4
786618211 537990817 319161772 367135769
309800337 710119685 188171833 505489152
4
404312137 553709257 386655213 325563900
217959381 926723026 30819770 582537119
4
404462019 55722932 253126025 505164375
424459426 446691440 570124533 999289953
4
403241813 561184813 840000743 478947310
892988661 796421471 810901431 0
4
55401862 899209652 835443100 811977379
110661565 0 285457367 632956109
4
780725378 173985332 0 0
0 353600393 0 0
4
845483075 980149517 906026580 255657723
750613851 54976517 755096653 618973235
4
907932927 681486203 188157222 76956965
0 525409418 984028223 943521980
4
67744675 220181087 550706414 186354064
551473275 942119098 232112879 781972483
4
961415385 241694853 0 320502804
977108932 750256067 0 987769161
4
782146686 70896370 0 321804238
513235255 629116891 0 761323119
4
0 58619798 774081779 330410364
0 306116565 551547271 735429049
4
716341791 915566550 813506077 810312012
0 608825401 734985571 527794390
4
302577060 556049469 146760779 712371749
28167066 162060752 3818343 540571381
4
383686477 820356637 592421110 82525309
372022695 371867773 107641794 958962032
4
790928475 123992086 958229073 45676207
0 0 918023400 465327910
4
0 710383558 952676281 927155244
0 387827905 783884335 0
4
966514790 527983657 648475450 252156334
952514973 671037697 393623624 705291039
4
618405243 560781235 415526458 98532026
516560899 557366276 0 0
4
478307878 631228920 266035288 543143544
0 330300271 401336064 91563497
4
328048732 413253993 739003672 61810249
913770322 0 262297015 0
4
15714803 875158142 561079967 67954856
614516046 442359347 358427323 540964778
4
238177818 306677775 709190562 337695632
268184447 775427736 0 719092356
4
635728920 860303530 286960642 865456440
229520368 867603003 70242935 792566578
4
282636965 682992897 104232584 887761600
139938524 225622166 313118181 831610299
4
0 218844765 928084537 93615478
0 494738624 0 331571017
4
626178227 442104343 612411513 12930660
925050081 599558713 0 741020765
4
331205011 193756511 403489830 368785403
552387668 331198716 952398429 802861147
4
496044167 53395139 0 21558257
825878113 208169869 0 143723882
4
658532273 564066432 467980946 528179194
147461247 838794969 0 568667355
4
562864227 246463582 410995285 979956159
556298554 0 0 68822155
4
70080827 127010481 409179224 47901465
512410738 979805494 256480837 108846213
4
926407528 672099891 867487054 409859946
905841525 889544073 656029043 176307900
4
968526969 734704952 81222205 432636573
543053255 463912222 947183879 246921324
4
733815738 985093696 257562925 412118913
0 0 230421592 0
4
782592126 608509066 762947723 0
302752836 633668413 989418217 0
4
867615689 0 617362662 737223729
0 899654210 596098511 900983598
4
661375463 0 487563673 0
848744425 0 91504945 0
4
0 158970093 826527796 0
0 713494519 56134731 0
4
969091111 951988367 725716146 491075301
178249631 900442682 0 331283408
4
0 798337517 477816965 704160209
0 681378053 259524080 167899784
4
974475203 825262480 60425277 735456929
831750781 352319147 356280552 985766100
4
476798203 548362104 553730417 916228864
237735237 37147216 902909813 134926659
4
709398018 256668608 0 776469551
768178199 0 0 128931488
4
401238604 72474277 590811247 494605687
162977227 0 0 488889348
4
569521050 77845107 904237708 613618463
550033599 929957230 604183069 17428080
4
226292532 402338433 504529689 556352888
571132521 182589693 539993479 66745937
4
0 85147253 726344810 877189518
0 592281154 151618934 14813871
4
43363710 0 382973478 0
851968212 0 0 0
4
521758989 958712218 371450868 433015025
0 989024706 828642788 645266371
4
294506368 825739237 998043358 0
0 867905813 39603029 0
4
160656583 121182089 194172278 599961754
2913011 781704898 650773496 0
4
370534787 747660754 693933397 0
739799375 82358418 958834884 0
4
309054999 555608488 162125068 117899214
762094896 767873756 615524540 767232278
4
595564974 899826269 864677134 415230606
628121364 824986124 472270616 854847421
4
770464747 48953363 970127105 876139079
984986637 473101967 770721871 401499682
4
801733740 434558764 557280692 650346157
0 229926275 662567244 0
4
0 747516877 929368370 365316956
0 752271454 681887507 980468781
4
597336682 848846049 388912227 456395935
660440880 953550385 132006723 971288377
4
699271942 346773767 136678235 496512946
214385663 568017312 345771889 608107878
4
498157083 45436548 959565044 280211913
305083593 0 0 568915764
4
868569053 607617679 788545335 287040318
514226766 759687916 853325402 771091827
4
840368180 768330390 693748356 782253758
798263625 0 0 73267904
4
705799689 937356668 769854076 87625702
961271661 971543007 0 18391340
4
0 412870320 521512170 327524701
0 94162211 549832168 995042638
4
630888665 521526074 126059243 373181525
0 100373408 0 537156573
4
84683096 951731871 923277985 878064375
0 616767670 119940920 689862804
4
550593499 946570660 773428907 302276601
762403455 348601168 0 656584307
4
80321993 718453973 0 402246071
942180733 756255757 0 433609531
4
12515734 636659440 793969986 754403285
998159193 0 0 409084615
4
495314685 360191894 28338979 902694097
712491521 0 538727756 0
4
992280059 852883114 494947580 211221628
33695887 612879426 0 436777236
4
975294648 240082428 723299397 753889435
0 0 227256926 220355966
4
755889831 300632270 252200547 0
25448274 316292791 23074654 0
4
114065778 59685026 609983392 549903930
676225443 257835021 711357117 599124984
4
179422104 818440512 25459240 463608904
745992639 250688190 744481223 0
4
213143889 448320698 555581684 492966156
13294016 986767036 683775299 6373385
4
8541587 791844951 743496948 0
532473377 159009611 537622085 0
4
455332926 156132579 957366412 859171033
140419471 227943338 440376743 77665476
4
201774414 915994260 430176447 0
361846681 988951633 0 0
4
803116555 411964137 415614770 617003127
859193910 470043892 968654317 835549320
4
989244288 918569113 295672325 782092512
576113346 146635177 211776882 0
4
841135381 386501884 236551937 904804140
0 315449069 738586271 220941012
4
2651235 472418253 19474474 558342160
307775814 713411652 650775613 176200315
4
385139241 0 497221779 954887691
413834857 0 0 630246081
4
280981682 342258825 306493406 40829904
821196273 840835386 0 5086628
4
662360668 451664916 0 689668533
103137386 582231977 0 0
4
237450489 131486719 617343714 165404055
415916573 327913576 635469126 76727521
4
375683950 258541766 798388536 749396828
630593750 17962840 742139375 295327140
4
933768630 305852975 0 163736159
59912161 475507338 0 660541692
4
795585883 10662954 848915565 499857281
467613614 897970783 561281596 803564727
4
820397153 906000556 963361146 845351532
287032889 220187538 282646574 0
4
0 301799087 163181493 574526607
0 389700188 0 664616203
4
36059364 289538029 6485991 951077038
210068582 626915243 598467059 918378543
4
377538049 372954262 675115290 234432464
323248171 0 725240171 0
4
769931837 0 199118567 714829306
382401700 0 977993272 57052796
4
0 570216193 474326751 579295014
0 187280577 630390731 388757095
4
233731624 706241752 774213786 0
806729326 25202227 424412666 0
4
9466575 867786819 221157505 427519969
0 0 153887171 915822819
4
188597170 0 675458932 603963215
573069886 0 0 744202369
4
323768519 989764667 385926922 259271364
979540555 910690686 31020892 210009128
4
207865042 376107952 556761707 428811083
83301075 50676308 0 182062919
4
601850929 625463525 450307033 657403871
596305847 785948892 226781452 687079941
4
712017979 965935817 673593415 178745910
868465266 0 934030212 353755586
4
801851367 209060793 999974699 313743845
760745311 768256727 0 191703889
4
52449506 65198401 40987732 164659745
687425452 162993163 0 526180838
4
896968407 302105047 697294192 715097299
593321956 0 0 84538952
4
562240786 5861953 0 851961365
144880535 471181391 0 505163221
4
198275938 875956109 83898880 85713163
430467402 519826938 858849977 203078625
4
991846083 786184405 696323910 86345396
939431119 966990511 682078726 0
4
0 532609963 765619447 277542642
0 588633988 433053891 0
4
520105928 91808746 961834625 528044675
537968634 928779934 0 938093446
4
237181033 103714871 366012058 563806076
30288558 703620230 194288831 989475404
4
30600200 524112676 828668619 672018332
0 751217262 142263497 137337023
4
62888530 631341312 186788186 0
960311732 22434174 0 0
4
549448898 352865940 713277087 722303167
206963780 970162346 468315631 579897660
4
472294747 799355204 225135926 108694048
536856161 829562427 241795296 543045275
4
706107393 771687519 475382746 264930388
358344393 31353146 721131775 190346954
4
482799818 0 0 247486415
904633603 0 0 498547553
4
961260256 164005520 675784743 0
865297360 481227935 234564115 0
4
0 840073151 48916632 508854760
0 0 634346972 48236197
4
890578730 616067477 301619059 584196647
485313353 549066206 599200881 0
4
374615855 853055070 916987040 158125781
83808183 0 859732330 0
4
690866495 324614197 425542091 0
0 849699518 196535713 0
4
50108517 0 420130319 0
0 0 147365571 0
4
170223701 402773529 673559505 277342827
0 818795820 507579044 545304743
4
0 367170189 196750010 0
0 184959195 233593930 0
4
182578329 800400034 568270360 531406262
560880475 0 897496684 497590361
4
584496260 322221057 709966675 380429882
268517733 260213766 0 388414375
4
33081162 972011884 608226470 321287696
81160194 461518231 358507587 686771635
4
0 777874063 834433935 145302041
0 0 596378294 903339343
4
674583725 62120101 614435406 984367415
544171863 970666193 963459441 0
4
824419103 34272481 568286026 575935560
0 376058762 0 825385995
4
89199969 874530989 597971631 745650270
277627044 389977628 0 73023575
4
949189927 601832236 329319738 128358322
574210023 0 199985972 408141463
4
698578568 252147530 118003035 753734331
237980054 578328424 644430295 491502810
4
376108038 0 912823647 221771567
498555930 0 993672174 205616991
4
965485726 733714911 172200188 595108757
315381119 341404140 0 508654670
4
0 624194014 963874007 723254298
0 265305113 324884436 910690206
4
871255643 437523786 878768905 815213030
0 226357821 859045195 437171043
4
570195490 736195864 615446091 973152907
113367901 937379448 655486195 617417953
4
478329815 911546478 760134185 70924591
547560483 199818898 36017364 727321736
4
697027387 0 357058404 763483473
415861145 0 0 968250375
4
247990954 902054146 0 86382382
0 0 0 624551498
4
0 259992673 648161999 741351847
0 0 884090254 30260513
4
313226149 315264872 114963227 185233306
51011791 0 266776005 150204723
4
447210909 75786630 517686753 0
0 0 0 0
