1000
3
507676396 281901185 834406223
368592646 301706570 83846129
3
569626810 356034415 665263584
774146170 122370599 636624710
3
908306289 699431897 132863209
475355755 997158769 736813742
3
776753385 167536766 399048649
369582307 452714180 784287395
3
475454881 498016594 315097430
343771565 304863826 221085999
3
713041277 349454513 72934139
446172856 277378947 0
3
306522643 167126950 471607492
356653856 0 442410550
3
403259551 686355145 0
241297880 424964578 0
3
437687039 788155180 890345990
160592707 877096896 497273832
3
450903445 190685351 598942712
96420276 945402846 267643878
3
670661048 825874292 457732089
696868081 544106847 0
3
466864470 45596308 949783351
914204305 158202782 498336949
3
981652958 967499328 931831182
151937802 129572310 249080126
3
189550648 957780063 894568483
395964792 41235894 364772554
3
400440084 0 246140092
115979188 0 0
3
54059133 317230960 187594355
384261672 253853456 379402800
3
410018251 839333344 552379530
864438706 68558155 438155597
3
671486805 453406675 171392019
863765708 210152631 401008893
3
224688683 960388070 968453969
640870045 0 71059055
3
0 0 8346960
0 0 520588922
3
567010320 503226674 993094277
153393122 0 0
3
927565312 970707758 0
529885853 264124715 0
3
247868031 349917651 601612498
668107521 984454956 840256477
3
134343533 721649475 989814943
0 62156886 609760277
3
849452787 0 0
0 0 0
3
0 135806722 527260716
0 485389720 227639757
3
95474132 247026674 738311795
596653804 7458548 855803870
3
365738396 670216600 616760779
0 317831858 645413901
3
867739050 329032220 112707285
956078589 335317832 0
3
254390506 209614190 0
945925699 627762127 380234111
3
619232074 731429288 234763895
87113522 168435014 358911948
3
362551594 690291643 591493965
975993109 0 521167809
3
104434056 184067656 530394609
568896183 956076225 219898157
3
916521496 680660437 877759161
0 949846671 957418674
3
724474243 471245837 764596138
610027324 45928562 0
3
725610504 154843288 155773891
104061743 707513512 0
3
162420383 0 354649882
130333894 0 575582315
3
564730614 728717478 413576504
758682974 0 135252313
3
948475132 0 0
218321725 0 0
3
905765717 343251331 845560207
906408034 43994294 666132458
3
641948966 382012045 145654479
0 511191007 375341249
3
359208396 349220556 809234278
382277141 630663488 734322072
3
0 231449331 630502180
0 0 69846736
3
825245883 459997019 81571101
0 670919144 278476122
3
869319569 626338381 881465546
0 834735756 452349264
3
901561415 302451751 450381769
910561532 883488316 482039562
3
834468789 562847248 406498034
282141240 329788284 646276077
3
694217037 0 119377948
326077056 0 509054325
3
412667284 940305324 459518747
483416888 0 0
3
421779874 530910682 556951052
0 625873231 543661783
3
655366215 875486858 576357389
528150396 190458871 835662454
3
670102413 767924436 585292233
190257252 909381946 760129849
3
855732242 600601926 811598776
729497122 0 300712810
3
156913104 944423782 335898335
501968312 211009736 0
3
989003949 0 900100020
837011975 0 599246451
3
0 0 386785022
839883451 0 629113746
3
67620447 41356569 0
0 267761895 0
3
536209203 175624034 0
122250268 934870385 0
3
531713911 303390275 682870258
272644409 757720602 235571542
3
156067165 394751696 937750520
214646984 0 442890234
3
653452422 643061894 46718094
504831804 596657979 0
3
550615299 174794628 292022989
438088671 825071144 999810838
3
326021990 0 366532523
548746435 0 995631767
3
676422503 596767463 841574883
0 426416407 203826160
3
58158349 30719336 153762256
761174887 677680001 733826686
3
0 588532458 0
0 84208617 0
3
450834559 131310583 750432028
133297030 467898039 759571931
3
29491433 447213591 735323101
116770643 0 258730610
3
281171880 78227207 78895624
0 25711074 494221029
3
0 790247520 457542484
0 0 838756275
3
707904447 0 107714818
458776629 0 0
3
555280738 566626436 262462302
385536658 228977319 212396447
3
765456704 517149271 0
189206402 602299742 0
3
315709159 0 271548984
904441187 518741002 862753523
3
675152488 980157223 724453744
126167214 0 832227645
3
887682602 259584847 49819853
869249686 513200668 969917487
3
0 887433413 930272126
0 652235803 766092252
3
112377526 114994451 75364640
267201220 0 733904701
3
0 58996923 542049150
0 465255011 0
3
197347567 180166212 180402559
458742183 0 280588851
3
310400044 0 808452360
540797138 0 192783971
3
763292219 981908598 696296538
94640750 698518661 0
3
405562970 100934016 784436345
846584758 104349218 488274196
3
0 29744689 774758728
0 524773737 382103894
3
0 943291911 402172524
0 45238504 0
3
0 268414763 379842456
0 0 0
3
505315860 747885003 991058959
438302976 0 0
3
997504549 334791444 42196133
0 107161267 397229660
3
310943447 694754275 270435483
402070330 535084602 766720008
3
5961603 187998062 595917787
942013177 0 69452980
3
994185762 730672808 393364724
472355672 798573427 0
3
600113304 579562488 0
739582599 140694722 0
3
63055265 950184315 27441702
128279569 682447507 316179923
3
715337148 775611773 242092572
395239642 212916053 0
3
821523115 505922062 748743627
907811739 680124357 383537556
3
127418028 851991857 639722005
593267413 959219055 850210222
3
587266695 19618627 186661046
181676901 341983863 126509112
3
808355413 914827010 5553906
0 950211191 827160787
3
186906991 407349407 759573507
815520844 495180546 0
3
555009494 35896403 863245484
260135954 0 723872578
3
948070703 0 7413351
200574087 0 916652288
3
754933475 832318471 104434090
800063422 168021022 609575025
3
516614522 569502148 286163106
247893385 189220820 930439917
3
49725554 191144956 624313028
79748613 368198106 550525538
3
0 903096711 49016075
908522420 25091417 443399735
3
353010536 30553724 0
813883757 0 0
3
120751879 202836007 0
506581724 51630124 0
3
67630733 723939518 353275913
607785275 288972968 375472911
3
924865524 813714959 410181900
607021179 376346062 125495118
3
797154220 316398036 147165803
671033793 647389653 199486815
3
858958403 348869552 0
0 453303352 0
3
319708972 869457750 131203339
48584466 703916808 796726246
3
268534563 880978771 484975448
707269828 658265922 419095930
3
265351118 996847637 800911741
0 648010177 121290465
3
822937852 279393329 344144776
0 0 996059325
3
712897212 0 470062388
365658170 0 0
3
147169176 737122841 462874297
174285399 2640782 0
3
306562742 983082614 747760003
991257627 839027427 753580666
3
9429806 488210310 707132399
956054900 299240180 554648294
3
587897380 296585984 320113759
931037500 393222394 627871816
3
179896200 279436356 844737363
593793451 89344346 203049827
3
788621941 971217427 0
0 185465942 0
3
451077321 144809580 0
694063292 0 0
3
688013851 403714509 598514174
6478947 435691128 555562544
3
0 143845195 901350504
0 543028244 419032620
3
666366074 890863739 160828620
628383813 0 385926752
3
744181384 810378598 915778570
779274528 747201849 828091521
3
686517717 463737457 953591001
139149950 530292042 916810091
3
378623971 194391022 374791598
0 308089900 799356356
3
153053482 835969690 104464400
0 358987884 0
3
902410723 211250892 471719806
807941546 799069623 0
3
356165545 218565187 677403590
193581613 0 58857380
3
703293535 929951804 43149424
331179964 222123210 969418804
3
875890451 307612853 274460742
924225339 674351099 895594734
3
82816181 98112765 286500242
341517125 722019737 12550574
3
315451652 173829272 321840874
895703746 93814162 619701823
3
729236274 406052204 209065118
46330689 0 589151487
3
539463027 500613243 916767131
299753851 912201040 361013188
3
571621944 122370318 0
29127303 852187292 0
3
518246889 796008304 906313765
0 535773943 0
3
121209088 497635938 577383251
708467099 571857447 311663382
3
319768726 306438293 782256877
296572393 965927856 856995454
3
0 9743380 430994078
0 984415368 318174196
3
337587282 410281152 7874021
0 110631303 836824536
3
83243837 279586541 240494423
698842574 73396896 890983971
3
236798820 924656286 877775594
0 960101074 281131042
3
13983125 622659917 156967028
0 108964568 599427581
3
278736347 578547700 406517524
683860527 619591889 0
3
469287319 624999073 907996191
233245203 288224427 452063804
3
574398684 522306704 697192903
0 221778773 532293103
3
319298207 451233443 893378294
760493184 723152667 219037646
3
134917820 279683569 371635459
576740593 167220152 219026614
3
77920541 0 6303474
502937841 0 703127746
3
558114486 803429406 0
0 440221273 0
3
497437089 84811084 293242458
9023068 734979590 316164809
3
427720801 537850313 385325628
703610397 666625629 519235502
3
247940504 71245809 123717698
628519619 47631805 223656916
3
818926403 666153617 177252077
422405944 169080718 0
3
400107403 334589079 260554984
496518512 0 0
3
338518935 397245311 310279518
61780579 480692638 674275303
3
966004381 174745655 369151854
538948775 623652425 381609851
3
361122350 961600808 849563948
425706369 0 621562800
3
405660783 147303781 264080606
528333816 375436340 967582570
3
833371777 718442886 0
0 665924506 0
3
899463540 438398461 449218073
0 529771707 0
3
793601915 96553772 566216107
632478363 882559801 892375368
3
998638644 612311621 789842093
565067327 488775082 988527951
3
205881604 408942862 667734137
0 157915604 571450495
3
576116818 616605251 801129490
846421904 372630611 452241757
3
847756626 117642848 655959471
534216043 924942682 432540140
3
11621838 765529078 213490931
870494283 0 0
3
757504083 552323649 961898912
0 0 254827184
3
573331797 26152085 424759607
846504968 179509603 866595973
3
721809143 820300793 422119865
662755886 416887261 72600270
3
0 922991925 651185079
0 675055154 188589952
3
847500762 901149450 0
743653926 577024193 0
3
831946896 300298092 721290046
559921872 309633202 834369278
3
694734456 186669513 321846426
0 109718173 658229027
3
952100159 229364325 785933275
575150568 564370777 0
3
746205060 0 101877307
820935996 0 0
3
60853405 528479292 513920962
961958336 255514831 626224230
3
668525933 352312560 500773051
639003859 574777891 53474821
3
360754486 950961386 163982662
0 0 185638285
3
755303342 223497874 414649296
967857018 828431347 0
3
975691858 277989966 188393976
665482984 859943043 501587215
3
64515060 723081313 179698406
716029386 13304389 502565371
3
885023835 605183989 901036519
537099273 263420829 906959584
3
0 98724191 570882721
0 34158289 176774354
3
659191572 737948678 693820278
714518989 736148591 168970472
3
742665235 0 0
711518053 0 0
3
461340452 0 444331516
408443635 313985813 486008916
3
6625090 492232665 469615869
685501887 797243140 389033329
3
893908036 706221489 453354475
24082511 231968390 62953335
3
971379437 508539247 591775006
966387754 111016637 920045120
3
110347814 661339704 545172007
417573136 840288985 739007327
3
558720663 400243569 661761977
626425945 405302625 816991868
3
58556423 53959128 14363364
73179350 616574990 451961668
3
7188216 220974743 0
636152974 0 0
3
0 557263896 697932687
309022875 762343463 916903365
3
114646371 496680845 0
915055851 595036534 0
3
100699529 308813749 110910093
391495965 886880492 0
3
268766665 90936405 638747098
830006764 562868711 55123421
3
584788548 0 518131558
772539293 0 398660624
3
727036771 993691956 851433624
0 543406567 375580527
3
781316255 371632436 293124967
818868089 249146731 240161124
3
18754943 297750670 224784249
0 909754204 596226066
3
10250374 760357638 758478985
814211880 905811363 769209612
3
925302744 779807062 269760690
412647214 0 88800567
3
793763172 174973030 470788089
242224188 457866027 89738022
3
801145766 585625307 45589499
731067580 0 371346990
3
694893874 484154290 189010418
390535122 609690004 796795128
3
79522360 108856680 464759435
712940562 493493807 276003797
3
798410487 495426385 518357982
0 493074523 47560487
3
435178934 786324262 575334848
647241053 803745005 463675945
3
329056301 881261547 171466149
177167507 805286526 0
3
47954284 532320887 167889256
473796646 362483921 916431636
3
317035825 229252561 226049696
724885437 794289919 561696323
3
0 598510642 915536574
0 88143830 258045326
3
344061881 959731761 310376543
842518223 569745522 700034827
3
441325009 593297840 866189013
102480415 93748329 510947811
3
95292322 459054691 601965139
0 876237815 0
3
917154292 438068160 0
341805729 212855116 0
3
553604832 334802 737157624
0 174475894 608624482
3
882679468 612616032 213418298
421394136 593861070 424076262
3
751759577 0 838391476
0 0 344374764
3
343637399 167461199 47986076
512360747 279748995 379326005
3
724313833 985723104 417451511
607406513 394385923 394147877
3
707071203 764158338 388878345
61990228 926809715 88071481
3
581761137 295568972 0
681006517 131330711 0
3
239160420 854368229 626489313
18695055 105875609 39379329
3
44121570 416681233 402219941
712020909 697595591 321421306
3
468732342 859701023 925183540
0 820292751 651084833
3
0 600544187 99085564
0 137166768 733034914
3
151614746 828137640 989316780
630189964 341899928 0
3
730396131 192225414 131805788
472039339 609861374 696441564
3
47985788 165891874 215296491
701893882 889578216 194859840
3
0 737233323 839242492
0 42605901 675287303
3
233191668 0 812966635
196142777 0 63290973
3
91872946 833010281 450693517
251407422 931030526 302209691
3
945724764 350777843 597255777
135540340 102876653 524204688
3
818406253 938472483 0
38599184 115675880 0
3
395855538 420004156 765635519
746269736 727969099 380451251
3
918938294 77033161 155300585
840254522 0 872505372
3
952566735 776444065 595617675
94078357 584583642 0
3
266336844 33914676 0
399543572 0 0
3
185059098 0 616276082
960877857 0 924959553
3
896786055 0 739231361
233404307 0 297343864
3
958931224 489842798 0
953632620 26695577 0
3
815791485 494961638 282050018
792795453 800007404 581501106
3
136054534 313281335 992601236
432777730 19028418 980380492
3
0 511190182 103536230
0 742207173 694324278
3
0 0 930102135
0 0 596843682
3
37902282 581905914 48519178
120779309 521445186 550281006
3
89783440 552532804 0
810811693 622418242 0
3
899438630 24069954 884897151
672415645 947261963 654383323
3
613263279 334278342 282829479
0 654277944 610425508
3
933024434 711851632 706298938
894873171 194388739 890801782
3
791491769 0 180032897
54833821 0 621613196
3
452713028 996018440 12940525
0 641430532 920580794
3
718267005 797340493 32797262
797057747 991647587 872447863
3
581772111 196241777 134469097
0 973819171 529333630
3
863961064 941641369 90492281
498140900 710774965 931346287
3
702940752 361100355 762131612
0 0 999579059
3
7449550 4911758 893525558
832270112 197324251 558648548
3
199660782 0 393107933
43033686 0 566499997
3
891727067 368905442 126788090
0 0 367825040
3
893722300 920013226 746455865
633706945 390761083 0
3
608734807 581239500 275097736
989329819 933244796 0
3
486663513 407971670 0
776484419 0 0
3
717220106 181086452 439090438
995930388 677824640 722070143
3
0 583760512 169591144
770861006 486565778 71415040
3
909524192 0 528191235
236719119 0 629296590
3
621472006 939376420 779319733
369836104 840519785 190361846
3
753468936 192460212 92810186
931672219 594142288 361497144
3
783269375 0 438415157
0 0 952397249
3
361859263 580363081 592390075
737233234 741922807 306580642
3
55242848 218156436 990032792
413059856 931747385 152779628
3
909430907 631654436 11586706
279613624 353873189 372576283
3
79839851 687709866 647070946
708055994 864389453 251030457
3
509886689 0 310675397
0 0 96940582
3
515085559 176159088 525126328
462214173 504511295 0
3
821927037 23906080 586812576
403219515 0 613415071
3
676122555 850588212 636092611
0 993915157 487138670
3
937082948 6995997 416110096
583753721 26333681 783971386
3
987325289 466296450 328034720
186982115 882188879 114008454
3
0 929337254 624869940
0 517666634 413214366
3
705087487 272313919 310248439
591862251 810942451 388134876
3
458652307 699537264 970309146
846162196 871152783 0
3
463197652 255931490 747869135
765955300 400653238 325265611
3
846138895 457299142 961372121
617073195 190812943 135728531
3
419623334 522161056 230707600
861233960 828068564 678035425
3
105559173 0 84504006
0 0 887307601
3
481442333 55293081 361542938
305839459 217103794 833230191
3
180213135 540669456 591501840
132806331 849249586 189012784
3
988299177 0 648998354
729313241 0 911113624
3
0 998774967 146243498
0 154264730 563904547
3
396148387 628898560 0
264342476 404105045 0
3
280874432 695655516 232650963
312006516 0 153926901
3
0 0 705590323
0 0 482064750
3
200755568 587268910 332760156
567135535 992192543 188200396
3
270014564 252799159 0
0 696649641 0
3
180807890 917518239 76889738
833176541 592869391 345124162
3
54507066 595326030 472504261
484852859 199199349 0
3
366585703 0 951995914
43872406 0 0
3
809484345 0 982716857
985768842 0 0
3
421373145 990617942 973157404
756868761 667821262 827909625
3
679354974 410986123 124797343
743998882 598741348 204233616
3
376707091 447841063 68087378
264183258 838487114 139600801
3
651034178 945086309 113837217
249106090 590782309 406311956
3
481255974 985252582 566719016
378579667 945900443 994806041
3
574165913 62655348 726370387
761686096 0 209537323
3
645492552 162011416 113665671
0 6350721 403032414
3
0 411293277 298437869
999575083 780658033 972258610
3
551806993 155638788 602840870
396438496 609622962 491001054
3
47676039 634182087 48753307
592665626 425461013 679164920
3
468084785 891496027 489564090
972167392 68183570 22495264
3
330640968 928887868 999210189
44538861 55139561 0
3
710821708 53206450 818760153
592564546 281486289 307642924
3
252852478 523884271 775896559
737836568 471755034 0
3
398788690 333430922 0
803456285 724059552 0
3
99069443 624419652 74028928
122377515 853782185 76068939
3
0 971936987 165786356
0 687281275 843475241
3
449054837 261683540 651985876
0 570295979 749150123
3
263379237 392070354 672066905
86830212 420884140 780364579
3
455831911 411063148 822525284
300298382 425824293 900634820
3
259979603 23075726 607038183
920450018 907477336 937009746
3
893984579 903317642 241566302
569220248 239754277 275781853
3
0 518016269 448821556
0 936940108 985171193
3
749121707 365177351 812160052
316612473 155921469 528096996
3
586804169 819788886 0
208493032 776671406 0
3
675022292 867165370 208514427
446502732 523341366 55768125
3
870804671 36877660 481599510
637553860 128724151 605697014
3
535266786 946485330 0
18397652 0 0
3
717673940 460938273 516341804
560393413 832302861 491980041
3
185166915 0 437765979
863172002 0 892115239
3
507769894 324376166 442832774
298602593 450835590 768363011
3
852998863 708609490 845992589
940826330 133287153 47697833
3
0 0 441012390
0 0 728510203
3
697326238 116895825 194732073
0 584329648 404016758
3
790000767 220725093 463472568
455364106 207102414 206995377
3
820782602 360537998 368007325
286457507 599524993 0
3
564498040 79787639 343210170
375195045 449666401 217078904
3
50601248 565038421 254262331
0 866840427 84026060
3
991059523 470784264 568849326
322383485 100331632 514138719
3
319203824 544264350 647702514
395059682 173627279 233935423
3
399912988 88860086 702182886
940926760 319195437 0
3
882303436 673617019 760367517
613963924 713172613 0
3
594452205 307805192 253388520
481843502 349336210 995399059
3
832661498 762835720 0
233991121 314634777 0
3
940615025 393626491 393657129
307791683 441064960 155416948
3
612544914 0 693769860
310050657 0 771845487
3
669701135 892758363 105221336
448053974 888847348 38676055
3
87387588 874426844 885846658
554611223 0 781644858
3
588131980 949589885 483714603
827840303 351116585 844395458
3
183766238 908906716 902315314
329255647 417245247 0
3
821058606 968929261 839041177
368328642 320393793 442316455
3
143694750 905686930 409186381
0 178599982 820853712
3
999353700 100032138 136309573
0 978819656 769477288
3
57624227 215579345 556889779
791220035 224628170 322248093
3
0 148844720 143582382
0 600581820 0
3
0 578379881 208586284
0 918339266 581085817
3
559183814 336907838 537449424
525716193 713592499 901386406
3
134062881 475678898 955255055
481048368 300265518 511575059
3
707348540 894586702 397304786
0 885059578 0
3
813907009 517075936 0
984374062 441913117 0
3
289773450 692835388 833313054
973997493 0 347604311
3
313236991 387620298 894588589
321710848 172674105 93186954
3
0 945007940 58219947
0 212469424 18125881
3
351223282 0 351416435
249939049 0 460415689
3
793836839 191906108 955224291
16387847 326567886 404419315
3
231003838 764751535 423914804
694531705 702951528 592842344
3
611969964 827600146 127377047
463400060 158498528 293897487
3
556500133 780127328 643741218
549559011 82244604 195524089
3
27913129 810993128 330980533
292626257 667931667 376275508
3
942231636 0 765078685
0 0 872860540
3
494545381 106969362 21387068
0 932059217 250478289
3
835666013 380107945 164350497
250365648 657284074 841440040
3
409917459 351366191 905029278
229043359 0 0
3
466458618 290263295 318598425
412027226 445721349 701124
3
913318154 522944953 111958346
821846163 218396840 370298670
3
603756043 922828407 467099966
598415372 45165255 67400663
3
538780019 112975433 764046836
139079718 0 718751037
3
131359405 975398594 168745910
436544097 878031285 861049673
3
56701072 172033360 973441032
439012608 179735646 0
3
416849336 137500654 0
5934184 165966789 0
3
463467501 285524149 513050537
0 413740110 973809748
3
188793854 265781539 321395839
200248793 346483995 231481989
3
81976012 364207250 0
0 392460873 0
3
0 727143163 496123916
0 173658695 235228827
3
212435321 230308711 976243168
439678680 0 467113861
3
0 739126560 1808838
0 0 0
3
428627635 410760430 324208969
573036981 886578633 242178344
3
981030171 697500993 34825168
621639554 289053921 722408446
3
193432767 631324370 446325984
464396026 0 663221636
3
89238561 0 74921511
0 0 454302479
3
0 851872113 430586945
0 610553616 914670213
3
675294627 542094065 282326543
618937611 0 913327316
3
891480380 0 33361883
845803939 0 414809100
3
719473675 622697611 554981562
89255732 0 986649959
3
835321036 42599827 250657998
0 492483234 0
3
881682527 936313560 25648814
385667910 209781237 0
3
330792482 654134203 229475567
319221950 0 0
3
370856352 479888604 614893093
717467508 299493190 767042799
3
440505651 799365452 563463353
366744135 59351150 751800909
3
952684124 150308904 866874413
588070471 915708569 577264423
3
9702107 239920489 481566935
0 0 792091081
3
65512204 984663357 105772652
303198284 935916934 885280088
3
602199892 662794654 597562701
665661877 323171277 385540328
3
273794101 508945 990933032
341537935 0 249361426
3
56774543 994033050 694018879
0 294588260 699462875
3
618750407 151464745 687963607
859153810 747225099 0
3
830440457 378568438 650194916
57166610 0 440576671
3
71276382 705205695 374477139
410730335 147091403 0
3
298009366 212722642 547532312
268495467 531497696 973474813
3
263726903 705889242 312743679
466158750 851397150 877044694
3
464028434 527839389 280755152
0 844792460 790211524
3
442069316 921571162 615064962
769472242 539792459 0
3
925270408 160138898 24699230
361818967 924293282 113223435
3
376754749 645801340 129163777
0 203525466 428597053
3
911006815 845832169 781413343
196706166 354453992 971761133
3
462827238 555513142 852427213
263469724 560458560 531502690
3
633829996 792608246 146133905
837318037 906367971 0
3
540006499 741543296 0
801375200 927694833 0
3
0 373008005 675030076
0 248057576 4401877
3
494229559 924416905 0
690387573 55821835 0
3
393478130 969570283 662284534
36200967 0 747155938
3
0 316896810 647241255
0 915427086 73994790
3
182876713 851167267 384718074
893125269 965683394 570958281
3
351670221 833283857 614528591
108359833 278475791 286952733
3
456069041 929187661 893169558
236287921 0 825794655
3
488697115 492875957 833593437
967874365 757219766 467033755
3
149403634 233104602 182956451
0 0 0
3
426784558 348876177 139017783
227980400 571714293 13368252
3
298345699 138426100 354809406
269372506 868550541 545552002
3
278703245 480688725 367734359
804142874 362761384 528941000
3
77339837 0 894412798
624990338 0 290878684
3
870208507 0 818632639
489176953 0 974503548
3
893853971 956582156 670949027
273261974 524291088 313484141
3
147591902 419260378 115217471
746832511 213359291 332835443
3
446356752 0 746910591
0 0 260055584
3
623474095 863412611 82677511
0 961301164 698080816
3
461444780 545347552 474389989
785606180 777259473 176030883
3
160246965 290835451 393770956
0 119118686 898007576
3
0 80291982 955096094
0 313956409 347722885
3
112588098 26609963 120654984
676784244 261471555 991644510
3
772682060 604635376 937120166
0 0 202235393
3
374833364 445395923 682696090
492262003 78832875 369815573
3
0 53902275 968697958
0 365548272 298508288
3
539479829 460722965 779124904
777563707 499155063 159433906
3
963547629 853739273 501477462
610036429 865644054 214172220
3
619259634 0 965368223
681498666 0 129028282
3
486142513 88547603 0
877911622 191230811 0
3
903656738 50675795 133788173
728849394 599055410 659102846
3
245662170 83110381 781834381
398407220 0 722785908
3
686872053 913593672 835166532
502580425 0 577765341
3
482011976 341516673 133295177
926089278 0 155270526
3
369159407 0 854360412
0 0 363011909
3
416154295 544558247 189856052
262881123 306076347 0
3
855112203 271241972 58858173
856468943 664418134 405298254
3
111609182 121923402 847644010
654324976 402174541 271219488
3
979148107 131084709 0
61313424 775264447 0
3
334538601 134226517 124088781
552474071 340331219 564460913
3
438091680 62514636 681706965
556805851 410686638 0
3
519142092 489510434 215513107
616829737 770092969 564730305
3
0 962008076 755187727
0 0 149136639
3
546871367 955603612 854020403
185355269 672030719 870205678
3
72092472 38312408 831173540
131467594 0 0
3
774318690 312087398 292625617
0 803563069 543256974
3
897259478 520388550 463681232
151732350 577332789 790309577
3
96623215 539227908 246363063
338125378 706033631 0
3
0 397119228 948587608
0 167813707 911547315
3
602743494 833102313 846771107
816294128 794145815 991771921
3
812927363 966291817 825128511
0 63331163 890817189
3
44498066 742122524 525103661
806798904 193808396 9270748
3
0 603079173 391312874
0 933517404 644486668
3
23464722 95396471 33959920
861350655 491141517 970724827
3
520086677 769456642 47257053
45204535 578796889 525443437
3
0 961855718 575795235
0 646091423 954535643
3
455294351 689042325 404240979
235473644 776529494 183110690
3
801881589 205112200 850963930
0 910762835 0
3
327921301 320126609 284581296
471781405 201728751 400395108
3
441451762 604739537 262376329
636302863 129591522 309750656
3
310126630 373472537 191309491
0 453619862 747568885
3
0 188383149 371056564
0 122351537 321732488
3
920499917 894222388 558368350
653660719 0 505036691
3
854192969 698228096 284133262
556845920 198672172 554106053
3
908314248 709386564 859593135
62800941 0 536169277
3
0 960813824 0
0 496004644 0
3
945854097 209236504 678189099
0 0 167287382
3
860394457 63479504 417991951
457309545 895703227 0
3
264255190 191668924 247491343
268147190 0 999894363
3
791644709 626053847 0
602055676 0 0
3
569195365 477856200 0
575591283 858718095 0
3
432939433 988340143 123679168
0 548746923 979653446
3
800161258 282056382 478606365
736853166 392084768 921664126
3
618913228 361042194 460930212
817474885 260450242 655719743
3
867163073 315466208 502399448
117461881 530390029 18040645
3
806355572 902971110 0
613394285 405903049 909973058
3
295654882 43596438 852743177
179745627 545599357 250167156
3
396507238 406046374 850398903
127642961 780764736 970638701
3
0 101698496 785052468
0 291703899 233760951
3
5602077 327384030 27520480
12865628 0 39446122
3
926043813 750332952 106645234
280278556 974861168 952624147
3
522911317 454548078 727337543
220257177 0 594373513
3
68732437 586329971 643671694
767453107 394025768 0
3
911194678 569303702 717456832
551708362 343832441 584993618
3
376977157 361884513 0
0 151812077 0
3
151656407 111444567 667180264
294633569 605578995 422377503
3
228002674 825361762 101202485
529831826 0 652148135
3
171486566 426583969 629382606
107229299 551804011 490410446
3
299235173 138252926 534555639
314169894 676924566 89507267
3
448283971 528152530 270235527
0 844716730 891933608
3
506542695 648713902 923384352
0 88236147 209716043
3
724254587 261047242 297295048
871842846 557505595 334726243
3
978338909 385249758 0
421667640 103260327 64918430
3
312340259 0 907576671
0 0 873936045
3
553015942 595879231 251705752
5625154 608132216 840721098
3
173814747 627976281 501115709
0 92032781 114109867
3
0 336705176 563197645
0 887652870 940980724
3
727067597 514690065 315439606
223665083 123617243 207408884
3
126609055 21465424 0
0 363021627 0
3
40695771 537489840 333568911
708245473 933840447 589380305
3
510629624 899431634 489781514
47191773 468570395 387708056
3
789284979 361776511 779099451
577582809 686030373 861133926
3
708199270 789088564 813347783
0 0 783370415
3
579508466 732932284 0
688263738 549556022 0
3
649819962 105193286 0
537841215 339174576 0
3
951028364 443817637 694644776
413691307 683774431 526330813
3
433546045 991309484 67898535
368682770 653712826 271740688
3
453029835 858612892 345921841
0 414905280 404840984
3
672343308 962532870 436452828
486896547 112838274 103365309
3
410866001 613331430 466331901
822677846 466146778 971017596
3
853642669 270604180 384514785
492726352 496069820 354259929
3
252285215 209269036 65411639
282288214 778486979 10650582
3
872716959 544771170 657114284
0 642780056 518021529
3
47683910 932915130 254127211
547378438 89782319 852748444
3
76469804 571266665 83200375
319378856 398876778 0
3
0 166550179 487973972
0 255223566 304338921
3
352194564 904146036 880387097
561720178 556722175 0
3
794031768 552531957 402369887
950541058 678905306 155276460
3
622311928 1756844 391378584
0 404443130 0
3
89280928 402872845 327471192
890061919 18197412 413110796
3
897381326 0 179754966
722777432 0 383591811
3
911007457 641220286 916920948
452446975 466023046 299848281
3
893171985 0 715793537
0 0 132670909
3
201337996 9669347 383256291
333143055 181313259 379431766
3
18012624 567727581 956858726
218566393 361545479 839569341
3
729075036 0 137042067
497315368 0 105013990
3
574256366 0 389423602
914004361 0 198915475
3
921605715 350277304 49676181
976511738 488723486 514004413
3
730526859 0 133601675
134040234 0 116166790
3
21059646 621259338 747493939
632578242 196844006 569120575
3
0 8096731 523643452
0 458313071 453583466
3
781579110 832891506 35354023
0 530664918 195136446
3
34375813 33535259 615197420
835104136 872543676 0
3
579106675 835225930 499500664
162165636 798149901 777666548
3
981312817 685941999 92481342
614418255 0 750018929
3
215190098 992003668 439706283
4577692 830568790 812650243
3
49242053 323028823 106921532
238829600 320258554 72552423
3
629510272 232756560 33943006
245602672 129799940 827981600
3
411608112 402957063 237406081
439743382 490625965 895097232
3
238855530 610723176 756203179
461953800 984767668 116594393
3
298008314 427800738 381127947
746173410 76079706 213038406
3
734205880 80843335 109220941
0 516196445 469174899
3
854667217 65166197 386218660
147615204 841852948 339274405
3
763042819 572012942 691281102
637342040 740798178 40457120
3
250949774 444183125 575113203
149171046 402587383 955160367
3
387946432 271057539 768256190
615512560 835875624 193395328
3
0 514527411 886928812
0 91349545 881474063
3
402993699 75198058 394603347
910532403 0 603875864
3
667009383 684328779 356937047
0 491075116 0
3
34197036 734859856 156938025
557077450 0 827245857
3
149083240 292692470 1783659
695334877 23522418 0
3
227643674 935347711 661928279
903430894 128330054 0
3
0 943194092 777973000
0 435838199 0
3
0 591896897 0
0 0 0
3
691458551 57789524 277913369
721106959 542164953 705116693
3
284496391 793076713 191415910
519009155 417405697 73557449
3
249243177 707918764 790918167
481348773 587695820 115988173
3
688331468 518866531 655728014
647894192 664380932 390716687
3
285251310 520073208 619372833
725354377 256757123 512717279
3
793188107 997980872 872962813
826180818 842135642 440506065
3
507382047 478708714 196958186
664978249 68916629 905076792
3
382102776 555644783 734525375
27493809 0 843192705
3
504055302 82753844 771754213
0 0 143064303
3
21894317 774224210 428415870
579678382 963257905 766587988
3
90982968 39214560 0
909749768 0 0
3
766222112 649251781 961886627
756950150 682031837 643002667
3
675996819 379477797 420277804
919170931 217461942 0
3
0 0 869143562
0 843122226 0
3
955591588 185640104 942361865
682916847 887868215 147591569
3
604922231 982022953 27675393
23432710 428482642 917834581
3
435363030 329291424 82287506
979450424 462847437 850555801
3
648166446 0 335419329
98480833 0 753902798
3
0 763263342 880112826
0 859759326 57127245
3
801219738 885645585 99756546
402027758 337826163 0
3
506252058 498450848 784096169
0 32134529 417220692
3
320595273 917004242 919519483
960285826 498049254 0
3
496449004 196139166 0
0 416578277 0
3
178937224 43105515 940472974
345655373 501104342 815378241
3
797318047 756029559 261840163
191004796 810340918 657144635
3
572683039 0 748022264
0 456915122 857486492
3
2160034 507967916 667169794
639491409 445793486 306557085
3
420099416 778542623 355678574
735999700 292357545 647475911
3
826360069 521882766 399560936
0 0 954035145
3
840314215 776480855 564239820
84017724 571017154 320036239
3
122340350 614508188 778291837
776364626 685611995 269297763
3
620541580 526585991 799655080
142573550 0 431869616
3
523960343 308808576 310346450
591178339 983689126 0
3
418491566 720500777 0
290644491 125121352 0
3
546814469 919184906 374606181
958503117 365160128 424490969
3
435267170 520077875 910911402
104069425 340030967 0
3
905676381 369516314 791248894
193248408 2080961 168714559
3
0 962383490 916113
228540957 125746196 731918309
3
0 55707993 0
0 441084249 0
3
869028457 813855439 347852010
0 574175099 171232956
3
744693949 734240283 751090173
0 676815411 256398619
3
254549294 174199436 758005212
539985138 596739973 406212396
3
66927778 836776688 301832505
590842383 0 122377576
3
93234985 514596688 749630206
223889864 358447645 680645173
3
980428125 195155103 502543891
848781733 858389386 499760172
3
958343185 984986588 672883316
431720721 43768311 282072046
3
20897882 785382722 0
967958500 795592778 0
3
566220926 344222515 0
61174349 976448016 0
3
775970410 849281662 877262921
695722269 32827640 125552093
3
904756685 550773171 218059625
0 0 713333267
3
779552396 898608070 822021122
47833670 980114898 467424322
3
426773488 50791584 624092296
275479937 231283025 0
3
24973603 472428742 960935933
848796420 143715882 438671990
3
267359965 145970841 196686579
0 551035891 282204976
3
48999051 676906714 442132425
553131790 875742372 0
3
0 383684054 484377920
0 35545552 236995263
3
402940103 0 425238928
491557393 0 4131496
3
398824942 651682082 0
808675022 475511953 0
3
54763744 42867828 268388242
880872809 0 0
3
120182477 603663500 355787166
792744920 627832890 653232660
3
719677669 0 476839807
463184041 0 708649313
3
49651442 869114702 974310734
0 557442618 747907762
3
340654516 675581695 576082440
913263640 859657816 531634151
3
21294576 202440167 489803792
487301493 665889175 163347381
3
975681718 65132975 522849574
0 833535399 890504964
3
847911514 0 859624815
811373054 742565079 951298842
3
229726324 566893726 455187178
301706700 0 68331594
3
122607165 606420224 441287730
792959562 852827917 0
3
786865448 481457009 886101455
769614896 650472179 305263969
3
0 140879278 60984953
0 762832333 905958858
3
968689086 484926532 826412011
299480670 590689787 747281326
3
614023375 918606690 364445216
401034458 289585282 404858218
3
263435945 866595976 947422458
936899758 217216823 925665880
3
488423535 330887780 723355071
442393891 64081629 410847922
3
386900250 104085162 904885946
97218540 0 54467057
3
703009299 462197483 886795413
234861851 897104546 200998048
3
453790091 347351333 274222313
319218989 247267755 979318411
3
506979111 439225302 419110236
258191027 107678894 395627118
3
388957096 747127306 156698857
746257893 223097130 272234264
3
0 655795391 460392750
0 883824743 210716453
3
741815524 789836413 387142546
428434753 454553918 776281254
3
0 417170547 624502051
0 541298601 284366802
3
733671481 636631484 743051550
796215036 840568830 962144091
3
688896632 0 713520893
729312474 0 127988445
3
149169936 0 25065152
521464280 0 495132570
3
352305847 980985746 371429292
0 0 282043883
3
338151240 726912332 310523043
69375934 69125671 43691201
3
349387288 473283580 870064093
0 631419600 115578413
3
0 759890196 208660124
0 0 74579955
3
808928566 152895181 782188181
781809257 55499112 0
3
924173097 635827805 650464428
0 106440569 694626668
3
0 521617675 574454454
0 422840437 146288595
3
537325473 107057431 471228071
496889771 661349812 0
3
547221358 198781564 600687691
0 479031276 401020280
3
793184077 93651501 741867134
913514889 2448209 501950571
3
773495796 450020549 88778536
463019330 849713038 585541415
3
508823209 666637761 796071629
0 0 0
3
0 568266125 539750000
0 189416069 721576198
3
0 771697930 811684665
0 299670329 579715543
3
0 860350063 994708820
0 455480378 158388233
3
155528440 0 708572142
507874365 171123710 47022218
3
841416559 451485150 239896242
880790793 482835959 12507901
3
0 757686975 991634313
0 36555780 996512740
3
914390100 954067159 199152618
741700256 643612718 307133179
3
235134647 0 611500785
286095261 0 374798583
3
227062206 0 953481069
277578770 0 196544058
3
173963900 0 0
890907698 0 0
3
56344110 272777459 400367712
605353570 65269830 0
3
971908413 178553786 353991579
874809751 978593518 62340341
3
331282875 976487244 736609325
578209806 0 892856282
3
4202996 375859330 636310200
0 642497514 39618115
3
736376197 355597432 669030889
0 718905123 696267339
3
0 814828096 0
0 0 70648625
3
800078472 332572815 603150505
94680274 439354748 322354952
3
773417964 87013160 53375036
370961820 522442768 0
3
0 0 490203351
0 0 793671706
3
631305579 867518974 157051750
424282286 996885641 0
3
937721633 551153403 963526157
832641719 347129606 534236004
3
870519710 191892210 128743664
0 587903838 967381426
3
462635781 507898737 266538398
74931104 833356117 546673101
3
219237497 468933081 884056489
151173429 236926687 379794263
3
0 939407649 646385456
0 0 111521682
3
711574700 474489887 0
327090221 974041670 0
3
334097803 843029017 950335831
610602156 423434347 0
3
352419150 3458367 638060226
307060418 445727842 711016605
3
488052264 604278010 780975276
412965490 0 795670187
3
0 0 894202014
0 0 22146201
3
37935119 90792465 554892252
72144833 606756545 276498362
3
93507816 257834557 714708734
14712725 673690590 216668769
3
819236497 65196954 655046952
302953208 0 0
3
774877655 141532775 676502476
175875203 575602044 402363595
3
974474467 810635300 354731689
79250031 691073578 573369968
3
287800097 424151756 262739854
264422242 682645082 133897014
3
203575379 59083749 321202638
317634564 552071413 0
3
0 362824199 811407781
0 669396938 214649191
3
637317868 25127471 372273226
704702212 962874939 0
3
202235212 504261397 197222623
888315028 66132117 304077002
3
847005007 405353893 736297262
0 315984288 943965461
3
0 464374313 162134741
69585085 815737801 695670089
3
173652486 53753359 438736677
447174289 118247552 517829342
3
0 816380772 368383019
0 158749766 625247557
3
207156737 56932766 640293010
46108172 0 147022615
3
858745880 0 274562902
166719139 0 532174791
3
712066700 429513416 0
539457379 0 0
3
0 20609886 969959052
0 181445485 386628358
3
927220431 263666022 435778347
219117822 440361236 870060026
3
432675207 762170131 172212288
347600557 653755919 547089454
3
393638555 729081233 487502797
25601576 300438029 989165651
3
291625093 255537669 0
22005909 133302365 0
3
576148198 287485965 85550071
533657257 934529223 682772328
3
651948097 341944135 9383292
429705257 858658777 864517733
3
954688840 657367641 537944387
167656042 192077500 865527901
3
727604003 404493918 352175889
205537004 354601066 968598809
3
100364690 51201130 635794776
109326750 674036275 0
3
481896991 303311248 917621090
238407444 0 828185852
3
39592896 51649237 591781096
193889401 181630877 526704132
3
235543234 595848378 879757943
998695703 308303423 389679893
3
891009350 0 962616115
0 0 273165487
3
645955526 711566398 781179107
496426010 822552611 103327175
3
562306305 796086868 972704971
470774711 797509584 605273526
3
445877296 194122685 826408268
69714167 331770008 202726525
3
355931694 663939552 944794506
803779078 840885488 0
3
969049093 505790375 187774787
221978219 0 859204298
3
262979278 48002756 765520815
0 564560114 826098320
3
354639504 286193937 73076473
512440892 993068953 967291334
3
855395915 486476565 230449023
175923545 69361127 353942463
3
464333049 102625560 740367427
0 238754026 874057993
3
537452901 564924336 408741041
729887 0 579266756
3
611717239 755765296 928802900
249764506 883493235 593280434
3
195363805 826980378 673717042
90664012 0 139359913
3
0 550611496 278316523
0 796713708 58440070
3
837302719 92482492 462938766
274545311 633880511 472715834
3
35986669 845566533 903199601
229912974 474011703 220694825
3
0 0 716723796
0 0 478555107
3
900897456 5904583 0
400579978 433250394 0
3
865176933 573295978 795243545
786277072 464944464 624185965
3
217421678 594066859 496281341
930480283 101746403 349939486
3
686544865 308101205 540686568
814730878 0 478623115
3
694728194 599115372 366502702
883657029 528710472 297512882
3
633016432 610803284 341918800
155713976 559183751 374240740
3
937325963 829520021 295605977
400295254 877564543 522790246
3
534141729 784326442 933364052
288409701 917772003 102023850
3
886050736 676166812 180862644
335242266 463784742 218181258
3
444000401 364247256 0
712132666 143117473 0
3
497382614 45607869 928901906
0 768543169 664136959
3
807363494 726781366 52201140
301825999 259122705 718121926
3
872620225 983338506 313620307
543882029 883970157 437341115
3
176124679 153615020 478419500
983228522 946197616 746478499
3
538098952 321046255 491523651
0 356412604 462899375
3
63320986 947617379 31400778
414467144 242195988 167005851
3
558292624 405878058 367274085
903188449 60860348 0
3
841214130 322934726 0
275190452 853021454 0
3
3115407 660852134 433250325
732207557 0 313612417
3
938328740 491370859 659654952
241682490 0 0
3
232023244 698774781 523315724
520311802 0 961105299
3
821865692 193743927 682112475
946929485 525008911 0
3
0 929462435 649054098
0 0 712049921
3
51104469 257838297 519477887
715442188 156097598 0
3
733548984 570069180 531135493
129828371 888158633 0
3
669812897 962504730 239304644
19066361 0 373348402
3
542453507 422025268 0
662102668 316096270 0
3
859578543 76443810 770115549
434036538 0 0
3
524733578 487382960 378736952
0 883884218 322569236
3
754206416 555493161 0
518027901 851364246 0
3
863975452 147750449 916358597
753736214 956753712 161882195
3
941557501 765853974 342894895
602836627 208720468 644487458
3
748153396 255599984 341735624
20413375 871059515 730233632
3
137926651 73213495 730922929
199943045 0 733056793
3
262829329 403649655 345397376
0 0 456567789
3
542792651 615587968 0
96054611 487790024 0
3
782292910 745823118 594819872
57466625 219131631 618675478
3
879070294 663333618 637096386
879851473 0 411378448
3
594061238 754451754 700927860
0 214963840 735996267
3
701151480 861512811 411468159
363152709 339198061 996258202
3
949231665 132124791 992864213
116589093 240718597 857990631
3
738297687 77654129 614004355
704320260 384947157 658822891
3
992426140 493388651 0
779909650 753472721 808985844
3
367304153 112220815 481367033
947749100 12051535 382713802
3
140489272 8360036 226952935
785982691 871433403 817530708
3
40052387 969991446 163916768
615236859 214063956 3160609
3
78200450 255537284 69416771
0 0 0
3
410152161 429431746 126501511
619328541 560865787 287160646
3
25614858 973531025 452232023
13535298 430452352 0
3
84897509 372822530 0
224394147 307687693 0
3
0 118369910 836615913
0 746011422 855098808
3
669187926 883015781 0
334615386 683055954 0
3
569762638 753912738 593156287
372489825 20307250 207217557
3
476075246 395279222 630343444
887088818 887285315 256770973
3
155723893 0 670297551
749589816 0 529859067
3
656097232 985386633 700536810
277667156 0 391545687
3
0 905269443 605258682
0 543942638 530630695
3
226361033 910664131 421473093
895527067 290328450 300392853
3
307801840 738081000 290242671
747833454 715096400 667750205
3
129134905 279931837 983589367
800691628 790380176 92692645
3
572850701 174467920 271391391
625459731 0 835083892
3
727422368 541208199 245165808
112991984 745346128 503664889
3
695536686 65931215 905621499
0 845203694 414367521
3
784032096 772574798 369193701
604454445 0 740484361
3
92393877 850126201 116757601
884157600 504757883 547934747
3
0 703813401 570411031
0 63600088 0
3
729513358 29893951 60442230
550917782 0 432618315
3
624709335 348586833 627465360
0 618502480 987467554
3
0 146532263 649814823
0 890944020 668173095
3
548931196 384598988 0
619020616 373728924 0
3
959398406 937912958 621077815
0 572518770 220453784
3
511939289 663682648 0
806069423 553203915 0
3
955098084 932546224 958858303
923562018 241900422 142488051
3
0 750006687 945682197
670355267 605189014 0
3
12401488 205345263 327818718
724245822 164810065 293115878
3
363475035 836486706 42221413
93819860 498552482 546644941
3
346746406 289156768 90338042
0 0 0
3
583568477 747923990 65624772
290474491 463956705 643952048
3
876862725 636163711 800153438
471132545 605570672 0
3
552043079 594689271 556742782
947643995 725565127 678806758
3
773229920 651716738 789015833
781150839 953814044 0
3
783914784 724693686 720461599
143054823 861369965 389524573
3
429597966 477134834 0
157711911 789194399 0
3
849149969 275764318 551908566
110389743 224108275 502277863
3
480488561 87516272 254722777
695247349 0 780667662
3
262460764 96920763 392450617
109679918 491269334 0
3
177011985 521165389 679887573
930917602 224272407 244208367
3
513545714 244568069 525505528
264235492 841991270 770911714
3
181586088 27502500 99340708
245290601 110938650 339072691
3
31188507 0 470637458
729860951 0 308421196
3
570974138 369310702 476318067
0 117959523 683836120
3
541653301 171759042 458646544
0 491870095 604378204
3
788896205 940080380 835034631
310371612 368810926 139630272
3
359279484 863591464 786252929
309512238 967566925 0
3
365625683 313542617 709017379
651986268 0 733901269
3
656464208 619524456 698820576
922325096 500500370 860141033
3
876398863 0 914297932
903170606 0 547377633
3
0 401396475 360878922
319632903 100950424 842144424
3
141727878 337307322 389416856
654066448 208683747 865843238
3
216204902 796830223 546429520
0 643026998 747155868
3
909592420 54519602 897230959
844073304 539601139 681216688
3
672793273 790671908 38784873
966792925 875776988 180352291
3
161183056 43495779 0
319432360 999616005 0
3
854869618 489016205 732903080
923197232 869136269 857471279
3
618629820 405199292 763711142
0 311648176 886417814
3
938458443 422035485 995380275
776581997 494051002 0
3
687173591 179919880 642551312
586883895 0 373980059
3
0 996260954 520989936
0 829678283 0
3
655890387 0 390739474
0 0 697808157
3
930007666 488335106 745496188
502628138 798674902 533705671
3
382300929 62141709 218204436
287719273 696244039 834652012
3
54132155 80044980 151221915
640469141 0 242867159
3
736592418 740860511 381966192
305160879 505661212 604289632
3
212486145 112984702 653772163
0 0 534052525
3
290541342 305796991 729332502
59100614 0 401919468
3
399125381 45318275 128505811
358538745 747476721 0
3
95132054 325310067 306081821
562833449 292853725 196075853
3
820463336 374293896 926469872
249505225 653673541 727064475
3
478881319 146873078 397867060
823565418 346025392 271246866
3
24700746 808746028 874536212
706062033 647036148 0
3
0 996886471 477774062
0 0 418902509
3
589281792 375093404 497670788
713595368 735261457 0
3
697554739 0 899444002
255227146 0 750533112
3
8296635 678685660 233979078
0 648702157 424748506
3
853891361 306889425 359669286
719446552 247977976 0
3
934524543 494132178 545080646
547652004 223125087 357634553
3
30523900 74090218 0
497322408 0 570503687
3
789553444 628583940 611159076
442659414 713661930 899690085
3
816005294 697639490 330464895
371753175 188940428 0
3
868758567 834085540 231505476
701138775 421229758 458698522
3
586560480 0 351810822
0 417359319 322586835
3
474459437 274191834 366707681
39267973 605437613 193755764
3
523697937 296759227 246145561
684959446 122459744 685994633
3
131136434 90396279 523470313
407150111 390407592 755323890
3
848970386 68748756 728169712
777990971 409216294 0
3
863518504 582526191 0
506502313 538234516 0
3
77377346 100144732 0
944040967 138241661 0
3
233693045 182879476 721513837
138427178 912357057 423732365
3
717528395 701119121 511726801
741690835 797735734 421279850
3
138304595 542070370 162932187
864435484 120739975 72520276
3
972579607 873198919 461231540
625078505 628758023 233605621
3
912239851 0 303547884
859936998 0 69261702
3
861850985 830225966 978945026
0 206071816 685112541
3
244871115 0 858059377
356718665 0 437856739
3
888444414 25681743 84151714
176375208 746018922 735642413
3
211887862 201430582 656611792
0 285953424 0
3
955665773 54279230 742246680
225647137 930658561 666008273
3
156160577 266468893 828496890
372067432 58605165 915823040
3
128511573 351482792 897764195
16964745 343307322 0
3
810039632 0 547205185
648624764 0 627102904
3
878053963 329964031 921053351
209629268 0 100882750
3
723277016 803373654 996833128
680469784 774313743 446430482
3
877267510 14249419 902068152
444080329 925695150 433782244
3
720166194 307120000 18782524
816358796 360506572 0
3
134749107 513170290 871655351
71666959 696479114 749443978
3
210239049 931963055 0
574999518 0 0
3
662399865 967560391 0
877729075 804653323 0
3
0 796912630 0
0 502175372 0
3
975667513 803299440 349291204
492062963 824218008 668706410
3
191161774 413732948 783423655
184882636 921969744 756336282
3
217247732 131106310 828975199
139030934 0 552999350
3
641157260 125142256 331625243
0 977360506 0
3
640202826 957586566 349031824
273390113 800191471 690149662
3
755109298 403614053 363029292
938997329 676499146 0
3
630271399 897918827 603939276
976729989 108787653 519738757
3
45328928 993489769 35686551
295142893 108829769 183622412
3
798752869 903258524 314216482
99686704 155307187 643004460
3
13536415 422725034 311225150
531685945 825599810 156740447
3
689143908 895648904 497423412
992788831 61842256 689604751
3
172218411 48218262 934031729
106374622 217140269 878118080
3
912089711 777913384 807897000
656859887 382571703 405264751
3
23532356 0 291151763
606970739 0 484502396
3
433598202 141865836 628642699
618094897 828864186 347151754
3
818339420 362922352 80269736
116304758 293732958 373003995
3
93551619 983803977 0
543317250 140493557 0
3
373472846 11245644 346677726
691271043 744267665 242066831
3
955936329 141837006 982527287
663644753 812698176 496269935
3
779386446 163852512 710534286
191334665 869867888 364692237
3
881998531 536949245 314636726
878503433 132593303 741964289
3
933861472 471243145 209314584
246579322 490036840 539982125
3
987765733 70360459 658988054
331420418 471249752 797118885
3
744946044 425369679 197655257
205817219 393952747 0
3
374880589 924392306 770005757
0 510160522 946255818
3
813630089 0 711816238
33782502 0 0
3
547857392 943807165 819181419
0 0 0
3
922612930 129023191 211407235
528709024 591557996 980224703
3
223435674 805117593 918781005
611643050 723800296 140222006
3
548325947 530672319 856391642
0 384412975 111357537
3
976500115 530507119 363996027
132386692 769951953 0
3
580257027 662616460 720343379
904848262 266520007 62640337
3
248600193 894081777 868999263
559131416 159969869 929304427
3
0 761001060 955071129
0 718099684 684439989
3
981520125 155812843 767982281
310221526 163908277 0
3
498664482 410028597 307690201
454180730 59324297 548473546
3
535713253 739556527 377842516
206593501 299922133 70346204
3
0 922159568 630245072
0 822944625 612870021
3
0 106572954 819922924
0 236275512 568350147
3
749686324 30349642 384886619
55615142 5184292 0
3
362836312 325939056 117064027
0 510296988 0
3
312850564 55178081 0
956459548 961009008 0
3
780667868 528859438 964266115
0 920132015 485577796
3
60083951 361078504 0
373024540 90539167 0
3
114407949 982539752 723784085
229012541 353992800 719938673
3
0 115397988 879539533
191303122 627005249 9636560
3
0 191491153 725291118
0 172538227 327210635
3
687920758 621924693 855107982
801839893 0 125199890
3
741590920 0 461707634
317361966 471577485 703951912
3
307056206 26984859 0
851555680 813020541 0
3
345148660 733659716 443539215
0 295543366 0
3
788825408 781043729 469248850
0 938728648 346782963
3
302294975 53022774 954440523
293346879 199331879 152400791
3
646533926 466331166 888090512
0 0 830319995
3
244617881 575711706 77128982
821688031 45951257 863610918
3
365605110 850606548 596809379
105532242 913831613 45967298
3
68794798 637364639 846177595
132117559 407649194 0
3
620461664 673505849 249496352
696983243 885590224 242271125
3
0 614998934 994434525
0 0 434101821
3
0 0 359756493
0 0 421618132
3
983427112 680475738 329120743
256996691 132576044 967444329
3
864899141 233382427 0
17173107 849224721 738564310
3
78600932 415894191 439025331
0 763496501 0
3
228867107 356909317 0
768955198 419855965 0
3
932201332 657195926 738540517
133894397 764596132 579025791
3
138412711 101177547 954597022
0 464155251 0
3
226541684 68610289 807961212
948743436 245891755 874521357
3
290157865 702873317 231886257
367589642 324627140 139311818
3
137061088 279259357 81992105
788977536 309131834 602823388
3
676395525 591515204 329222867
0 153279808 825256127
3
192573531 935378984 23195684
228763946 0 577017868
3
620644585 72005463 851569060
278982849 807307442 686799820
3
599255389 433825573 943006235
957141746 0 727842995
3
704594680 545921785 929594188
162830604 23706869 969216124
3
400737202 142105063 439370130
0 941480361 859522250
3
0 854431324 808485777
0 476526511 972723159
3
405863208 517702698 907510086
576428727 866832429 250456844
3
457340453 0 306988323
419626879 0 0
3
703697016 178571382 0
142463290 18665249 0
3
0 360116829 0
0 793168370 0
3
378212518 817597944 134292344
385191208 432885747 137231322
3
980399486 969548821 281333810
269121753 898758886 424407861
3
472481742 620723059 554538477
552747717 62479333 319327805
3
960197330 698191914 438732771
634660599 670159187 303972150
3
589922333 379748115 101664061
596817862 264633254 634860169
3
221119426 204162155 828918245
746872803 374230946 994818209
3
889441268 377966658 774307532
150732006 0 0
3
511447706 221845805 112167700
740872586 0 938144943
3
245117830 429416158 496613416
0 483752632 520776561
3
681636414 0 649462753
644397285 0 95153439
3
832740904 996914579 538561875
981733150 0 792481889
3
347580933 870957832 457509707
0 220642357 214483643
