400 5
112 286
88 352
122 258
268 349
258 169
315 250
225 330
39 386
162 321
61 297
239 250
141 58
311 277
380 32
389 81
270 28
202 148
168 16
347 15
136 389
89 175
31 302
316 62
230 82
210 5
224 7
192 354
241 25
93 180
13 206
312 229
226 287
235 303
384 137
174 182
134 265
183 392
228 262
189 133
399 374
151 307
78 359
361 371
222 284
53 145
337 14
195 134
64 304
133 199
74 236
80 42
320 146
158 176
367 175
132 194
156 96
147 33
344 172
286 126
128 278
107 17
48 110
378 98
40 39
379 317
124 70
108 364
53 20
123 301
121 67
111 398
41 344
80 391
60 49
83 55
371 161
357 68
361 99
295 304
349 201
148 255
203 241
370 51
283 266
362 171
269 398
84 325
65 325
332 282
38 248
185 249
184 232
257 222
103 223
302 75
203 314
104 354
127 397
37 115
158 82
355 201
157 23
218 205
213 366
318 306
343 346
276 343
271 17
169 261
278 234
55 266
177 218
38 18
369 75
29 41
168 283
1 204
299 351
227 313
136 4
193 395
375 184
246 392
387 390
239 310
131 29
19 274
36 284
164 10
242 254
45 207
116 173
332 322
191 341
319 264
202 346
369 329
100 20
205 71
126 226
118 387
189 333
282 137
365 101
159 97
252 123
215 162
118 144
85 211
85 280
117 261
10 340
50 244
100 220
69 358
326 74
186 240
7 207
96 150
163 345
92 233
224 11
26 166
19 252
59 87
260 51
64 195
382 347
32 152
270 101
316 336
179 60
90 200
178 121
140 240
56 357
163 217
390 339
212 338
299 30
290 102
303 251
383 44
209 294
81 323
54 186
66 366
328 86
16 88
287 6
251 8
356 256
291 273
197 368
327 113
334 384
324 95
280 94
277 127
35 28
73 190
301 393
229 334
97 77
376 391
394 300
125 386
219 276
198 62
141 15
66 293
396 335
306 230
279 157
3 12
151 52
174 274
103 40
360 396
24 56
312 335
296 364
244 89
105 204
337 311
238 317
165 216
63 149
385 108
288 375
257 179
114 135
267 106
285 112
44 381
98 142
190 78
43 34
196 116
319 359
176 259
400 93
213 91
267 188
330 327
52 113
227 351
363 356
237 27
14 339
43 172
341 197
355 259
180 353
115 140
331 154
380 253
110 353
9 65
289 232
233 22
138 95
269 48
153 86
67 372
208 260
193 350
318 198
246 291
13 271
289 161
237 272
308 292
373 247
368 187
46 324
292 87
191 71
215 42
130 150
3 8
328 219
247 1
31 372
76 288
58 128
298 388
236 265
253 376
182 290
107 273
378 228
166 25
18 360
147 245
331 90
231 275
167 208
298 23
68 72
214 308
49 309
320 342
245 315
164 243
238 109
336 338
26 348
264 388
106 313
285 120
293 119
94 153
114 143
50 400
296 181
47 225
393 59
178 199
333 395
192 211
272 173
61 84
255 11
275 119
262 263
79 70
214 297
109 256
379 310
194 352
77 1
36 159
57 321
120 131
154 187
362 83
323 363
216 22
5 305
72 170
254 220
307 135
394 249
397 21
12 196
111 217
2 314
142 358
279 377
155 45
92 73
145 340
105 91
294 144
35 377
348 149
132 263
160 57
300 281
181 212
9 129
30 350
102 177
248 268
63 117
47 2
345 235
156 129
309 143
152 130
281 183
367 99
305 34
210 165
326 373
322 24
76 54
139 37
383 374
206 365
295 79
21 122
188 160
125 167
329 171
382 124
399 370
4 234
231 221
342 104
33 138
221 69
185 381
209 223
200 146
385 139
6 242
27 46
