12345203 12345203 12345203 12345203 12345203 12345203 12345203 12345203 12345203 12345203 
121374650 121374650 121374650 121374650 121374650 121374650 121374650 121374650 121374650 121374650 
140403608 8321366 30604760 123650680 202851384 296323074 339539494 339539494 339539494 339539494 
113708041 113708041 113708041 113708041 113708041 113708041 113708041 113708041 113708041 113708041 
282499422 271133420 137177157 129869372 280438611 297742377 297742377 297742377 297742377 297742377 
736479992 600562479 446171303 360391491 357410573 313144999 187395542 83106806 51135527 51135527 
495274753 439221004 323699727 290969941 278096929 251194323 207988682 207988682 207988682 257617528 
897728814 815803027 804224044 670487210 629825232 504458546 406930747 327463853 327463853 327463853 
105781224 105781224 105781224 105781224 105781224 105781224 105781224 105781224 105781224 105781224 
135817127 135817127 135817127 135817127 135817127 135817127 135817127 135817127 135817127 135817127 
