7 17
1 1
3 3
9 2
7 1
12 4
12 4
8 1
8 2
11 4
0 3
2 2
3 2
9 3
12 2
3 1
5 1
10 1
13 2
1 1
3 2
7 4
1 4
7 2
3 3
10 2
0 3
8 1
7 1
0 2
13 1
5 1
4 2
10 4
3 2
5 1
7 3
6 1
12 4
1 4
2 2
0 3
7 4
4 4
11 2
2 1
7 3
12 2
3 1
11 3
3 1
9 1
11 4
0 2
12 2
8 1
10 1
1 3
13 2
1 3
8 2
4 4
7 3
9 4
8 3
1 1
4 1
4 2
9 2
8 3
4 3
4 2
7 2
1 3
7 1
1 2
1 4
1 2
4 3
4 1
0 2
8 3
0 2
2 2
13 1
7 3
7 1
3 1
2 3
8 4
12 3
5 2
5 2
7 4
5 4
10 3
7 3
13 2
2 2
0 4
9 2
1 4
5 2
9 4
13 1
7 4
12 3
8 2
7 4
8 1
4 1
10 1
13 2
3 4
8 2
0 1
8 1
5 4
3 3
5 1
