7 17
7 3
5 3
12 4
9 4
0 2
8 1
11 3
9 3
1 3
7 1
4 1
8 4
6 2
6 3
8 3
4 4
0 3
8 4
1 4
6 4
2 4
7 2
11 1
4 1
6 4
8 4
11 1
4 1
4 3
12 3
6 4
11 2
9 4
2 3
5 3
8 4
7 2
5 3
0 2
3 1
4 4
13 1
10 2
2 3
9 3
10 1
13 2
5 3
7 2
3 1
13 4
3 2
10 1
7 3
1 3
13 3
4 3
4 3
12 3
12 4
4 1
5 3
9 1
10 3
13 2
12 2
6 3
2 2
8 2
9 1
4 3
12 3
3 1
4 2
6 1
4 3
8 1
10 2
2 2
4 3
2 3
13 4
10 4
6 4
5 3
12 2
0 4
5 1
0 4
4 1
3 1
10 3
12 2
5 3
1 2
4 3
9 1
4 2
10 3
12 1
11 2
11 2
10 2
11 2
10 3
11 1
5 3
10 3
8 3
2 1
5 4
3 4
12 2
0 1
13 3
13 1
11 3
3 4
7 3
