114
19
1010100100001011101
1001001001001111100
1101001010011011001
1101010000010011111
1001111110000000000
1111100000001101000
1001011101110010000
1010100011010100000
0010101101001101001
1001001110001011110
0100010010011010011
1111111110010110001
1111011100111110001
0100101010110010011
1111111010110100001
1100111010100010110
0011011100111100011
1101110011111100001
0111011000011111101
22
1010010011101101111111
0000110000011011011101
1110110011010001111100
1101000011001010100110
1000101100101011001011
1011110110011111000000
0100010101000101101001
1110000000100100100110
1010000100101100000110
1101101011101011101110
1110110010011101011101
0011111000001011111101
1110111010100010100010
1101000001000000011000
1111110000111011100111
1000000000000011110001
0101101111111010001001
0110001111001100100001
0111000111010010010101
1010000100010101111100
1101011010110001111010
0110100110111101011000
15
100100100010111
100001010001110
101010010010000
000001111001000
010000001001100
001111111111010
110001101101001
010100100011000
100111101101000
010010111100010
000111101100110
010111110001110
000100001101100
111001100101111
111000001100001
10
0010100111
1110011100
0011110000
1101111000
1101110110
0110011000
1111001110
1011010011
0000001011
0001010000
31
1110111000101101001011010000001
1100111110001000110100111011110
1100101011110000110111011001001
0000111011001001100110101100100
0101011001101110000010111010000
1010000101101000101011010100100
0010001001111110001011101111011
1000110111110100001010110011110
0011100100101001000100110000001
0011011000000111110011111010111
0001110100110101010010010000110
1111110100100000111110101010110
0000101110000101100100000101110
1001011101010000101000011010111
1001101110111100110000101011010
1010001001100111111111100001110
0111001100010001100101101100111
0101110010011100111111010000110
0000101000000110100111101000011
1000001101011101101010000011111
1010100010010101111011111000111
0000111111010001000010111000101
0000101010111110011100111001001
0101100011010110001111110100010
0001000101100110111110101000000
1100011111011110011101110110111
1110010111110010101011010101100
0110110110101011111110000000010
1011000110110101110011111011101
1111001111001111111001000111110
1111111101001100101111100011001
14
11100100000000
01111101011010
10111011101011
10001111110010
10000011010100
10110111100010
01010110001101
11011100000000
11001100011110
11111010110011
01001111100000
00111111111000
01010100001110
01101100101110
10
0011101100
1011101101
0011001101
1011101001
0000010010
0000001010
1011110111
1000111011
1011110111
1011011011
16
1011110110101111
1000011101110011
1101111101101111
1000111110010011
0101000101010110
1010010000000110
1100110000001110
1100110010001010
1010101110001101
0100000101101011
0100011101110000
0101001101011101
1111011101101110
0101100010101110
0010010000100111
0000010001001111
32
01100000101101011001110100010100
10111110011001010001101100110011
00001010000110100001101100111001
00100110100000000001101000100011
01111000010100100111100110110100
11110110101000010001110111110100
00011010000010001100011010000100
01110000110100011001001110111000
01111111101100011011001011000000
10111001101010110001110010011100
11111110011000001101110110100100
01101110001100010010000101100011
01000010111110001110001100100100
01110100001111001100110110001111
11101111101110101001101111100111
00001000110000101000110100111111
01101110100000011011000011010100
00111010001001001001110100100101
01001010100000010000010110000000
11001011001111101110001111011011
11101011110001001111100000011111
01100111100001010010100000010100
00001101111010101000000001010001
00100001011100011110010111001100
10010011100111100010110010100011
00000100110111111100011011001100
11111000110000101111011000101110
10100101000011010011101010100010
11101011000101000110100100001001
10100101111111011011000100110010
11010010011011000010001111110100
01100000000011000001110100001110
34
1001000011011010011011101011001110
1111100101001010010111011110000011
0000001011110001110010100011100100
1110010011000101011110111110001110
0110000010110100101101110110000101
1111101110001011110011101000010010
0110101110010010010101110111001111
1001010100001011101011101010010000
0010100001100100010110010101010111
0000010001101001010100010101011101
0001001010000101000101011001101100
1110011001001011110011111101000111
0001001101111011001101110100101100
1000100111010101001110000001101001
0101110110101000101110111100011110
0101010000000100010100001111110111
0101110000110000101101110010000001
0111011110100101001110100010010100
0011110001111010000100110001111111
0011100101000010101111010110001010
1010011010111000010101001010101001
1000110111010011011100000110010110
1000101100101000001100111010111010
0000111111001111011111110111110110
0101100100000010100011011110001110
1100001011101110010001001011101010
0101010110100001110110010010011001
0000001111111000010001111011101111
0110111011110110001000101010011000
1001000001010011110100111111111100
1111101011011101111011110111101111
0100010100010110101111001011010110
1100100010010100010110001011001100
1001010010000000000100111000110101
27
010101010101010100010101010
101111111111111111111111111
010100000100000100010100010
111011111111111111111111111
010101010101010101010101010
110110110110110110110110110
010101010101000100010101010
110111101111011110111101111
010100010100010100010100010
111111111011111111111111111
010101010101010101010101010
110110110110110110110110110
010101000101010100010101000
110111011111101111110111011
010100010100010100010100010
111111111111111011111111111
010101010101010101010101010
010110000110010110110100110
010101010101010101010101010
111111111111111111101111111
010100010100000100010100010
111111111111111111111011111
010101000101010100010101010
110110110110110110110110110
010101010101000101010101010
111111111111011111111111101
010100010100010100010100010
11
01010001011
00010001101
11110011100
00110110001
11101000111
11000111101
00010000010
01000100100
01000001011
00100010100
10010000011
22
1011101101111011010010
1111111000010101001001
0111001010000001100001
1100010000010011110011
0011000000011110111001
0011100010001101111110
1000010001000000011010
1101010001110000110010
1001011011111000010101
0110100100010000000001
1010100111000111100001
1110110000001110110111
0010010011101111100101
1111010101100011010000
0011011101110100001011
1100101011010100110111
1001010001100101001110
1000001001100110001011
1010010111001111001011
1001010011101100000001
0111010000011010110111
1001110000010100000101
13
0111101101001
1000010100001
1110110000101
1011001110010
1111001011101
0100110100011
1110011000010
1001000000110
0111110111111
1000111111110
0000111011101
1000001110111
1110010010000
37
1000010101100000100011010110111001101
1110010110100000110000100111100010010
1000110101101110100110001111010101011
0010000011010111110101011010100111011
0100001010000010000001111001100111111
0000101000001100100010111001110101110
0110011110100111110010100010010111111
0110100110001011101101011001011011001
0101010001010111010110110100010101101
1110101101011011101000001101101000100
1110010101010110101011100001000010001
0011010010110011000101111101001110111
1100100110010011000001000110000001110
1101110011101001000001000110000001111
0000001100100101100001010010100000100
0101000111011101010110100111010010111
0001011011110011100100101001011000100
1101010100000111011010100000001101000
1000111011110011011111100110001001110
1110000111100111101100000101000100001
1010110011001110010101111001100011001
0100110101000110000011110111010110101
1010010110010100011001010011010000011
1110100000011000111110000101110100011
0001001010011100001110010101101100000
1001100001001100011110101101111011001
1011110001111110101110010101111011111
0111010001001100010011111101100011110
0100100000100001010011000010001001001
1011100100001001100110110011110000111
0101011000100110111001000101011010111
1011010000101011110000001110111010110
0001000101101111100110011101011110011
0100000101110101100011100111111111101
1011001011001100110001111100101001000
0010001111110010001101100001101010001
1100101100111000110000101110100011000
21
111100001100011100110
001000011011101101001
000000100001010010111
110111000010010101001
100010010010101011010
101011001111101010010
011101100001110001101
111100011101000010111
100110001100101000001
100100101001000101110
111001011000010000010
101111110111001000111
001001001010011010101
100001011000000001110
111001110001000000111
011100110010100010111
011101001101101000111
111010010001111011000
100110100000101001010
111001011110100001000
010000101111010011100
17
01100001001010100
10010100001110100
11000111011001010
01101010001111101
01101011010010110
10101000011111111
01010000100011101
11001011010010001
01111110100000010
00000011100011100
00101001011110100
01100000011011010
00011011011110111
00110000010101101
00001101010001001
01011110110101110
00010001100000001
28
1101110000100100110111110110
0100010010011011100101110101
0000110101011000000100110111
1101111011000100111111001110
0100110100100000000100011011
1110001010000101100010011011
0010011011110110010101010011
1000111100011101000101000001
0010000100010010111010011001
1000010101101000011101001100
1011011100000100111111110101
1001010101010110111111010101
0101110100011100110100001101
1101001100001110100001000001
0000010011111110100110010100
1010001001100100010101100010
1010001101110111110101111010
1110101000011000000000111011
0011011010101001010001011100
0100010001011010011001010100
0100001000101100000100111111
1010111010110011100110111111
1011001111100100101010011001
0001111110010100111001101111
1000101011101111011011000111
1011001001011101010100110010
1100110000010011100011111011
0011010010111110001101001100
25
1011010101100000111010100
1001110100000000011000000
0101001010110111101000100
0000100111001000111010000
0111000101001110001001001
0100101110101001110100000
1110100101110011011111100
1000111010111111001101000
0110100100110011001110000
0010110101110000100001110
1010010110100000111000001
1100111001010110011110001
0010100011101101010101111
0011011011100010010110111
0011011010110101001110101
0001101111111101011001100
1011101100001001111010111
1011001110011000001100000
1101010100000010110000011
0001011000001110000010000
0110111100010001101000110
1110110011111011001100011
1100100111001110111011110
1101101100111001111010011
0000000111010000110111010
36
010101110110111001110011011001010001
111101110001011000001101010101011101
101011000011001100011010000011101001
000001010001000000101100010000001100
000101111111001110011010001010111110
001111110101010010011001110011111010
010110010111110111111010010011100110
100110011101000010101000010010001110
011100000000110101001100111110101110
010001100111000111000111011001101001
000010010011110011010101001101101001
110110100101111010011111110000011110
011111011000110000000011001010000101
011001011000110001001010010101100111
010110000100110010101110001010101000
000000001010101000000111110001100101
011011101111111101001011010100111100
111100100001011010110100001001001111
001011011010000010111000111011000000
111011000001101111111010110011100100
011110000001111011110000111100110011
010101000000100110100110111000100100
110000110111000100101110111011000000
101001000011010101010010001000111100
101000111101001110001111000001001111
110111010011000101000000010100001011
110000110000000011000001011001101110
101110010010111100000011111100110101
111101110100100110100010001000001001
001001010010010111111101111010011110
100111011101100111011010001111111011
110011110111010100110001011100011110
000110111010100010010101101001001110
000011110011111111011110110000000001
111110011100001110110010010001110111
111101010000101011011110011000110010
28
1101100011000001010100110110
0100110111100100011100000001
1111010110110110000011101000
0000111001011010000110011000
1100010110101101001110100110
1111111111110111000001001111
1010010100101101100110111110
0101110000011001111110101011
0011111000110100011100111010
1110100100111100111110101110
0101101101101011110111011110
0011100101110010101111000101
1100101010001001110110010100
0010111001111111110110110000
0000111001010111011010100010
1011100101010110111101000100
0000001001010001110101011110
1010011011111101111111101111
1111010000010010001000010000
1111000100011110101110001110
0101000111000010001000011000
1011000000000011011101100011
1010101110001000000100001001
0111100110010010100100111011
1010101011011001111100000011
0010011100100100100001100001
1001001110000111100111011000
1110100011011001101011001010
15
110100100010001
010010010101101
000101011101100
110011011000110
001010111100000
100111001001100
010010010000100
101000111100001
010000110101111
010111000101110
010110000100010
001110010010010
111010101011000
100010101101100
011000000101010
22
1111011000100000000101
1001011000001100110010
0010110010111111000110
0100011010111011010000
0001001001100101001101
1011111001111001111111
0011110110010011101000
0111001001110001100110
0001001010100111000010
0110011011011001100000
1010100110000011000110
1110010111000010001111
0111011000000101110110
1110100101110101110111
1101111110011010110001
0001101101110101000000
1001001001100100001100
1011001001111111111011
0011100101111110011000
1100001001101000000011
0010100011101101110000
1111011011000000000110
25
0011000001110011010010101
1101001011000011111000000
0110001111101111001100110
0000101010100000011110111
0101101010101011010110111
0110000101110101001011011
1010110111100111101100101
1001100000011101010010000
1110010011001000011110100
0100101000010110010010110
0111000110110011100001010
0100100101001111010110100
1101000101000000110111100
0100110000100010011010100
0011100111110101101011000
0110000000110100100110101
1101011101111111100000010
0011110111011110010100011
1101101111110000001001011
1101100100111100001011100
0011001011110010110110000
0010100110110010010001000
0100100101111110000101111
0001010001100011101010010
1100110000110111001101110
32
11100110100001001011010010111110
00001100100011101100001101001010
01011111000011101101100111101111
11010010100010011100011001001010
00111111100101010101001101100001
00100100000110001000010000010010
00001111000101111000111001110000
11011100001110111001100111110010
00110010111011111010110110101001
11001000000101101101101110000000
10110100110101111111110011110110
11101010001101111000110111010010
01000101111110110010101110110110
00111011000101010000000000010100
11000011000110101011011010001101
00011000010011111011010100011011
11100000001000000100100100100010
00100101010011001111010011101010
00100001100101110111110100000010
10100110000001101010010110000011
01101111110000001001011000000100
01001011000111100101100100100001
10110011110010001111111101010001
00101001011101110110011101110100
00111100000111110101100000010000
11101010101101000001111001011001
01110010110001010111000010100100
00000010011100000001110001101111
10011111010101100001010010101111
01101110111101000111111000001010
10100011001010000011000101010000
10000111100011110011000001110100
30
000110011010011011110000000010
111101101101010010111001010101
111011000000111010101000010101
101110100001111100111100100011
001110010101000010000000100010
001111100000000010100100011111
000000100010110010100110100100
100010101110001011001000011110
000011100100000100011000000011
010010001111111101100111010100
000111000010100100110001110111
110101110010111100110001111101
111101011100000101110101001101
101110001111011110010000001001
100101010100001010001110100111
100000000101011010011100110100
011001011101111001011100111100
010101011011100101000001011011
110011010010111100010110010110
101001010101111010111101001010
101100000111101111010001011001
111100101010111110101001100110
110101110001110100001100011110
000010010001110111000001111011
110010011010011101010100101011
110101110101110101101101101001
101000110001110001010001000010
000000110101101101010101101001
111011110100010001011000110110
111101111011000011111110011101
16
1111101011111100
0000011100011010
0011010110000100
0010100001110001
0101011001010001
0110011001001001
0010100110110101
1001101110100101
1110110101011001
1010000010111001
0010101110101110
0000010100100101
0110100110101000
1000111011000011
0001111001001100
1100011000000110
15
010000110010000
101101111110001
100111001100110
110011111110010
011111001010011
010100011101110
000101100011111
001110011100111
111101011110000
110110111000000
111011100010011
000100111111111
101101011000101
011010110001001
111111111011101
36
010010111011101110100001111110100010
000101100101000101110110111001111010
010010010111110101010110111101110011
100000101001011000000100111110100001
101111101001110110111100100000000101
011001000111100100110001101010111010
001010100100101011110100011010101000
001011001111111111010101001111011101
001111101001101001100000111100000100
000001000010000000001101001001010001
100111011110101110111011111010010101
110101001110100010100100110101100110
110110010111111110100101010001011000
001110001101001001000000111101110011
111000001010111101101011010100010110
000101000011010111111010000011001001
011010010110110100000111111100000101
000110101101001011010010001100110110
010000101001000001100111110110111111
010111001110001101101110101101011011
011010110010100010011111110011101000
010001000101111000000100110011001000
111001011110000101100000011001110011
111010100000010100001101110101000010
101001010101111000111001011010101010
100101111110110001010111011101001010
010101010101111010000011001100000100
100110011011011100001000110001011001
101011101001011001000101010011011011
001110010100010001110000001010111101
111101010000101101111011100101000000
000100010100100010000011000110011111
111001011100000111001000001111111001
001101011001000110100001101100000000
010111111100110000110000000001111011
111001111110011000101000111011101100
31
0101010100111110011101000001000
1100000000010001010111011000111
1111011001011110001111011011111
0111111111001100000111010011100
0011010010010101111100001011111
0010111000100011000101001101110
0111000110110100110100100101010
0010110010010101000011001101111
1101110001111100000110110100011
1011011110010101000010111111111
0000000000101110000001010000111
0000011101010101111101010011001
1100110100000110100010011000001
0111110110100010111010000100011
1000011000111010101000101110011
1010100101110100111010011000100
1111010101011111010111011001111
1011000011010001100110001000001
0000110010100111011011111001101
1011000111000011010000001011011
0010101010001001000101101001010
1000000101101011011111000011010
1001011010101101100100000110101
1001010000101000011000111010100
0101110001011101110110100101100
1011100000100100101101101011011
0101001101001100101101011101110
0010100000100011010000000110111
1110101000111101110110111110110
0010000010101110100111111111010
1001000001110101001101110001000
36
001001011000101010000101101010001101
010111000100101000111101101101100010
100000001001101000011100110110000010
110001001010110111101011100111010000
110011111010100101010001010101010101
011000000000010001011100000010010101
110101100011100001110001110100000001
111100010001101011111011010100011111
000110010001010111001100011001101110
011000000010110001000000001000000100
111011100110000001111000100000011100
011100111011100101111010011110111001
110010101001100000000000101001100000
101110111001110100100001010111011110
010000000110001100000000000100001100
010101110011001111010111010010111100
011000011101100010101001000000100000
100010000110111111010100010101101000
010000011100101101011111001010100101
101000000010000010100100010101101011
011010001000101111001110111111100011
000110100001101001001110010101111100
101100001010100101010001100110010101
101010011000001110100101010110010100
010000110111101001010100011110111000
000010111110010101000010011001111011
000100100010010000101111100101100110
010100010010111110011001111001000100
110110101101011111110110010100101110
100010100111110101000011000110111101
010110001111111000000110000011011001
010010001011111011001110100001001111
001010010110101001100010111000110100
001000001001111110100110001000010011
011001000001100101000001001011100011
110001001100100100000010111001111011
37
1100010101010000100010000000010101010
0011000100100001100100101111010000111
1100000010010110000101011110110010101
1001101001000011000010001110101000111
1110001011100010110110111010111100100
0001101111101010000101001011101000101
1010100000000100111010011010110100111
0010101000110000001010110110001000011
1100100010011001000011010010011111011
1010001101001011000010000011111100101
1110001101010011100001110100010000111
1110010000011100111000111000110110110
0111100100111110101001010000110110100
1110101101101010110100011010010111110
1011111001011001000010100111111111001
1010001000110111001101100010010011101
1011000011101100110010001101001101011
0111000010111011100101110001101000001
1001010011010111100000100000011100100
1000101000011010000001111111100110000
0100010011101100011011110111001011000
1110110100010111000110010011000010000
0000010101001000000010110111011011010
0101011011111101111110001011111111110
1110110110011001001011100110100101111
0101100111010100000011011010000011011
0001111001110011111100100001100011001
0001000100110100000001011101001011010
1001001100100100110000111101000001011
0110000111110110111010110011011110001
0010001011011101000011111001011010101
1101000000001011000100110001100000111
0000100110011101110011111110011000101
1000001011010001000001110110010101010
0111110011011001101111111001111011101
0001011100100011111000110000110111111
1101000001001111000011011101001111100
32
11100110100010001001010100111010
10100111001010001100110000111000
11100001111111110101000000011000
00001110000000010100100101110000
11001101110010001101101111001000
11100010111100010111101001101101
11101100101110111101011100001110
10000000111111010110010011001010
01111111000010110011011101101010
00100111010001010000100011000111
10110000100111010000111000011010
01001010100100000001110100010110
10101100011101100011010100110110
11011010011111001100010000011011
11010001100010010110110010001111
10111010011110000111001010001101
10101010011110010001101001111001
01011000101101011000110000010111
11111001110011101010011010011001
11111100010100010011100111100010
00101010000000100111101001101000
11001110010111001101001000010001
11110110110111011000100100010010
11000101100110111000101001110111
01100100110000111010110001111101
00011100000101110000010111000110
11000111001100000101111010111111
01111011011010111111001101100010
00110111010110010110101001110001
01111011100011011000111001001100
00011100110000001110011110000000
00101101101011101010110100101100
10
0101111101
0000101100
0011000000
1100010101
0111011010
0101011000
0111000010
1111110000
1011100101
0110011101
16
0111000001001110
1010110000100001
0111110010010010
1001011001111111
0000110110011111
0000010100101010
1111001011010111
0011110001010011
1111010110100100
0111000101100111
0011001011001010
0010001010010101
1111000100100101
1011110011000110
0011000000010111
0000011000110011
23
01010001010101000101010
10111111111111111111111
01010001010001000001010
11101111111111111111111
01010101010101010101010
01011011010001001010011
01010101010101010001010
11111110111111111111111
01010001010001010001010
11111111101111111111111
01010001010101000101010
11011011011011011011011
01010001010101010100010
11111111111110111111111
01010001010001010001010
01011011110111101111011
01010101010101010101010
11011001011011011011011
01010101010101010101010
11111011111101111110111
01010001010001000001010
11111111111111111111101
01010101010101010101010
28
0001000011011000010001110011
1001100000011010100011110111
0011100001110111110001011100
1010010110000101111110101011
1001010010100000111100110001
1110111001011101001101000101
0011001111111011100001101110
1100010000001000111111001110
1101101011111101011001100010
1011100000000110001010011010
1010100000110111100001001011
1010111001000101101111001010
0111101100010101101001011111
1011101010111000001111101000
1011101100111001110000011001
0110000010110100101110101010
1010011110110000011000000001
1100111100111111000100110100
1000111101010101011000001011
0001000101100001111111110000
0101101001100111011101101000
1110011111010011000001110011
1000001110101101011110100000
0010000011010110000010010001
0010101001001010010010111100
0101000010110010000100110110
1111111001100010100010001110
0000111011001010000111110101
11
11000010110
00101111000
11111011011
01001000100
10101011101
01100101101
10100010110
10011001110
00111001010
10011000111
01100011100
25
0010010100001101100100101
1111101100111101100110000
0001100101010110010010010
0110010000111100101111100
0110001011000010101110010
1010100101111100101100100
0011111001111111001111100
1001010100000000000101101
0110010001011000111000010
0001011001011110100000011
1000010111101010110000010
0000011101010001101101111
1010001011011001111101111
0101111110110010100111100
1101111001000001100011101
1000110111110000101110001
0001010010110111100001001
0001100011110001010011101
0000000101101011110001011
0101111100011101101010000
1010100100110011011101111
0001111111010111010110011
1010100101011110000010101
1101010101100011101101110
1111111101101101101101100
40
0000110100101001010010111111001110010001
0011101110011001100110110001001010011010
0011011101100101101100111101101001000100
1111101100111111010100000111001100110000
0111100011011101010100010100000010010000
1001110000100100101110100110111110011110
1101110011101110000111100011111111101100
0010000101111100000011010111100100011101
0110001001001101100111010100011001101001
0010110101110111110011001011011101011101
0011111111111001000110000010110010000001
0110110010001001110011000110010100000100
1000000010000100010000110011010101000101
0101110100110111100000010100000011010111
0101111101001001111111010110010010110000
1101001110010100001100011001001010100100
0100100101111001011100001001110111101011
1011000000111001101110011100110111111100
0010101010001101010110001011001001100010
0110110101001100001000001011111010110001
0100001010100011010110101000011111010001
1000101000110011111101111011011000001110
0000001101111011110000000111100110100000
1000100110110110011100111110110110100001
0001010110110101100001110010000100011001
0000011011100110001000010111011111000010
0101011000011111101010000111011010010100
0111111000100001010100000101110110111010
0011001111000110111110000100111100010101
0010100000101101001101000010110111001000
1001101100011000010110010010010110001001
1001010100101110110000000010101101100011
0000001100011110011111001011101101101110
0111011011011110001110011001001011010011
1010001010000101101001110011001011101101
0011100001101110111100110011110011011011
0001000010000001111010100001111110111000
1111011101001001100110010111111011010011
1110000111111101010101011001011101100011
1111000101011110000001100011111011011011
17
00011100101100111
11011111000111111
11010011100101101
10001001111011111
01110100011000001
11100111101000001
10011100001111101
10101111010010010
10101001100011000
00000001101011011
01111011010011000
01011100001000001
10010110000001000
00101001000010100
11000100011000011
01111101011101101
00111001000110111
36
011100010111101010000011101101010010
011011110000101011110101110001110110
011010001001111011111101001110000001
000011110010101110111001010100010110
100100010101010011111101001111011010
011110101011001110101011011101011100
001100001000101111111010100001011110
011101011100001001000000110101000010
010110100101100101000101000101100011
111011010001110111010111110011101110
110000011101111010111111011110011111
001011011100001011101111111000010110
111111111111101100000000001011011111
111011000110011110000101011000100001
100000111101101100110000100111100100
100100101101100110101110000001110001
101101000001110011011001100101010000
000111101000011000010000100101010100
011111111111000111101001110110011111
101110011011101110010011001000100010
111001101010110000011110110111011111
010011010011110011010010000011110011
100111111011011000001111011111000110
010101110110101001001110011011111101
000000101101011011101000101011111000
101010011101111001100011100101010101
100100010000100011000001011000110110
100100101010001110011001111110001010
100011111011010111100010000101010001
001110011110000001111001010010010000
010010000011101110100000010000010100
100011001001000000010100000100011011
010000100111000011011001101100101111
000001010100111010000100100001000011
001000001001110101000011011111100100
011110001101001001100011100011000000
11
00111110111
10000101100
11110110011
10100110000
10111000011
00100100101
00101110011
10111011010
10101011100
00110101000
11101011100
18
011100001010001011
000001000111101110
011001110101011000
111100011000100001
011101011010100010
111110111000011001
111011011001011111
011000010000101010
001000011110101111
101110000001010000
101010001100110111
000011001001001010
010100111001100001
001111110100111011
000101111100100110
011111110111010001
001101101101101001
001011011110010000
39
111101111011011101000000100011001011111
010011100101100011011000010111000001110
100001010110111001000010000110001011011
010101001101111010110101110101000000011
011100011110011011000010111011000111001
111000100010111110000100001011110011100
101001111010000101100000101110010101110
111111011100111011111010001111001100110
001010101001101101000110101110011001001
001111011101001101011100111000101101110
010111001000101010110110111110001001000
010011000101100001000001110001011111100
011011110000111110011110111110111011010
100001010101000110110100001011100010010
000001100010110110100001100010111000100
101000001111011001101010100111101000000
110110001101001001001100111110011101010
100010111000111000100001111001011011011
110000001101010110011011111010001001010
100100110101101010101111010100111000111
110001111111000100000010000010111010101
000100110110000000010011101101000000101
111101110100001100110110011001111000110
100001010010101010011001011101110010001
110111001001001010101011101000101111111
001000101011110000010101101110011100111
100110000011101111101000100111010001111
001110000011111101110100000000100010001
000100101111010000100111001101100001001
010001100011111110101100001011110010000
101001100001101011101000001001111101110
001010001011001101011011010110110101001
101001110000010101010110010110110000101
010110000101000001000000111011110110110
111000101000010001010010010010000001101
110011101011011000100100111001110010110
110001011101001011010100111101011111000
011111111011011111011110011101001010010
110001010010111100001110110101000110111
11
00100000101
10011111111
00000100100
01111110101
10010011110
10111000011
00010110010
00110111010
00000001010
10110001110
00110000000
37
1000101000000101110111101101001110110
1111000000100011001100001010010111101
0111100111001110100110110100011010001
0000000001110111010000101010101101111
1001100101010111000111001110011110000
1101010000111011110110111000101000110
0100111001111111110100000101111001001
1011010000100100101011100011011111011
1101100100110110011001000011000100110
0110010010100001101001001110110111101
1011111001111101110011000111100010111
0000011000110011110100111001011101000
1010101001111000100111000000101001110
0010000111101011001110001100110001110
0110110110011110101101100011101100001
0111110111011001101111101011111001010
1101100101000010001001111101111111011
0011101111110010110011010000010101110
1110111010110100011000100110100000100
1000110101110001111100010100010101000
0010001101101110110101000010111111010
1111000100010100011011101100001110010
1101110011010010101011000100000000011
1100000011010000000100010010011111100
1000000000011110111001001111110000100
0011111100001001000000100000010111111
1110011000011110010010111000100100000
1101001000001110100111101011001101000
0110110001001110111011110011101110111
0000001100001100101000100111110110110
1011011101010100110011100011010100001
0011000011110010010101011001010001001
1100001111001110000101010001110110111
0100100111110111001101000111001111000
0001110111111101110001101111110010100
0111110001010000010100011111011101111
1011001000100110000100011001110100001
12
001101111010
001110111101
001101001101
010001010010
110110111111
010000100010
001110011101
110111111111
010000101000
100011100000
001101010101
110000010010
24
100001000100010000010010
011100011001011111001011
110000110011110100011100
010011100101000010111001
100101010110010000100001
010011110110100001011111
100100111001100001001000
000101011100011001010111
101101001001001000101010
000100110000010010101100
110000100001101011010110
010001000101010101101010
001100111011110011110011
101011000100100001111101
111000101110111111000010
011001110000101110010011
000100011100000101001100
110100010101000010001110
011010001011100001001110
010000110001010101100111
000011101001000111111100
011100010010000000000111
101001000100110100001001
011000101000110011011101
13
0000101011101
1000101100111
1111100111100
1000111100001
0100111010111
1010110001011
1101010110010
1000111101100
0101100010100
1111111000100
0000011100011
1101110010010
1100111101100
17
11100101001101110
11100100010101100
11110010000010010
10111011110100110
11011111010000010
01010000000100110
01000110010100011
11010101001110110
00000001101000111
01011001000100001
11111011011001111
00000010011001011
01100010000101101
11110101111000101
11010011101100011
11000110010010001
00010101001111111
25
1011111000111000100011101
0101100101010111100000000
0010001001010001011110011
0101000000011010010100101
1010100011011111100010100
1000010100011101010100000
1000001111111111001100010
0001000011001011101111000
1011100111001110101010001
0100000011101001001111011
1011011000111101111011000
0010001101011111101101100
0110100110000001000001101
1000110000001000001111011
1000111001111001100011001
0011010001001110010011010
1110101101000110101001000
1111111101000100010011110
0011110111010000001010001
0010011110010000011000000
1101000111100110111111100
0001100011101001110110101
0001111111001010010001010
1010100111011001111010011
1111000001010100110111101
39
101100100110010011011001111000010101101
101110111000101101011010111111110011101
000110011011001110110000110111010000010
101100000111100010000110100101001011101
100101110110101100001001101000010010010
010010110001101011110001101100101101110
010111011010010110110101011011011111001
111010000000010011001000111000100101101
000110010010001100100011010101110100100
111111101110010101101101110000011000000
011011111000101100111110010000100001010
110110101001111101000000101111010100001
011000100011101011001001110111101010100
011111001010000000000100010110100101011
010010010001000100101010110000100111100
110110000110010010010111011100111001010
011110111100011000000011101010110101101
000100010101011110000111000011111001100
011011000010001101001010110110100001110
110011100011110111010110111001001100011
010111010101110010000111101101110010111
100010011010110110101011000010110111011
110100101001100101001000011000101110101
100101010101000011101010101001111100101
000000101110101110111100011001111000011
001111011010011111010110000001000000011
001101110011100110110111110001100000110
100110010110001010110010110111100110101
111001110110011011010011010100001010011
101010010110110111100010101001010101010
111010101000110111100100010000000111101
101001110001100000001010001111001000111
000010111001011100001100000110010000011
111100111011011001100010000001111100011
111000111111011101110010111000010101001
001110110100001010111010011101111100010
111110111100110000110100111001010100011
011001011001110001110110000101001010111
110011010010011111100101010001001110101
28
1011001101100110111110001011
1000110000101111000100111011
0100110000011001001001100110
1101011101110011010011000000
1101100000001010010010111011
1001001111111001000000011111
1001101011110011010010101001
1101101000000111111111011010
0101000001111011110110110110
1111001100101110110111101011
1111011001100101011101000111
1010111100001010101011000010
1111101000110111001000011011
1111001011101001101101111101
0001111010001100000010011110
0101010001001111101110111100
0000101010100010111110000100
0010101101010101111000000100
1010101010011111000110110010
1000001011110010101101010111
0111000100001001001000010011
0010011011011010001100111110
0111000110111100010111111100
1101001000000111110100011001
1101010111110011001101000011
0010010001111111010011011101
0000111011001011111010011000
0110000111011110010100001110
16
0100010110111110
0010110001011111
0110000000110100
0010101011111011
0110100111100011
0010100001111110
1111010100101101
1001010101010001
0001100101101100
0011011111111101
0010101111010000
1101000101000000
0000100010110011
0111010001010011
1010010100010000
1110101110100001
21
010010011010000101001
101100001101111100001
011101010101100000101
011100111000111101001
101010110110010111111
110100010101000001100
100010111101011111110
000010100110001010000
111010100100001001000
100101001011001011111
000011100101010111000
000100101011011111000
101101100101000110100
111011001010101000001
101010011011010110110
100000111000110011000
001101100110100111000
010100100000011010101
011101011111000001100
101011000101000111010
101110000111010101010
23
11011101101011011010100
01000101010101110000011
00000100110111000100110
00101010010011111000011
00000010101011010011010
11010110010111000110001
00001110010100101001101
00101001010100010000001
01001011110001000101111
11000100000100110001001
00100010101010110100100
11010101110000010110000
01000100001010010100100
00010111001111001110110
00101000010000000001001
01000110011100010110010
11011110111111101010100
01010101110000010111000
01111100110000111001011
00110011110101110011001
10010111111001100011100
10011101101001101101101
11110110011001000110110
36
110100101001111110000010110101101000
110001010111011100000111101000111101
001101011000001010101110111110110101
000100110001010100110000110010110000
110011001010101100011101010010001010
111100001000011110001110101001100111
101010111110101000100001010110011000
000100111101010110001000100010110000
100010111101000100101010111011111110
010100101010000000001000100001111111
110100001011011001101010111110111110
110001011111110001010011011000010100
001101011000110100010110111001001001
101100011001100100010011000101010101
100000000010000010000111000000000111
111110111000000011000001011100101110
100100010111000100000101000000000000
011011000000110110001000110001000110
110100100001100000011111011001101001
011101010010001111101101101101101111
101100000100100000001010001111100101
110010000010110000001101010101001000
010011011101000101000101010011001110
110001111010101111001111100011100001
111010101111111001101100011010011000
010110000001110000001110111110101011
100101101001000110000111100010100000
011111101111011011011101100101000111
100111100000011110100101000011000111
101100111100010111000111100011100111
111111100101101111111011110110001110
111000110101001110101011111100011000
011000110101101000110011111001100001
101101110000011101100101110110110011
111110001111100111111010111001101101
011000000011111110001001101100100100
40
0110011001110000100111010101010011100010
1011101110110101001111111111000000110110
0100000110011010110101011110001010011111
0011101100100001010000010101111001100111
1010111101010110011110001001000001011001
0110110111000010011100100110011111101110
1101100111001111100110101011100110100001
1000111001000100000100010000010100000110
1111101101010011001011101000111100111000
0000001111000011001000001000001100110101
1000111011101100111010010111001001111010
0111100100111010111010011000100010101111
1101001111010001010010010100110110100100
0001011010011010111111011000100110010000
1100001101111010001110101100110101011011
0101010011111100011100001100101010110001
1101001011101011100001010010110101111011
1001010011100000101001010111100111111001
0011001101111001110001011100011100000111
1100101100011111011110101010000010110111
0101100101001000110101101000011010010010
0000111111101111011101000001001010110110
0111101111110111100100110110111010110110
1101111001111001011100101100111110110011
1000000010011111111011010100010100110000
1011100100110011101111011011110100110101
1111000110110101011100100101011010111001
0000101110001011010101010001001110110011
1100101011110000011010000111011001001001
1001100110001000110100100000000011011011
0010011111110101001011101000100100110110
1001111001101101001010111110111110110110
1000111101111010101110001000100100110111
1001010001000100011111010001010011100001
0010101000010100010001111101101110101100
1000100100011010110001101110110110101110
1101000101001101101110111101101100110010
0011000000101110001101100010000000000101
0101000101001011000100000111011000111011
0110010001111100000010001011010101101101
14
10101110111000
01001100000000
11101010101000
01010011111001
11010100001101
11100110101100
11011001010111
00110001100011
10110100101110
11000010010001
11001101001011
00101101001010
10011110101101
00010100101001
29
11011001111100011000011100111
00001101111101101101011000110
00100100001100111001000011011
10110010111111011101111010110
11111000101000110001111100101
10111100101100000001101110010
01101110101001110010110110100
11010010110100000000100111101
01010011101101111001000011101
00011001010111011010100101001
00110111000010100001010000010
01111110111010111001010110011
11000011110010010101000111000
10111111101000000000100101111
01100110111110110001100100100
01110001101100010011100010100
00100000001100001101100001000
01001010001000001001010101001
10111000111100010100111111110
10010000010101100011110101101
11000010101010011001100010000
10010001001101010010101101111
01110111111111011101010111110
11101100111010111110001011110
01011100110100001000111000111
11110011111100010001011100010
11000111110010100101111000100
01110110101010111001000111010
01011010100100001101100011110
29
00101001010011101100110111011
01100111100000100010010000100
01111100010010011000110010001
00000111101000100000001011110
11100111110001111111110101000
00001110001110110110110001110
10001100010110011011010001010
00101110011110000110011010111
11111001111101100111101010111
11101000100111110001000100010
11101111011110010011111001010
10100011011011100010000000101
11110111111111101110011111000
11110001100000001011011100001
11000000010111110111101001110
00011100101001110010011010111
11111101100101100110110101100
01010100100100110011101101010
01000101100000011011001000011
00010110001011001110100000101
00110110101111100110011000010
00001101010000110110111101010
10010000001011101110111110011
01111100010010001101011000111
00101001010110111110100001110
00110010111001000011010111000
01000010101101110000111100010
00100010001000111010011011101
01000001011100101010001111001
39
000000010001001011101011101010100100010
000010110001001000110111011110001001111
011001011111011110101000111010011011011
001000010011011001101010010100111011000
001100011001110001100111111101101100010
101010111001011101011011010101110110111
111010111111001100100101110000001100000
000110100001110011111001010101101001101
101100111010010100100010000000110110011
100000110001011100111001100001110011101
011101010010110010110001000100010111011
110100000001100000000110100000011101111
101101000001011001111110001001100000010
111001011001000101101011110110011110111
001101101101111011100001101111000001000
111001110000100010111101011101101001101
111000000101011011110100111000000100000
100001000011011100100000100000101010001
100000011100011100010110110010001000010
100101101010011110001101011101000000110
000001101100100011000011010101011100110
110110000001010111000010100000101010011
010111011100000110011001110100001011011
010001011101001000011111011001100010000
000011010110000100101010110110101001000
011001110011110000000111101011111110001
100101000001101100000000110001101110010
000000111001110010001101100111001001000
011000010101101101000010111011101000011
000110111000101010101100100000110001011
001110010100110101010110111001000001010
100001111011011111000001011101100111110
000110001001101111011011100100010111001
111011010001111010011000100100010011110
100000101010101001011100100101111001100
000000011001100011000001110000110100101
111101000101010010100111110001000010110
010110111110000110000000110111010011111
111001010111100000101110011000001110100
38
00010001010111100010010111110010111000
11110001000101001110111110110110100001
10101111011101011011000100011101000010
00110011111101111101101000101101001000
10100110100001100001100011010001111001
11110000100001011101100011100100100011
10001111111001101010000110000100011010
01100110011111010111001100011100111010
10000001100110101110010101000110001011
11010101101011011111101110000001011110
10100011101110110010001101111101011010
11010110001100011111101011011011011010
00000010101011110011000010100100100101
10101001010000010111000010001001001010
00101101101110011010111001100100000110
10101010010111110000010101011110110101
00000110110011101000000100110111000101
01001000110010101100011000001111111101
11111110110100010100100011010001101011
11000011111011100101001110101101011000
01100111001101101011110011100000111101
00100001000100001101010100001110100000
11001101111001001001000000000000111011
10001110010100110001100000100000101100
01111101000100010101011100010111000000
00100101011111010001010010011110101111
00010111010000101011110100000101110000
10111011111101000010110011111101000001
00110100111101011111101011001010110010
00110111100001100100011000000100101110
01010010001101000011100110101110000111
11011000111100110101000100111011001100
11111110010001011000101001101111101011
10110000001111101100001101000111110000
01001011111101011101001001101101101101
11100110111111111001011000010001110111
01001001111010010111101001000000110001
11011110001001101000100000110111100011
28
0001010101110000000111011011
1011111111111101101110011010
1000100111101111000011000001
1100100110001010001111110011
1001010001111011010001011011
0001011110010000111110101110
0000110010010111110000111101
0000110110011011000110111111
0011011010010111110000100110
0011010011101111101101001111
1001100000101100100110011001
1111100010000100010101001110
1010001110100011011000010110
1001000011011001110100000111
1011101100001110111011110001
0100101010101100000010011111
1011001000010111001001100110
1000010000011011010110011000
0000000100001100110100010010
0110001001010100000001110101
1110000111011100111110001100
1011111100000000011011101101
1101010110100101110001111001
1010010110100011100110110001
1011110101101111101011000011
0110111011110011010011111111
1001011101000010100110101110
0011100101111000010000011111
24
111000000101001110100100
111101001110000010111100
110111111100111101111010
000011100011010101000100
011000111010001110101010
110111111000100010110011
110010111101000110000110
010000010111101101111001
010000100000001111111111
000101001011101001001000
010110011011111110110110
010101100100101100110100
111110100111111111101010
011000111000100001101001
111101000010011100110001
100101010001001100101111
111000010001100011010111
110000000111100001011110
001000000001111010011101
111100101101011101111001
111110000100101011100100
000111110111101100111100
001100011011110000000111
011100111100101010010010
12
011111100000
111011101010
000111000100
101110100011
110110000100
111011110100
100001010011
011110110111
010100000101
000100100101
110011001111
100111010110
24
011011010011101001010001
011011111001111100010100
000000110110101001101111
110011100001010011110110
000110101000010100101110
101100011101111011100110
010000101111111101000101
000110110001000111010001
111110011111011101010101
000111010101110110011111
011110100000110000110100
011101111001011101001011
000010111010001101110101
110010100011101110000011
110011111011010010001110
011110000001110100011101
011011011101001101001010
001000010011100111011101
110101010011011011000111
110111110101011110101001
010010010000100010110101
110110011100011011011011
101111100110011010000001
000111011101101110110011
29
10011110000000111000000010010
01000001101010000100100100001
00101010110001101010101111100
11110000111000101100011000101
10001111000101000111010110000
10111011101100100011101110111
10100101111100100000110001010
00000110101110101011100001001
00010101010110011010110011111
01100101010001011010000111010
10101000001001100011100100100
11111011011111111010000101010
00100101010011001000110110101
01110111101110100111101010000
00000000010110010100111011010
00001001110001000101110100010
11110011010010101100001010111
10010101101010010010001110110
00010111110100000100111100001
11001000100100101000010101000
10010000001001001000010110000
11001000001010100011000011100
00011101101011110000100110001
11100011100011011110000100011
11001101111011101010001101101
10111111010010001000111111011
01111011011000110011010011000
00110011101011101010111011000
11001000001001001010110001110
31
0000011011100010010011110110010
0111101011011001101100100000010
1110110100110010011110101010100
1110111011010101010111110010010
0011000000000111100100001001000
1001100100111010001110000101010
1110111110000110001111101000000
1101100001001111111100100100100
1001011110100010111111101000001
0110111101111100001111011000100
1100010101100101000000101010100
1000101001000010010100110010001
0001101011011001111011000010111
1100111101010111001010000101111
0001001000000011010011011111110
0011101011111110100001001010110
0011101100011101011111101001110
1001000010000000110110000100100
1111101010000111001000100011001
0110001110110101101101101101011
1100001001111101101111000011011
1000011100010010000010100011011
0000101101010100010001100101101
0101000000000111111001101000001
0100011010010010000110010111011
1011010001000101110110110000111
0011101011111101001100110111101
1000111011111111111110011011110
1101101000100010110011000011100
0110011111101000100101110101001
1110010011111010101100001111011
14
00100010101101
01111011010000
00110110110011
10000111111011
01010101001100
11101101000011
01000000101110
01011110000100
10000010100111
00001010000010
11001011100011
10100100000101
00100110100011
11101000011101
22
0100011110010010000011
0100110101100010010010
0000101110101111011100
1111110001100111010001
0000111000010011001100
1101010011111011101010
1011000000110010100000
0100000011000001001011
1101110001111110011101
0101001001011110011110
1011011110000111111100
0001000000100111001110
1101001010111011110111
1000010011101100111010
1000000111010100011010
1101110001100001000010
0100000011000111001110
1111110111001100000111
0100000111100011001010
1011010110100010011001
0101110011100000010010
1111011101010011110111
15
000010010001011
100101011101101
101011011100101
000011000000011
000100011011010
010110100101011
101110111100101
001001111110001
100010111010100
101111110111010
110111111000011
011011101111101
010111000100111
110101000110010
000101111101111
24
100011110100010111011110
011001001100101001111111
000001010111101011000111
001111101101101101111000
011101000101111011100010
011110111010111010100111
110110010000011101101010
100110101000110010000110
100010000111000010001011
000100101001100111011110
011110011000100011110110
000111000001100101100100
010100010011000100011011
110010000011000111110011
011110100011000001001010
001011110011111011101100
100000101011011100100000
111101101110001001100110
010000001100011101011001
010011001101110001010011
111101111110100100011011
010011100000011011001001
111000111111001000111000
000001111111011000100111
40
0001110111100100000000101110110011110110
1000111100100101110110001000011010100110
0111011100011101011011011000010001000101
0000011111000011111001000000110111110100
0001100111000110110011011000000101011000
0001000111000110000010001101100000001000
1001111010100100000001111101000011101000
1001001110010001010011100101101000110110
0001101010011001101010010110001101101001
0111011001010000110000000010011010011010
0011011100100100000110001011110010110111
0111011011001110110011100101011100001000
0100111100000011011001111000010111000110
0110100010011111011101111010101000000010
0010100111111000000111011001010100111110
1110100101000111111001100111101000111111
0010100001110001100000100111011111111110
0001001010000110011000111010011000001111
0000110000000101000010111001100100001101
1001100010100101010011000001100100010001
0100010101110100001011000010100101100001
0110001111000101110000100011011101011110
0010101100000001100000011101001000111010
1110101110110111110111000001010100011110
0000101000110111010000110101111001110011
1010111011110110010001010100101111110100
1000010101010001011010100101011011010001
1110100111111101010011101000010010011001
0111001100110110010100011100110000001000
1110001010010001101101101110001000000001
0000001000111011101010110001100100110000
0001000111010011001100111101100011101110
0001010101010010010000111001010001100111
1100101101010010010001001010111101100100
0011111110011000000101101100001111101110
1101010010100010001110011111111010000001
1100001111010100111111011111110010101101
0010010001100000000101001010100000010101
1101010001010000100011110011011011100101
1010010000010101011001011110010000010000
14
00010101000110
11001000110111
10111010011110
10111000000000
11100111110100
01011101001000
00010011000100
00100010001010
11001111101001
01110100011101
00111010010011
01101010011111
11010010001010
00001110110000
23
11001111100110110100000
10111011100000101011111
00100111111101010001100
11100100100100011100011
01000010111101100010000
01010111110000110001101
00101110101011100110111
11011010011000110100100
10101010111101001100101
11000111111101011010110
10011011010110001001101
01101101001100001011111
01100101000101000110100
01001100110001000101001
11010101101011101000111
01011010011110011001000
01000110100011101000100
11100111011001100111100
01011100001111101101001
11101101100001101101011
10011000011001100100001
01001101000011101011110
11001111111010011001101
14
10000000011111
10011101011111
01111100111100
10000011011010
10000111110001
00001010010101
00001100111000
11000111000010
10011010110111
11111111010011
11101000001100
00010110011100
01011011010100
11110101010001
32
00110101001010101011110010000111
10010101000111101100100101010110
01011001011111010101100001000001
00010011011111100011100110010011
01110011111101111011110101001010
00011010010100001010111000001011
10111100101110100001110101111010
10100001110100011011011110001100
00100101011001111101100101011110
00111001111100111010101000101001
01011111100110110011101110011011
01011011100000111011010011010001
11011100111110001000011110010100
00110000100111000101111001000111
11000101000101111110001010101110
11100010100001000111111110110111
10010100100110100100100000110000
11101001001110100000000110101000
00100011101101010011100000110101
00000100111101111111110110100110
00100111011011111000010110010110
11100111110010100000101101000111
01110111011101100001011101100100
00111001100011001101101101110001
00101001110010010000110111100000
10111010111110001011011000110111
11111010011110111100101111001111
10001101100011100000111101100010
01111110101111011010011111001110
00111011010100010000110010101011
00001010111010011010111101001110
01111001001110010011100000110111
33
010111111110010101010100011100100
100101101010010011011101111101000
110011110110101100000010101101011
101010000111101110101111011100100
111101100010110110011011010101010
000011100111010000010000100000011
000111011110111100010110100111110
111001011011101111001101111110110
010101000100001101011100111110100
100000110000110111110111101110101
100101001110000111000101001111101
101010001001001011110111000100011
011010001010100100101111111101110
011011100010001101101010100111011
001010101101110111000101100011011
110111001000111101111111001111000
101001110011110101100110110100101
110001000011010101101011101110111
100001100011000111001000000000101
100001010011001111100110011100101
111010110111110010101010010001000
010101000101010001101100111001011
111110000011001010100000000111111
001010010100001000001111100101000
001101001101011001011000010001100
001001010010111101010100111110100
101111101011101110110111010000111
100111100001011001001110011110110
100101011110101011001100110100100
010110111011100101111010111010011
110010011110100110101000111111101
110100101111110000110011001010101
111000101010111110010100100111001
13
1001010011011
0001101101111
1101101011111
1110110001011
1011101101110
0010101101000
0010010100101
1010101110100
1011001100011
0010100101001
0101101101011
0011111010000
1101011010010
10
0010100101
0011000110
1111101001
0101000100
0111010011
0001100100
1110100100
0001100110
1000000001
1110001110
20
11010000001101011100
10000010100111101011
11011010001101101011
00010000010001111001
11111010100110111000
10001111010000111100
10110101100001001010
00110010101011101110
10111011011011000100
01100001100110010001
10101000011111000011
11010101100100001111
10101110000010111110
10011101111111000110
11010001101101101110
00111011110111000010
01100100011110000100
00010001100010111101
00100100011011110000
00010001100111111010
40
1100000001001010100111000000111010001100
1101101111110001010011111110010101101100
0011111001111000111000110101011100000011
1110000110011100001000001101000011010011
1111000011011011011101011111010000011100
0000100000011001000111000101010000110011
0111100111110100011111010000001101001010
1001110111111001100001110010001011101100
1100000001010001110101010001010100100100
1010110110001001101100001011111011100111
1000100101110100100100111101000100001001
1110010101111010111100011101011010110101
0010110101001110100100100001101000110101
0001001001110110111001100100000000000000
1111111101001101111111000100011111001101
1111001100111010001010011000111011001011
1010001101001001100010011101001111001010
0111101010010011100111000000001000000111
0011110111100011001010100110111001011110
0111010100010000111110010100000010101100
1101010000111111011100001110001100101000
0111111100011111111101100011111111110011
0110100001101001010000111011010011100101
0101110011010101010110111011001000011100
0000100110010010001000010101111001011010
1000100111000011011110101110100011100001
1010011000101110100110101010011010000100
0001000111001100101011101110001111101100
0011100010000101100100010010111111100110
1101110111011111011110010111001010110110
0010111110011111010010101010110011100011
0101010000010100010001010010110101010101
1110111111100011100001010011111100000111
0011010000011101000010001101110111001110
0001000111000000100010011011011010010110
0100011001101101011001010000000011001000
1111110011100001000100011001100000001001
1110010110001011111001001110000010001111
0110110000110011110001101000000100001011
1010111111010010110110110110101101011101
32
10010000000001000010011010000111
00101101110101010110001100100000
00111010001101101110110110010101
10110101100111100011000110010100
10000000101011101011000111111111
10110011011001011011011100101110
01101001101110110010010011011111
10101000001000000000000101100011
11011011111011101000011000110000
01000011110111100110010101111010
01011111011001001101111001110010
00101010010011001100110001011110
01000100011111001000101011001000
01010010010001000111100110100010
11000001101111100000100100000100
10100000100110011001111111010110
10101101000001110010110000011010
00100110100111001001101101110001
01001010100001000111000010000110
11001001100110011100110010111101
00001100110000110001100011000000
11011010100011001011100100011011
10011111011110111111001010010010
00001111000110001000101110011000
01010101111011101100110010110100
10100001010101101000111100001111
00010010000110100010111110001100
10100111111001010111110101110001
10111010111101010000111011111111
10100001001000001100101111000001
01010101100111011011011110000110
00001110001110011110110110000101
37
1111110110111111010001100000011010000
1010000011100000111101100000101000110
0101010000111001011101110100000001111
0000001110100110110011110001101011011
0111001001101110010000000100001010110
0100100001010001110110100011011110000
1110010000101110100010110111111110100
0100101101000010111101000110110101101
1010011000010010100111110111011101001
0001010000000010011100110100101011111
1100011101001110110001111111001100100
1000010101101101100101100000010010011
0100011010100100000110101111000111001
0111101001010000100011101100010100010
1101101000110111111100100111100001010
1110000111010010111110010110110101110
0000111010000001101111100000001001011
0010100010011001110110100011001001100
0101111000000111001111110010101100101
1111000110000110010110000110101100001
1111001011000011010001110011101010011
0110111111111010100010100010101011001
1110001010110101100110110010010011100
0001111011011011111100001101110100111
0111110110111110000000001001111000011
0011011001001100010011101010001011011
1101100111000000010111010111111101001
0011001001011111100100011000000101111
0010101010100100000101000010010000001
1100100100001010101000010010011110100
1101000110110111111010110000101101000
1011111101001011011000111111111110001
1010101101001110110100001101011101100
0110001010000100100001011001111000110
1111011001110111011101010001000111001
1101011111100110100011000010000100000
1010100111111110110011010001010001100
16
1101010110100001
0101110001111100
0110101001001001
0001100010010010
1111011101110011
0111110110011111
0110110000110010
0111110000111110
0110100111010010
1111001101110011
0011101000010000
1101100001101101
0010001101110100
1100000111011001
0001110000011001
1000011110010001
40
0110110110110110110110110110110110110110
1010101010101010101010101010101010101010
1101111111111111111111111111111011111111
0010100010100010000010100010100010100010
1111011110111101111011110111101111011110
1010101010100010101010101000001010101010
0110110110110110110110110110110110110110
1010101010101010101010101110101010101010
1111111101111111111111111111111111111111
0010000010100000100010100010100010000010
1111111111011111111110111111111101111111
1010101010101010101010101010101010101010
0110100110110110110010110100100110110110
1010101010101010101010101010101010101010
1111011110111101111011110111101111011110
0010100010100010100010100010100010100010
1110111111111111011111111111101111101111
1010101010101010101010101010101010101010
0110110110110110110110110110110110110110
1010001010100000101010100000101010001010
1111111111111111111101111111111111111111
0010100010000010100010100010100000100010
1111111111111111111111011111111111111111
1010101010101010101010101010101010101010
0110010110110100110010110110100110010110
1010101110101010101010101010101010101010
1111101111110111111011111101111110111111
0010100010100010100010100010100010100010
1111101111111111111111111111011111111111
1010001010100000001010100010101010001010
0110110110110110110110110110110110110110
1000101010101010101010101010101010101010
1111111111011111111110111111111101111111
0010100010100010100010100000100010100010
1111011110111101111011110111101111011110
1010101010101010001010101010101010101010
0110110110110110110110110110110110110110
1010101010101010101010101010101010101010
1111111111111111111111111111111111111101
0010000010100000100010100010100010000010
30
011110101000111100011000100010
010011011101000110000001000100
110000000010011100001011100011
010110010011010101111101011010
010001010101001101001111001100
110100000001100000100000011111
000100100010001010110101101101
110100100110011010101101111110
110001001000110110010100001111
011101010001100100110100101101
011010100011001101011000000010
010101010010000001001000000110
011011100011110100110011001010
000001001001011101110110110000
111100111000100011101000010001
010010101110011100111101111100
000111010111110010111000001001
101001100100010100100110100100
011111111110010011100000111100
010010010111101000110101101010
000011011111101101111101110110
000010000010111001011110110100
001111000111100111001000100010
000101011101111100110110101011
110010110110100011101010101011
011011111101001111111011110010
000001111000001111101111111001
101100110100110011000111000010
100010000000011001001101110101
010111110011000000001110010011
32
10011110000010011111000110010100
01000010000000001011001110001001
10111011110100011101000100001010
00111100101000101010111010110101
01000111001101000000101000111001
01101000100010110101110110100001
10110100101001001011110000001011
10110010011000000111111000010110
00100011100111101001101001100100
01011110110010000100001001100101
10011101101100001001100011110011
01010101111010010010101000111101
01110011000111010000011000100011
10011011110101011100111101000101
11011010101100010110111111110100
10001000001000011001100111000000
10001111010101110101100000000101
01110101111101101110000001010110
01100110000100101001111111111111
01111000000011100001010011011010
01111011101111000011001010111011
01111111000001011000111100111110
10100100101010100001000001011011
01000011011101011101100110000101
00111011010011111100010001111101
00100110101011000111010100110101
11011011110111011000101100111101
01100100110110011010001010110101
11101100010011100001010001101110
00100110101001001011010101100001
01001010111101000110000011000101
00110010011110001101111100001011
33
100111001101001011111101011100001
001111010000011000111100111000110
111011111000011000110000111101010
100100111001100101101101001011001
100111111100000001010011111001010
000000010001001111010001101010101
101100001001011110111111100010110
011110001000001011100001001101101
011100011000101001000000000101110
101011111001100011110000000101111
110101000000011111001101110111100
000011101000100101000101001010110
100100110010100000101001101101100
111001110001001000011001110110001
111011101111100001100101000101110
111001000010001011110010011010111
010110110110111001010111100101101
110110010111001011111101001110000
011100100001000110111110110000101
100000001100100011101100010010011
101011111110010101111100100011011
100000011001111011010110101110100
000000110001111010111101001010001
010000010100001001000010100011101
101011000110000011001011011101010
110001010111100100010000000110010
001101010100011100000111010110111
100001001011100001111111110001010
000100110011011010100101111010011
111001001011101000101101110000001
011001111010100100010111011001101
011011010011110001110011010111111
111011000001100110100010011010010
25
0010111001010001011110000
1011001110101000010101010
0110101110010001100010011
1101110101111100111110000
0101001001101110101000000
0010001110110010010011100
1011110010101101000010011
1101101111100110110110100
0000000001110000111000110
1111101000011011010010100
0000000110100001110000100
0100010110101111110000110
0000000000111111111011111
1100101000010101010001110
1000111000001010001111011
1111010111001001110111111
0001001010101011110100011
0100010101010111011100101
1010011101101111101100001
1000101000100011111001101
0100111101001000001000110
0111010101000101000110110
1011010111110011011101001
1110110101100000101000101
1011110011011100101110111
28
0010101111001000101111001011
1101001000110101000110111010
1001010111110011011111111100
1011000101110111110101000001
0001100111000111100101101011
0100100110101010110000011011
0011001010101000111000110101
1000101101101101001010001111
1100010111101011000011000011
0001111101100101111110110000
1101001111010100100001101110
1010010000010011110000001010
1110110110111100001100100111
0011110001111000010000000010
0111010001000010000001011110
0111001010101000010000111011
0100111010101011101011011001
1111111111111100110110111001
0101111100100000010011101100
1101101111110100111001110110
0001110001000111101000001110
0101010000110010100000011000
0000000010001100110111110111
0100011011101010100000001100
1100010100111100101010010010
0100101000100001010110011100
0110111000111011011010110011
1100100010111101010100010001
15
010100000111000
111001110001110
110010001101111
000010111010001
000001110010101
000110010010001
000011110111101
011001010010011
110000000011110
100011110010100
111110101010011
001011001101000
001001101011000
101011110000111
110000001110110
39
110100100110011101101011111011000011101
001100111010100110110111000100000000001
101000111100011010111001100000000001001
000111110100110111000001010001111111110
111000011101010101010001101010010100000
010111100111000101001010101101111000011
110011111100001000110001011110000001100
111100111000100111010001100010111110000
110001100101101000000001110010011000101
000010111101100110100000001100010111010
011111110111111010111100011000010100011
111000111011001101011001000011110101011
011111111000011010110010111100010110000
010011011111010001110001010111011100011
101100011010100100010110001000010010101
111101001101111111000110110110101001000
000011101100001110011110101111100011110
000101111011011100111010011000010110100
111011000001011000000101101000000101111
001001011100111001100110101110100000011
100011100011010000010101011010111100010
110010010100011000010101000011001011101
010110001110010111101011001000101000010
111011100001101101000110110010101011100
100111010101110000001010101000110111010
100111101000111010110011010010001010011
101110010111111011010010010010011111010
100110001100011010100001001100000010001
001100011000011011110001010100101111011
100100000001000000010000110011110110111
101000101100100000110010110100101101001
111111000010110001010000110010011111110
100111010011101001010000110111110000101
001110010001010111010000011101100000011
000011001111111111100100100010011010100
011011000100000001111100000110100001001
011001101001100011111111100110100001011
010111100011001011100110110010110001001
000111111001010001000000111010101100100
29
11111001001000110110000110111
11000010101000011010101100001
11011000001000100101001100110
00010101111000001010011001101
00110001010100001000010011010
01011001000110100010100101101
10001100100110111100010111101
01110111001000000010001100001
11011000111110001100111111110
11100100100111001110101111100
10100000111100011011010011001
00100001101101110111110000101
11011001000111101100001101111
01100101101100110101110100100
01101110010111000100011001100
10000100100111011001011111111
01000011101101010111001100100
10111101010100011000100111001
10000011110011100111000100000
11101010111101111011010001011
00101010101010101010111000000
10000010001100110001111001111
11001111111111011010010010110
01000111001110101010000010010
01010011100111111101001010011
11000001001100110000000011110
11100110110111000100001011000
00011111000110110010011010010
00001001010111011011010000111
40
0011000100101001101011011110011000100110
0000010010100000100000001010001101110110
0100100101000001110101101101010010001001
1110000100101000101110100011100011111111
0111111010000011110111100000111000001101
0000111011110111010000110111011000000110
1101000010000001111101001110111111110100
0111101100001010110111000000111110010111
1001101000010100100101101110001111100100
0101001100100110001011000111011011110110
1010111110011000001101101101101010110101
1011001000010111111110100001000101110010
1111001011111101100111100000100110010000
1010100001100001111110001101100000110001
1010101111110110011100100100011010010100
1000010010100001111110111101100111111101
1110011111000110001110100110110101001100
1011011011001100011010000000100001110111
0110100100111100001010111011110111001011
1111011101010111001101010100001110010101
1100011010010010111111001101000001000001
1111110010000011110001101000010111110001
1000001011111100100101111110010010001000
1011101011001111000000111101000000110010
1100000101011010110000100001000111010000
1000011110100110110110100011010010010011
1011000110001101101010000000000000100001
0110101000010110100010010110010001000110
1000001001111101011011111010001101101000
0100000111010011001101111000111100111001
1101111101001110100111101000011001000100
0100011111011100011111010111100010111101
1111110110010001101001000110000100111010
0001001101101111110111001001111011001000
0101000000110111000100010101101000110000
0011111111110001111101010110000100010111
0110000000110110001111110110011001001010
0010000100011010011100000011001000011101
1111011000111000101011111110000011001100
1111110110101101010011010100110111111110
19
0001101001101101011
1101101101101110000
1000101100100100010
0101100100010001101
1000110010010100010
0000001110010101100
0100001101111011100
0001011011011100111
0111010101010010010
0010001101001101100
1000011101010100110
1110110101010010101
0010111000011010111
0101010100010101111
1010100101100010101
1110101011110101000
0101010000000001001
1011000011011111101
1011000000011001000
11
10011111010
10010101101
00110001010
01110011101
00000110010
01101001010
10010001010
10101110100
11100100001
11001011001
01011011110
27
101111100100011111010111101
011101011001100100111011010
000101001111110101101100011
100010111000111011111101110
111111011100011111110000000
110000001110101001000011000
010011101001010010010001001
001011001110010100111110111
111001100111010111101010110
010001110100111101110001001
000010101101010100001101011
001010010101000110111000000
011001111100011010100010001
001100110001111101110011110
000011110100000110010100010
011111011110000010000100111
110010000101000100110100110
101100111001011000111011101
000011100100100001110001000
000001000110101011011101001
110111101011101110001110011
011001111100100011011000101
111011000111110101001111101
111110101100110101001000111
001011011111101000111110001
100011010011111001011110100
001001111100100100000001010
38
10100100010001111101010111001011001101
01011111010100011001011101111011000001
11011000011000111011010010111111100001
01100000110011011110010111100111010001
10000101010000011100001100111001100010
10011010110001010111000000001000111011
11110110100100100001000000000110100000
10110010110010010101111110011100000000
01100101000011111011000010010001100100
10010111111101011111011011000000010110
11111001111001011101100110011000011000
01100000011100000001011000011110010111
11011110000111101111010001001001101101
01110001101001001011111101100010011010
01100110100110101111011110100001010111
11100110011100101111001100011010001001
10011010001000101110110000111000101110
00000111010000011010101010010011010110
00110101010111100100000011100110011011
00101000001010010011111011010101011001
01000100010001101111110011010001010110
01000011101010001011100101011001101100
01001000010001101111000100001011011111
01001000111000001111101010111000111100
00010111110100101101000001100010100010
11000000100011000001001100101110101011
01010101110011010010100110101010000100
01100010000011011001101001000010000110
00110001110100011101011101011010010000
00110001001011100010010010101110000110
00011000101100011010001000111110110010
11101010011001001110010010001011110110
10010101101011100100110010100011111110
10011001100100010001100010101001010101
10010111101001110100001000010010111100
11010100001001100111100111010011011001
00110011010000001001011100011111001110
10111111011000110010001000000001001110
25
1011111110111010000101110
1111010101111100011110000
0010010111000100110000001
0000011010010100000000110
0101111100110111101110000
0110110100100111010110100
0010110110100100000001111
1110100100111110011000001
1000110011101100111010000
1101011101010011101010101
1011010111011101010111010
1101001001001011000001110
1111010011000001011001100
0000101011101011111010110
0100111011111111111101111
0011111110110001110110100
1000011100001110101001100
0000001110100000000100000
0010101000010110011001000
1010010001101100111010100
1101000010011110111101011
1001101010111010001110100
0011001010011010011001100
1011010011111111001101000
1100101101111101011001001
33
111111100100011101011010101000001
101100001110001101101100001011011
011111100000011011010000101101010
000100000111011010011010000111001
000000110100100110010111101111010
010101011010110010101001101001101
000100001110001001100000101101010
101010011000001001111110101010111
001111110010100101010111110010011
001000111110011001101010101010010
001100100000010100111111100111110
110110000110001000001101011010000
111111101010001000101111110010110
110010011101101111010011010001101
100001010010000100010111110101011
001000011001111011101110010100101
011011101110010111011111100101000
100100000001101001100100001101100
010101000111000100100011010111010
000110011111111100111001010010011
001000000111011000010010011100100
001001110001101110010111001111011
000100111101000110000101000000000
110010111011001000101010000011000
010110011001110101101100101111101
010111110111111010110101101101111
110010101011001000000110010100100
101000000101001010010110010011011
010110010000101101001111011000011
001011111001100101111000100001010
110110011001001000011101000100000
001010110100010000001000011010111
110010010001101101011000100010001
10
1111000101
1001010011
1001010101
0010011011
1110100000
0101010001
1100001100
1111110111
1011100100
0110001111
16
1101000000101010
0000110110010111
0111110110001000
0001110111001011
0101000101011100
1010101000000011
1000011111110110
0000001111010001
1010101010010000
1001001010011101
1011011010001110
0010110000001011
1011111101101010
0101011101011110
0110101001010111
1100110111101110
36
010100011000111001010011101100010001
000000011110011111111111011010100100
111000010110000011110101110100110110
110110011111010001110010110011110100
100100001101101111111110111010001000
011111111001101000100011011000011111
010010110111000111110001001011110011
111010011111010110000000101000111011
100010101111000100001100000000111100
110110111101000111001100110001101100
111100011010111001001010110001000010
101111101110010100101100011101111111
000101100101000110110110010000100001
100100100000000001110100110010101110
100110010100011100111011111000001111
111000100010011100100010001110011011
110111101010011100111111001011110000
000011101011110000001001110110011111
011000000111000010100101000000011110
000111101010000001000000101000101101
100010010110010011010110001001001100
101111000001001100010101101001000011
000010011101000001100110011011111110
100100100100100001100100110001101001
011110000111100010011111000011101111
100100111110000110000101111000001110
101100111011010101011001011100010100
101010100000011101010010100000000111
111110100010111111111101100101100000
101100110100011010101011001010110011
111011111010000010101000101100000100
100011110001101010100001001111110111
001001100011001101110010000000101101
101110011001001110011000001101111111
100001110111110110001111011111111011
101101101101010101111100101001111111
14
10111101110001
00101000111110
10011010110011
01010000000000
00100100011001
10111110110101
00110101001110
01010101011100
01100010000010
10111000010000
11011011110000
01100111011101
11000111110000
10111100111011
24
111111000101101010110001
011111110100010100100100
011111101000000100010111
011011110000110111010000
100111100000111100100001
010110110000111111001100
111111001101110001000000
010011011100110100101111
100100111101101000111111
111001010101011000111111
110101001101001111010011
110010000011100010110100
110100000001110000111001
001111111100010101010010
000100110000100101110001
011110100001111010001100
011110111110100011100001
101111100000001000000010
111100001110000110111101
001101110100100000111111
001111110100111011110111
111000000000011100001001
111100100010001011100110
100010001011000101001001
12
011110111101
101000100000
110111111111
101010101010
101101101101
001010101000
111111011111
101000101000
101111110111
101010101010
001100101101
101010101010
22
1110001110011000110000
1100101110010000111101
0010101100110000010101
0011111100110000100111
1110001111010010001011
1110000100101111001100
1001001111011111001011
1010100100100010100111
0101100011100000101100
0101110001101011011100
0100111111010111110010
1100110111101000101011
1000010010010110000111
0011011101110011110001
0101000100000110111110
1001000001101100100011
1011111111101011100101
0100111101010110001101
0001110110111000110010
0111101110100000110010
0100100111010001010100
0011011110101001011011
29
10001000000100100001101011001
00100101111011010011101101000
00000010000111010000110010111
00100001000001000011101100001
11100011001001100100100011100
00111110111110011010000010100
01111011001101011111001100110
10010001010010010101011111110
10000100111101101101110000011
11010101111101001101110000100
10011111011001011011110101100
00011111010001001001110010111
01011110101001101001010011001
01001100101001101000101011110
01110100000001000001110100100
11101100100010010001100110100
11111100011101111110101111101
00111110001101100110101000111
00001110110001001100000000100
10010100111010110110000001011
10101010101001110001111111000
10010011011010101100010000000
00111010011111001100010100111
10111010010001101111101111000
00111001011100010000111100111
10011000000001101100110001101
10101101000011001110111111010
00101110011000000000011000011
00011010111000001100111100000
33
011100110100101010100110111000000
101110110011001010001111110011101
111100011011011110110011000100010
001001010001010110000100100011011
011010010101101111000010111000011
000111010110101011111001101000011
010100100000001100010000001011001
011101001100101111001011100010011
101111000000001110100011100111100
111000100111111100010001000011010
101110000100010101001100111101111
000010010100000000010011000011000
100100000000001000010010001100011
010110100110010101010000100001101
011111100110011110001111100010011
101010110010110001001110011111011
110010101010010101101100100000001
110101101000011100110010110110111
101010001101000000001000111101001
100001011110111010010111000101100
101100101011001100111010110101110
010000101111101010010010111010111
010100001101000100011010111100110
101001011100010000100001011011100
101110000010011101011101011111101
000100101110000111001011100100000
010100010111101000010000110010001
001111101001101000001001100011101
001110011011101001001011001001111
100010111000111100100000101000010
101010001110101011000000111111101
101010101110110011000111010101000
110101011011011011111000000010110
34
1011000101001010001100010010001000
0010110001001000000111100011110011
1100110111100101000101100100101110
1101011000011010110100100111111101
0111000010111100100100111001000111
1110000000111110100101110100001001
0111011100111000010111000100011011
1110010101011010000010011100001011
0010110011100011001100101010000101
0101001111011111001001011011110111
1110110101010101111110001111100111
1111101110001101011101101011011110
0101111010000101001100111001011011
1110001100000111001010010100111010
1001001001100100011001100101000010
0110000011100101010101100101011100
0111111111001110110100110000010101
1110101110011111001101101011101111
0101001011101101000111110000101011
0010100100011011000010000101100011
0001001110100111010111010010100110
1010110110111100111010001010001010
0011100010000110110000110001111100
0000110111010110111110110101111001
1111001001001001110111101000100110
0100000001011000001110001011011111
1011010000000111011100000101111110
1001111110010010011011001011001011
1110011111100001011100110100101000
0101011000011101110111100000111111
0101100001010101101011010100100011
1010100101100010011001010000000110
0100010111101110110000011110111011
0000011010100111001011100101011111
34
0011111100001111000100100000101001
0111000000011001111001101000101100
1101010000000001001111100000101101
0100010011010111100101000011110110
1000111001000100001100100011010001
1110100101000111101001000000011011
0010000100111001100000000000111101
1000011000001000110010001011001110
1010100110110101000110100110011111
1010001010001011001000110001000010
0010101010111000011001001000000010
0101101011110000001000010111010111
1010111111100010011110000111100110
1000001111111001110101101011100000
1010110000011010001101111000101001
0100100001011000000010100101001011
0010000001001000011101011111100101
1000111001111011111001011000110011
1011010001001000111100101101000000
1111000010000011110100010011001001
0101110010110001111000100110101111
1011101001011101011110100101011000
0110010100110011110111010101111100
1011001101110000001000100010110111
0001010111101101001111000011100011
1010001011111001000101001100101010
0100000110110001011111000110011011
1100101010001010001000011100101110
1101001110101110111011011000001010
1110001010101001100110100011000111
1001001100111110011011110111101101
0010001110100000010000111111010101
1110100101111111111110010011010111
0011111011000111111001101101111100
