9574019
6439920
7539226
7469379
6272143
6918155
4821015
5974497
5687895
4839853
7166471
4754922
4695452
4401627
2566401
5744783
5523742
4486311
8201160
7263887
6357556
5009851
7799263
5776842
7539226
2392410
9983808
4357678
7597084
6236056
3834552
5056195
4900566
5020345
-1
7943739
5921976
5113295
7664637
4040618
3655435
4021857
7232300
14438500
9574019
5364597
4979688
53553264
4482388
6168789
8366529
5429407
5898139
6010981
3425814
7092634
7170651
5421689
6236056
9354425
7528999
5308143
6428482
5426274
4226388
8193649
5009851
5977808
5767565
5428001
6925387
4873693
4098300
6336178
4599648
4503742
6739078
6272143
4422749
5363274
4337197
7799263
5813326
6852570
6700479
6563701
12636581
3192270
5366787
7709866
2713544
5122632
6513409
5795823
8366529
7454223
3194354
7740841
9235267
6092410
6270304
7092634
17996262
4292854
4854958
26611208
6457996
6852570
3998310
4231748
5174729
3479544
4503742
5813326
3354405
6272143
6858239
6739078
4490519
13989829
6293175
5421689
6852570
7799263
7951049
3480689
7031586
5961793
2826014
5418165
9650000
6813480
7117463
5291922
4594089
6513409
4917190
17055878
13201138
4322657
5689258
5490727
4026477
9574019
6270304
8366529
7799263
7799263
86751741
6422224
6740895
7664637
8526282
9574019
7544479
5744783
9235267
5977808
13201138
6159317
6010981
9235267
4957903
7709866
4840186
6918155
4979688
6428482
6065942
4915533
13803522
6272143
6918155
6833606
5991511
4021857
4021857
5036471
8366529
5726415
5726415
13201138
5158493
4443696
5397299
7092634
5776842
4394933
4820207
6740895
6272143
9337542
7664637
4482388
5125069
4302938
4402637
5667494
7631450
2854984
8193649
7799263
5555131
5203641
7170651
6346120
6798849
3502078
5036471
5776842
5421689
6740895
7006208
6813480
4953874
6525408
5409461
5122632
7539226
5819246
4099397
5805465
6336178
6700479
6837362
8366529
7131537
5999543
7799263
5332255
5081967
10170807
6553552
9650000
6414557
7066677
4850822
6187208
3720148
4821015
4963706
6858239
4862116
9235267
5620896
5397299
7454223
3612721
4295948
5364597
-1
7606045
7170651
7805887
9650000
7597084
4254589
5523742
4847789
13989829
6354325
12508712
2501841
4409483
7232300
5557825
6353785
5782647
6881582
9650000
3359466
3998310
7597084
4940914
6166335
6918155
6658152
5421689
7740841
3315061
6336178
4854958
28670006
6740895
4688836
4002071
4967737
7170651
6779969
4586229
5557825
6706708
6798849
7664637
4245011
4820207
6852570
4647183
5689258
5748584
2728469
86751741
2328889
3576110
6092410
4688836
20106828
7597084
6256980
3792042
5530433
7799263
6858239
5251307
5687895
5365431
6700479
-1
5617610
3710376
5819246
5409461
5617610
3585668
6073721
5429311
5113295
5961793
14438500
5589869
6513409
6941609
5056195
6614801
6270304
5094805
7539226
3281322
5067036
6606076
6852570
9650000
3952421
-1
4874820
6740895
5819334
5795823
6435634
7123667
5893375
7469379
6700479
4599648
5254885
4953526
6858239
7727416
4105006
5748584
4915533
9235267
6346120
6798849
5726415
4221229
6270304
6346120
4267515
7232300
7740841
6270304
6813480
4630992
7951049
42097001
4179136
6706708
6740895
6755747
6513409
7539226
5490727
6918155
4021857
7943739
7528999
4473777
3270581
5523742
7117463
17996262
6336178
7799263
5814389
5206982
4151057
5424786
6918155
5949956
4267515
8459586
5819246
4167053
4953874
3311865
4267515
4351068
5308143
3911128
5187306
5428001
7454223
6833606
6293175
5617610
7528999
6258622
-1
6336178
6553552
5633561
5893375
5974546
8459586
3953056
6706708
5421689
4854958
3281322
4204959
6691270
6066114
6336178
6513409
5418165
7664637
7539226
8459586
4394245
6645739
3585668
7664637
5726415
6354325
4231748
25133016
9983808
5140498
4058898
5764838
5238882
4688836
6047675
7718336
6941609
5669940
3896556
6658152
12195845
3718989
7528999
5332325
5036471
4850822
6852570
4413931
2900434
11931878
2708445
14438500
3493306
3655435
6803502
6236056
5448502
28670006
6270304
7740841
5782647
6852570
7943739
13065580
4820207
6918155
9650000
6236056
5332255
6160271
-1
7709866
9650000
9166269
9235267
4652703
4709784
2917457
5739443
20556444
4815203
5744783
5308984
5203641
5056195
3896556
6357556
5250962
11144343
4409483
7951049
5819246
3616858
5977808
5893375
4409483
5814389
6357556
7951049
5595395
4413931
4984864
8459586
4702971
3778439
5335843
5555131
6667470
8459586
4971604
5633561
2606060
8366529
4457458
6803502
9650000
6183669
10170807
3362862
5619276
7709866
5000783
7263887
5893375
5619276
4413931
10099499
6160271
6353785
4484848
5939196
5641560
5332255
6700479
6169369
4685311
4873693
7740841
5428001
28107172
8366529
4507628
5367652
17587124
6357556
9166269
4976523
6513409
4490519
6336178
4258484
6739078
7709866
3362862
6422224
3513243
4976523
4967737
43958492
5147968
4031371
6336178
4313842
7597084
5782647
4518690
5697922
7544479
9010183
5557825
4976523
6779969
3230230
4922260
4124469
3778232
6513409
3039243
4873693
5448502
53553264
5020345
2882291
2921656
6435634
9235267
5813326
4840186
5766377
14306011
6159317
6803502
6346120
9235267
5809458
3910530
5187306
7232300
4249026
9235267
5982333
7597084
7170651
28670006
6856044
6504380
4847789
6833606
3327792
9565234
4604738
2321974
3921391
26844609
5689258
4778130
6357556
6667470
26611208
4487032
5813326
5203641
9574019
2551180
4594089
5094805
4179136
6852570
7170651
2332880
3402465
4181250
6236056
9983808
9983808
5254885
9574019
3834552
7006208
7092634
-1
6272143
4220331
6833606
3493306
9983808
3729084
7711008
5949956
2917457
43958492
4900361
5620896
6385008
4221229
5483396
6755747
5748584
5869659
5641560
4953874
4688836
4688836
17055878
4448775
6875435
4351068
7131537
25133016
4023727
9574019
4337197
5000783
4702971
7805887
4618161
7263887
4597558
4482388
28670006
5429407
3598279
14306011
25008783
6270304
5667494
4181250
7951049
6399595
3657872
5780822
6435634
12145963
4957903
-1
6396379
6385008
7522039
6065942
5364597
5603746
5893375
5490727
5898139
6813480
5782647
5332325
5397299
5164640
6918155
7528999
5530433
4447504
5009851
3505524
5421689
5409461
5069697
6852570
5428001
7718336
4699883
5991511
5550474
5364597
9983808
6740895
5577446
4616377
6856044
7740841
9565234
10072726
6159317
3788862
4874820
5081967
11913179
5617610
5795823
7597084
7597084
6354325
6422224
5667494
7092634
5094805
9354425
7092634
7528999
4647183
8459586
7151376
6803502
7528999
3912528
6272143
6658152
6525408
7528999
5208205
6763969
4538069
4220331
3697236
5474675
5103896
13065580
-1
6354325
43655566
7170651
4507628
3606934
6525783
6739078
6270304
6700479
9983808
5819246
9574019
4876137
5056195
6740895
6353785
5707464
4976523
6740895
6160271
3704197
4971604
4940914
7539226
5007409
4630992
5238882
6092410
6306958
3778439
5397299
5125069
5631299
5641560
6159317
8201160
5649995
5961793
6858239
5813326
5427881
7597084
4381333
7740841
6336178
5853300
6236056
6272143
9574019
4239686
4151057
5335483
7597084
6513409
4984864
4337197
3402465
26844609
4503742
8366529
7092634
8366529
53553264
26611208
5893375
5795823
2736728
4422749
5364597
6092410
5374535
7092634
7597084
4487032
5991511
6504380
4026477
4125272
2328889
6354325
5974497
7469379
6740895
4254589
6073721
4473777
5483396
5558920
4917190
8997105
5795823
5949956
7799263
2543585
5744783
5409461
7664637
5667494
9983808
6428482
7799263
26611208
43698216
6353785
5340770
5073573
6357556
4159753
7597084
6813480
9235267
6553552
3824734
2966266
8459586
5397299
5125069
4630992
6354325
-1
6875435
5208205
3888745
5739443
5009385
4881030
5448067
6457996
7709866
6092410
13065580
5251307
5056195
6354325
3834552
11913179
6739078
2799906
5617610
4854958
4976523
4094252
8459586
4151057
4413931
4530806
9650000
8459586
4754922
4914513
8459586
6553552
6414557
5631299
6813480
5451472
5991511
6700479
5814389
5813326
9235267
6428482
7543042
5617610
7006208
8459586
43958492
5364597
44236883
28670006
5103896
8459586
4412997
6858239
3616858
7799263
4099397
7709866
17055878
9650000
5617610
5104900
6798849
4688836
6306958
6648447
6925387
9650000
3564087
5427881
5056195
4346732
3182565
6833606
4815203
4060727
6525783
4658150
6306958
6553552
5218506
4026477
9354425
6833606
6198334
7664637
5726415
4231748
6270304
7539226
5949956
4422749
