1000 1000
57040839 94995694
99312892 95986948
11913063 58263232
2964645 96543912
25398678 37894937
2428843 43158596
31157881 73069666
97969413 60536318
985891 84348171
46402069 67347205
5554336 25301743
366935 96856883
20191947 87450759
33686214 55371948
50142045 86536507
42548117 82895470
42841317 4702308
34111075 65041436
77117624 51123888
6021803 74368613
11039214 48122657
58938620 83576749
56665644 67711554
5439739 24067745
10413251 11331192
38831096 14886610
34463823 61128908
97265873 81112689
43971442 94720078
70068903 55665301
90740239 54265451
97345561 27831737
98635891 40864020
29326704 72673534
76626278 17879989
1190034 6156397
13603766 39702941
92135115 35751404
13520914 36169425
36052717 64759117
53266164 6378099
85472172 1824553
46287769 71749469
88785859 22506765
16133348 87628222
97388080 52330496
65547422 87047603
13016567 6806512
99370807 93417260
23893038 69485273
81608577 25022163
3389901 73428099
98403977 86464588
76686788 39623166
94709122 40167640
9051092 20320149
16370373 4926056
56657918 25215213
18788147 999924
55268205 33024227
12002862 35532578
91151266 72391494
519017 66224247
96312764 65963127
37400488 65060160
73545675 39987944
139131 33502705
64251839 59785917
67071435 73023197
24414361 12583663
89916113 22951936
18427410 97173289
6827075 93768789
60185868 20158196
22365912 11055858
45732890 53982808
16059856 10651633
20536030 55350901
23386772 68956314
27900154 88800882
19804720 68410301
38056967 30805815
39776370 24300602
15786401 18345302
35164456 81428070
62109729 59224231
16499331 29351307
11804370 6471210
39670664 44589131
43320405 19242505
48516358 69223402
97309027 49467197
13036204 78700065
48074895 83488982
61472319 5760281
10119746 8844623
97236381 32018143
68388340 95068038
54227754 34547666
30026209 4603262
89802377 24954995
499207 71848100
58479132 16922641
27580098 32005338
41939051 52568126
7351066 14155954
81466106 19073570
95762150 46327911
47111665 88183214
95152433 35217073
41050036 9428058
98949383 165361
40991772 73220566
95792004 75243518
66597795 30947951
71055859 56492588
88542096 62159828
67284263 27223455
21048815 44918484
45712146 26846030
52939839 66996237
50524646 47832218
79935252 61379008
82931095 4128231
31097462 67024677
79364277 54436522
18547459 82243827
24886653 92698482
4533708 24231561
5895066 30128161
29711111 42754882
55158686 74393834
83176665 58178584
34661191 99451072
43375652 53200482
64311813 36284811
24588465 98591857
45882789 40407232
35612732 44254463
51174061 41613250
89091469 28650827
48655891 74684100
23143807 19251133
73753595 24899780
37326607 81070319
47128259 79169246
86008678 81390360
48010354 44473217
49281558 33043599
45690286 53030143
67961393 62786700
13938007 12122875
45679532 86349902
71929447 78241344
30602540 89851660
9308747 71258576
95797154 74727437
21861016 44704123
84212213 35474781
214162 15803231
69930388 90722999
24036643 23371466
47961636 66721561
46670480 42152836
69252378 86766660
49265038 49921557
97088956 82123928
85572631 93053236
69071898 39980074
67238801 81798923
79111214 14225781
58039434 74853464
62753204 17938945
49275614 83046487
10490599 5614591
16214998 78069242
20199822 86023398
52638476 83578195
85713505 12966267
35121849 99416906
73212535 50422869
60297460 7983435
97436164 53761879
75069452 73325194
86073293 22983723
24431093 49020600
10623427 43247823
34272118 54962693
46459813 21262575
46174772 64369996
92177469 60865434
65533360 55421842
7694586 57456408
13749093 76129730
67888500 28992346
12040983 48906644
95268955 77369357
20148218 66523207
89358830 46319305
4344207 46688311
90348704 27900849
31336462 36524889
3369260 55961860
51859977 96854439
71297969 5520547
51259566 86286640
33757523 13780380
22582222 8370106
12417575 81261716
23262240 4474187
99357627 69182346
98976280 50192066
39271312 20922511
35629032 75032974
7903518 43243586
78141448 7157282
16292463 64845820
10363313 80755984
11216843 70596572
45521346 70879124
82578256 4004918
17766264 9369752
25652188 76371896
97089037 5644424
27931080 29226748
49167253 79731426
74020717 52878978
36536742 6660324
58097634 14087882
13961436 58412903
61913603 41624857
36506463 8386155
34792631 97979410
51542663 95096767
4061604 33593362
43269718 63411067
82931154 10331247
36748110 49796407
48620333 83766825
53181754 53400778
84179254 22142950
46124062 68277391
24784871 71408190
26126929 78615283
77927693 1041264
30598030 14593374
88752136 27334481
33222656 79125611
89186483 76489794
30701326 2049510
81202268 91415289
45854649 39631611
82572603 60624181
60026340 58660356
17447351 46314967
46484200 34564575
32273798 29039403
13812072 6136370
1727889 48748847
72779040 23152547
13022583 2776904
97635274 65671022
31373857 75313705
30593102 75912742
78375356 67405021
35731000 96937060
81087226 53884958
6584688 27331586
4375393 58627556
82304616 45153505
73724446 50806833
81787633 99087352
99856086 27535191
57853401 19957084
63736357 91017792
6169133 65309870
54933252 81514899
94447823 38427331
80977346 19994291
18896366 14184960
18713864 23895776
88539711 13702757
60229671 12072455
7170462 6202680
60404585 40741951
88103201 15111364
94689912 70775016
43597357 44116575
91172222 87629473
12947809 93862096
79189721 89969778
98743108 48721567
45462670 66478160
95977437 95985516
73387857 35081899
19310460 59448443
37886378 9680551
16969666 94116033
67785297 78155698
12335694 82968859
9973923 29781867
57522865 52466375
13728554 50709295
64717938 80673238
13843420 50381029
98740118 71383833
77958555 43960363
48618427 89375685
43902984 85849742
20863 5134244
53049725 15869356
68492296 39430735
37595945 88814050
52191821 87639783
45944836 32774041
62335381 5931412
73959927 58320406
71965447 31247347
23966536 40518963
30046602 93126847
64450418 91700306
73923908 16742380
49059345 76229348
33768730 43232138
82945980 62755205
42329076 71158388
14044344 67652606
31628344 58316739
24904828 53234952
77772526 20863217
40755061 38784320
11660348 92347470
82348175 41567837
49239204 211673
118181 1307468
69833140 70057683
65428893 82575252
81846221 14330281
37700072 27961171
23551794 42668408
56418209 87228234
41015245 67902764
72874414 48261722
84580905 66618029
93426283 28781902
57278066 7959901
64127674 59391138
53347721 40774196
65821228 99598844
11910187 90534304
37835968 8929821
47253943 23164022
4396536 95893581
62746677 30672331
52165988 54424857
44462797 94895219
35214238 16581256
92390730 98343011
76434760 37248293
82318341 55547467
32278299 31664486
31001567 37006298
62678166 80655318
58148523 69433825
31784374 8897384
28616490 31565901
32673490 55472644
12533082 58875491
20367469 83991097
23685468 23419916
69489742 48126712
20039400 36487063
81439224 51144108
35102767 81019416
23101573 86897101
89846599 26503541
55137404 83167507
20837986 13749614
57557421 2149937
15953608 68838321
13721605 63095522
9962787 88646157
58161908 50384031
81770883 63947531
8457971 96255230
24069822 55118468
79106473 88043481
86599151 86527453
76724969 39122921
51503756 50011137
79202742 82065673
1414204 72152326
2414803 80353486
92672327 15664282
55532822 22678018
60788162 9190164
60412047 91795254
28390048 47449379
51572364 91682340
42415957 13410130
93324085 20845776
30521696 10483140
79102893 66666393
63881053 81014141
61143409 12451928
49321244 39340048
27275291 66077179
47218792 79953303
60829221 29653023
34486939 95343255
5105509 94767560
28652322 49193931
91917522 553333
48054391 32156718
38745136 93321775
22176739 36055183
55272031 79398949
68854819 99668437
70199137 98987472
59823149 33265744
86647614 86436364
81259956 50288318
66640353 69755944
81200415 41951360
59272387 26268476
21078846 19980783
26555927 85775302
91274648 6004805
59301690 54189589
67985548 63857460
58263576 31140390
88167421 44483720
11212818 11470576
72961409 87159009
1038854 97766985
61153177 87327595
3686244 89766777
3521068 6049182
23873485 63939103
96732586 51977834
48261374 74694480
53188810 83379037
47495850 61300292
94436935 19843894
99509175 48625902
7077287 30753913
94914308 65020009
35975291 89071112
69907584 10519205
43755332 49929901
54543428 31516121
84004844 24491805
71478185 16095983
75291614 80506279
81741159 56930233
10322834 60734854
86867738 78003511
42901649 82081693
15878859 97794909
29945712 9910317
7494549 6268049
96458914 63234338
20224307 74357343
31671953 22258011
84871228 35897460
35056592 81224486
46545092 55806144
86708868 54484827
97312799 86919969
62954752 16386940
58875139 32980304
39359405 47538624
16015680 51657156
40393148 70371172
69055156 91243304
61645399 11089055
46041423 82559024
92966614 10242593
78044618 71584157
19856076 59861057
72672748 76086608
37734092 54709386
40538155 18226963
90361727 64956672
6384226 89410911
52164143 17597537
95731370 33883863
94882292 6553836
5506322 2224156
31337603 81534576
91056649 91762002
61623906 7837643
38658839 97290811
25595991 84805060
5273712 62123791
22586918 68469583
91630377 68909728
21151616 31477678
9434266 46079701
67258326 73311146
47564397 20141317
82685660 38889185
46853912 29921643
75572352 6181673
88343491 56480884
23414005 71118920
73557586 71632541
29017924 93126675
56257598 39972452
34939864 76672684
71551778 27671237
74145809 29081030
82229027 56218065
12897484 68388028
70643290 98959277
85567571 53933573
48762422 4918568
86834942 57697210
70513558 29950251
69223886 87841167
93456668 91008993
33248399 14181408
99042057 57036383
70863971 93141342
40499565 52155001
71719383 47833772
34950426 29704837
22024610 99220960
77428042 56921550
13020262 60752219
55295113 63221013
59438341 87881259
72308498 85121711
2438177 64433021
1706078 85649038
36968890 18849451
59833944 20604300
16112578 99351001
98054741 84215301
5149721 88066256
63791855 99865402
1350043 26015080
29465990 95902928
54121091 6597441
13302311 9453244
88946607 27297565
69118271 24102497
97241833 93350539
93003680 81365939
57986921 94033105
92974675 38605962
40471373 9868151
37780976 79454219
88949806 2370394
25671247 62502675
4203847 72203088
24300741 49374796
6385593 4550983
96637040 9386528
33415283 8864847
59931431 2022737
46187022 81531022
58242425 43828792
67444505 8046331
73819292 14542665
28462488 82529679
35912136 50365135
43424307 2066846
20631549 7202294
53262737 42414053
79473097 73631380
2455451 45934863
15870070 4065262
41371531 4448260
82009483 20404002
75381248 35437236
60539021 4502746
46122009 48503779
64723715 32175034
99114605 33326346
76047017 20805275
64646874 38910470
85849045 53691303
70563621 19453385
96322899 14535751
98072951 56360855
59443352 21368115
42956531 77096829
65740531 9023945
41999781 20210043
1989764 31389615
3984481 68682047
51286089 8776936
32228233 37412804
74700502 41591255
36968660 19139160
38372551 88555002
38894975 1351340
75134512 84885063
32202502 37288018
43054958 6491975
31374443 74883066
76255435 86305359
6207840 28418763
53859705 9406254
75381346 32297596
84959944 95637800
8292626 47736097
77554589 80385981
62030784 96190187
63063606 53796230
15501115 5118704
71829650 72372788
98502244 14347595
81258913 3062032
15005812 75914896
99912763 37953001
92207218 92961255
46632856 33115931
50172987 92781319
77112845 25974732
24474345 66760133
99712022 32617158
79516449 55485336
75204145 83353078
15129306 310849
61449119 77340693
60019432 84908271
912762 10899913
73109549 44683396
82365779 9922843
94912670 76741294
73299133 53446713
74082894 86837295
17753211 73250154
53751906 41767564
40947432 71099334
21927092 87668828
71677826 95839174
36994041 53146416
40432071 9212685
13960870 46057180
3735199 17996519
2483938 21692423
29783942 25174197
79183543 6997603
15179198 74395166
58892300 91178272
14752021 33573772
24040503 20095066
203199 38720167
50187136 33942749
86047642 38235159
68257357 5146975
13162564 99100978
61758227 38510217
63776906 36767872
42367245 38626520
86312288 46877823
52404868 37346045
83871459 99611599
89101099 22203998
93490677 81971694
9207052 43696715
66699374 25594333
74640512 29964307
28871333 29562637
23037852 81806911
1501067 93807648
53545991 76017262
61421847 69435917
96947495 61546553
72869613 52966454
4703543 1194224
61035708 42120504
64566015 23578999
13561708 639448
34429469 15667597
5310335 2793994
43385237 73505232
57675979 74945731
6897419 30202294
4747610 30547326
42236174 19664366
76223455 90083798
49211103 28661697
51209292 51155064
62565816 7901572
71946709 58869104
81207846 69146532
15105815 41200187
98729867 6702865
75518017 34923017
83419656 71377205
22697124 46867519
64580713 39415496
5912529 6136559
53199039 85295904
78887742 54553285
32147645 20209964
95907624 23796630
48428275 23932502
91204677 96368563
32436979 4364443
89706976 59299075
90277895 70323459
97357901 46585209
51645647 80706098
41553096 36185736
1406295 87270769
18483517 79251879
64171252 22896848
39938099 39634136
78910126 91484777
44570395 3092739
62827438 41817034
29262506 51067006
93078526 67978272
46123392 62634391
5560328 76409180
96576188 89039753
49820521 271385
6724346 36036
77121814 6143173
38120664 18241015
97072988 30486468
75883592 22952467
44519396 17996359
55730593 55214226
98234418 10774543
74825927 77246585
16752945 40744809
21954876 49541022
9769293 81955324
30707718 63623166
25981702 65623203
29335702 55989266
93223499 74432127
39976229 15174667
73885962 46647080
3022721 83755348
97677353 57684252
77594899 4514185
89889609 11781579
49746228 9436459
18059410 90433430
67465766 73674729
63285953 29196609
77503144 51693871
6808779 98791287
41687547 6716495
58051276 94585262
6048061 75447816
63848892 73676564
8197450 81873847
30349004 94482730
93476087 105418
57315445 7206132
68849378 61554933
7611052 64726913
77258091 97381141
98474088 86985722
24520577 23576753
21182060 82830963
14885886 99565563
71134953 10727713
73476393 12247787
78544112 46943672
29870451 67479797
8830004 16899887
32573356 9330002
63117051 9939283
7617001 86576818
80332437 8970896
74017504 65294690
24916687 91395705
24730896 58415361
38601353 58663781
15687111 46795040
33460483 83524305
99289302 94758830
22297750 5696667
36049082 82391879
91489751 20815062
94172239 61309633
43274150 65204150
97264632 86353905
16454683 822367
39988006 79207377
86716053 39814116
15049070 91801765
49274364 87998573
38331287 75051007
90441726 28809795
28375535 5040509
76809152 65227486
89415895 99003192
20406612 44808673
14687231 21986700
65952946 26642496
96815279 54156289
35329513 61059843
89846676 42097994
46270057 82561040
34442215 48316954
11861294 22978365
65498034 59485467
59997429 56680236
30774902 28455519
53643452 2188728
68512652 51641780
91585147 57596740
35375286 6547665
90504825 63659361
87016164 7841198
39672064 83969392
89814286 10102206
13002246 84789521
3106539 15903761
80708236 67765150
9857776 19116193
62751926 91216340
76742736 45716527
57427014 84030338
65594373 71855042
53302826 83331669
90194833 84783480
6640622 62844933
9892340 18254113
56602996 28162149
21828803 93969653
80507320 42123439
39059975 76415854
82095384 56098351
31435412 83630376
16243770 87099666
25229793 91567697
82696023 83770872
43544522 38524004
3944983 57419423
19926944 43580450
19074451 78241101
50935502 26401388
21809852 92919790
80667090 94846373
65552418 37300270
16025088 90360745
48776294 66179772
71348423 78160400
55061026 24177305
80192294 44409818
69210269 8069382
22193070 66075296
50938723 23336980
2580520 9904218
27074590 6237543
79860073 90147909
6781724 66833137
80034132 78650303
5691842 60790108
12201750 45443087
75254032 65339366
15843701 17261648
39313783 83683335
70619614 11735164
45584802 41028876
24028325 77485181
21075234 83225240
70017662 64083186
65676494 14514672
94230525 79590620
31801933 26079112
31319642 62739488
48378510 42020292
41864963 83764552
79645680 46321876
43614337 68059134
48987402 12535272
52513014 51942901
1583627 92246018
51249091 81172210
80996422 39249521
79697087 74956132
38957812 81680148
22371235 5402353
99889569 23702020
94950955 57745546
43255203 29632184
80200959 4519448
41762314 72936878
7710624 64257501
27412530 91546156
20330464 43833537
9040345 20646355
14596381 16451770
45399355 439736
68226233 52125681
90759171 90659749
71238421 79981213
39294910 35191523
2574652 31796469
38905491 11711582
52225136 33170464
70194619 91611304
69293605 37332959
41419248 3492285
1196986 92686165
13816063 62068338
23105795 48338348
38653822 82140463
18554746 282864
33675634 33324324
351216 53158667
99867529 96254692
2423631 53986497
78951882 24655259
38718096 76797632
13215142 73254793
32787442 59788527
75094252 38150780
90189504 49926285
82174253 60932376
8209788 48795389
24475988 89367720
99491442 79111249
91967487 45175049
10912849 84396557
10250842 55912852
60850119 16453999
18169266 88593402
24360048 68008792
82758016 94031425
84085407 39081043
88164446 63451433
17508172 58425871
25836927 34858020
57110684 95076207
81567662 7186115
63124458 91844901
54514937 13823524
97444891 85660193
96302070 60784789
1082364 99351070
96626905 90682958
85077097 26483269
73194357 60808379
58325211 30220620
13704062 9649613
52645274 11902385
81285582 34434318
30371545 84490709
76513679 54048080
47434917 77553490
74425208 78923630
80560314 49088032
72810926 39140797
12347347 18919587
65580550 43115498
14371453 40233504
4888984 21893678
22939251 26255205
15247142 44437192
44466600 25124556
142047 15915581
27858059 80085182
31705962 97282636
41126003 81317160
95250574 65703591
18919959 63440164
66405823 20784976
77098854 57226803
91101287 54593653
99852556 42701428
6220757 67631844
12418751 21038634
80811438 44184663
22104102 87185810
79640395 98493768
9355438 77612901
95258230 67363147
46657796 49806661
88507104 9891191
19833363 99887221
96192567 88399733
30956684 32228941
96611728 50624330
36750050 64027055
59382216 43372133
18147576 45338898
54703566 73644684
56078614 9332960
10049824 18238487
21192559 66165093
98921077 32697241
87253119 57014439
55038892 55480172
80924394 25735700
86135175 2505715
57859215 63735903
79135146 45774837
7771955 39992595
20236070 27601006
3833772 13540568
35379270 26881803
35002411 94097146
43028166 10992839
34492818 17896360
70646791 64482703
34244932 55770890
16236348 71800265
8935826 50624079
58625124 13771610
73735110 40025515
37008878 16307507
12182539 82385131
15406337 87529559
24139547 60344688
72598380 63168469
2661451 72531555
88951873 37001824
62053464 93004030
54628721 52563758
50130753 56106926
2510890 21189193
8234567 13102916
78559157 45384528
60933494 52633797
27945826 49236048
56165215 43508576
57062266 80656880
74106476 32744958
60348368 6426706
63919378 32766079
92878980 88986459
99901274 47242123
38640505 58297581
63944150 6770794
27148349 6217061
29625075 17847336
52174009 33271107
13537131 59813807
13444897 93175245
72171568 97368885
972524 42958173
11930035 39465350
32816267 76619096
55869713 42016784
99773011 71252257
13656933 43949844
97586080 53527483
42256588 89068779
57085849 14314873
36612641 28811752
7845108 62094692
14630138 2537619
85104338 21540315
80748980 76260627
91675289 13929393
59808738 80899949
97420772 23242424
71250068 41845706
93055044 17095541
27572472 32501567
33981519 29545619
54266043 86679750
35626544 3803290
55682429 53269149
77062114 83647675
80271068 36826600
65271803 55949699
4895558 76843250
72789684 55037872
91227841 72394834
67163403 75381941
20195891 8738336
52080866 6420442
85588204 85351344
33699080 90690911
32758458 59395292
36738960 62594822
76843889 40004449
53284162 64545292
40651920 44460781
15864306 28935189
53279051 91096753
67769863 69749297
28798637 98871152
44033398 71643939
90545191 66161667
33749593 41247553
75758290 37312965
8094476 91267811
26289404 60509754
18008745 19956806
42984411 92080889
24503508 13886000
56358197 7267789
57285686 58461735
33720265 67787857
91311445 87470419
65944007 14530079
87255987 19307297
67193261 3453011
81132767 94655686
4744649 5497952
42072765 1036047
34669643 6355862
12335657 27842208
64660554 29958200
48261774 85119058
7127009 84306975
29483535 82511869
52089569 7176486
43398395 45897305
39787870 18044934
32712198 89516558
85696007 69007822
86581296 89892015
54145498 40353810
89588173 1679169
73454093 68232388
90708830 13489336
17007281 26647063
52360973 61098972
88311809 27524504
61341614 6815024
83240470 15788181
30267651 46538611
73626448 86660831
49001996 47490559
62859519 66428351
83596597 52961700
11443540 52594314
73853293 15686294
16280957 42978890
26230563 57530861
36949061 46274110
71759052 4655555
51673912 95301993
3917607 23984263
55122345 16060652
63916163 14070802
50505282 39838793
3486233 39944119
63613185 18969776
45878136 87163765
48892551 64547015
52196299 55500141
74341881 123758
94040270 47331166
78862104 58883345
29667936 18977851
68614810 44634619
8854004 38932069
79250272 2015388
15821132 85738558
31371610 73615818
78971060 85599074
39958718 96742635
29117309 43065895
13692277 64558688
31710310 73498658
60759679 18768143
36405200 39938013
17254487 94337137
46560174 9573806
56468066 41876775
23352535 28347868
14456946 80862429
32820394 13111897
8409567 99294011
37952045 94585004
46023680 12456829
85065270 78881181
92501399 21502704
16782926 97663337
14931391 92687877
30077147 64749300
44623441 92431064
4082256 97611001
6668346 97799766
50718412 95234475
94059792 74654888
17664756 8986888
47895177 35224403
85816784 15957937
3168531 20567811
61127982 92407483
25972339 78770155
73562310 60756552
35260048 93982591
69974724 5482084
26270914 18354867
11037226 45396413
86534644 10088148
82877546 11178938
47577529 49100770
54681995 28439269
28669572 22263169
43406025 66485258
37892998 3734135
54483806 64511075
40011547 26128716
97380387 37646972
80368382 76889939
24475341 11090134
22488795 37040006
48885508 77507824
27609425 64031519
2655421 20566624
90588535 15088807
74506350 64372227
13627608 55498995
86901855 49352394
22941778 78721656
15436179 30204282
63379508 85496745
9817293 91318872
7137150 12607216
87780873 44240423
96675507 69730225
5118746 63646942
67180713 76485409
56343590 88732300
10903430 1678987
42997731 87095469
44601114 53596716
1198787 11417768
50935017 57441615
40883456 42833872
97791890 32610946
57218970 95832885
41303669 32870075
61441818 69067080
51779339 94739855
37759754 34623362
77423303 37487700
50445861 74500266
56457404 31981176
36408981 18721480
26270370 74734656
84865749 70605713
14595054 48523295
39979429 66428109
48041712 53586486
48536941 35557472
29835054 12705919
59372780 30280758
33642170 32916166
32447899 81407592
247880 40593825
46745299 15740636
85924373 73061865
84955464 34469820
63489315 60946202
57805934 45377758
35565632 75388928
23519208 63163197
76924769 17952133
79984466 1494305
7273948 72978245
1121517 93527190
46849627 66746687
91852897 67592317
78407912 94075467
65939150 58845036
12198542 97340111
6670608 80150798
7649580 56102150
66576624 61300139
13215529 5415272
63759456 29663208
50633305 48669771
27795313 77000379
90785997 74433050
47955282 12137056
52742461 51377511
90523440 11819691
55995398 57920428
47957421 80456093
62313058 80517802
3801782 5341909
55321753 98813509
75154580 63550585
54202063 77041292
59432644 15614980
65860519 86372730
79955288 75826068
87925639 78395687
41494335 17386218
70412259 61285160
56586214 36383295
16958244 39948490
24505071 16417270
83456364 56132361
26682653 80219718
16379558 23430030
46479700 2627383
56719936 16532630
26859101 40438585
40510483 19241284
71647033 138053
61164677 8489036
71736846 29696713
96293837 83421729
49722369 79965196
34346765 1593760
55248130 46955886
83214823 14203854
75972912 23517034
42074629 84906878
48837454 61230531
87450075 68720976
19792923 94562613
38152418 55689756
84300281 61819427
57795993 92579282
88707869 99066275
63601608 23973745
95883344 61876613
83968581 43240049
65410537 81621089
60926764 28288552
81965852 42624467
81475067 17571000
8137461 16488753
25581837 6012109
32279023 46406365
1076435 46134235
29469629 72104349
25951852 57809339
93950435 28826105
58601118 3497223
70777154 96031371
63509003 15943368
5133904 19231098
8320604 7434444
31723906 28401293
47057405 39544807
11668768 57818713
15939539 26704361
62737403 65174374
94093580 74123023
68262 88332838
23529036 56582297
78448101 64708119
29874251 41258909
19910573 15716864
15276105 40149781
36006160 20038918
27948392 92859432
36936747 26939279
56882882 87427185
18087496 7645662
80699285 10903496
20613172 64894458
89356344 72397135
98270613 75464700
7764788 5697502
28654969 40415119
35880145 8945721
40017736 72581033
23327474 9776080
16906100 37462703
5364056 97432922
25842620 49085721
64161863 20748109
28720346 12436332
67601268 28485499
74491696 91735100
55923704 58925530
64190219 18065803
84932977 47006974
6018585 59308413
87436869 31479656
71990601 851256
78972706 67844568
56876462 34740237
79146700 61699579
13998999 53031708
31183658 61034010
7709264 13512109
64425955 9258999
42511106 10840057
13250878 93350586
41524926 57622088
72214008 45842327
72836180 39895679
44632530 51695396
19856425 61897207
11987607 52817780
60870748 2442855
61677443 74622584
52593269 61335988
91399768 3194156
70624837 76155351
58662696 9081692
53827392 39328817
44104463 10808134
89283958 93274961
68490121 26672585
83352126 31907914
84473986 43707345
67976700 8963567
19242478 81234363
97653530 94466767
67484191 27166732
78876662 20509158
93613873 18452434
78242313 80389358
78080297 17475411
60575651 58805872
25467985 14169684
86006250 79965246
70667398 68997757
61380685 25593719
66734725 41054472
92196672 38610005
73236 53518081
67410187 78357857
39447884 30841157
22560427 71354740
27651034 95417844
81553284 81791360
76201931 26837062
92681531 68378391
54469296 36806329
95364767 12086700
1531938 4424119
31672652 27253966
39550818 52156020
45503771 6310254
72794181 12008060
62509948 76919947
26923623 58405690
49811356 42929174
25235627 19934009
7783051 9299203
79531751 26263164
63713928 90681902
34758312 50789231
81663359 42367770
29218072 17106873
5275683 97333473
6100640 75099783
46176521 85838208
54974947 96942779
64827972 44472980
70196299 81223261
74767206 38377457
13910075 51270233
12241032 95768935
55074873 76168726
49352776 75893355
67757415 5211481
94860729 34293925
23256869 45194687
40978596 75220753
54057926 50974639
1994119 72527834
31525715 83294720
73089447 44822369
49576385 33028443
28411061 65096049
76838400 38802880
14616300 23683246
24052533 86355768
16538867 45903500
62641761 96556888
52694565 83881922
588012 40198001
42819907 82591646
13057746 60389822
10619959 24281762
58673852 80503044
85060694 8003517
35802461 98730570
64782380 16845166
56617208 57850179
6760664 81087134
12186927 24767370
44958947 59885127
608120 57143960
23468289 84348313
42702787 11159781
66961461 64255205
56504831 83038488
44651764 39692733
97243757 41803068
90922179 99659664
32856712 39175813
63481594 59946285
95640085 22239567
38003102 69835272
65523453 89648947
31130801 5866257
51113391 87220784
53148412 19802536
99058046 51864749
82660739 36346104
11708534 90528026
40347736 5053338
97633305 36943711
57563392 3122615
41345242 75997074
67425446 91866319
23878836 88664523
80998288 98811502
94284220 63332199
86074739 34152693
86114292 40845262
38099678 17143998
80810465 83539251
24140693 95996741
91116843 64539292
96065700 3261423
62167445 92708209
85923860 33293670
57818980 33057992
21582324 85677325
43119668 79903842
84176101 34053391
8355177 86428267
75597346 86387002
99532194 37586868
40770276 26356903
22663082 16171678
76267796 27674800
23092451 22242700
21216469 74106136
78289952 6360310
46208842 91959555
80330243 60481168
7436140 23652113
65800444 61094719
30142825 11023455
53266090 95235854
52436252 81760372
37695072 31857056
38260851 38884623
6117725 93943248
91228436 36480465
22327053 93852656
39186197 33143866
23074546 85328235
1592307 23463158
98540740 43904321
8503817 98079419
79126390 70915451
19123011 46932709
37885148 54804017
41249523 42998945
57459505 88491720
39047483 43845484
23404649 34867904
73381185 54928262
57387693 62903139
60412852 56316870
60205709 1752428
45332943 90800962
45197490 25793734
69204577 30014305
259454 26164010
63755812 95798452
94848527 14641663
92959912 94778957
29682828 61243473
53948194 40285467
64100519 78688857
88966623 9612597
81400442 89977447
39038315 36591447
49790543 81796211
93546850 47125956
13430709 7420383
93978358 93489976
67035592 81835321
52342933 99484988
36475333 10251310
87162006 55548943
63746492 78777050
89590597 24601137
53309157 45416959
3211646 81177502
69696231 27104310
57819855 64378070
85020211 2895063
65366594 43319251
65665939 56386562
92389095 95862348
91598750 82471869
73002924 53358944
25949798 52087011
96506717 64647697
36758463 76073873
24743855 57142928
97643031 58297940
73914025 57280568
85585215 5073332
99593348 52230661
92000541 90391155
60859128 9276066
11995411 47146549
17763299 35776052
37250010 65319459
41916053 46395981
18421965 96227253
12989007 14156291
99289485 84808967
26236530 42090724
7724330 26221548
26864914 9980831
35298821 65317582
60970101 71118553
58304526 20754783
78965614 17649469
72409185 90892117
4615727 66690809
31345153 67676017
76147398 88866946
58158859 48970297
84606849 76074180
49800303 97653766
79583793 12140671
43963083 1734370
80975907 18052431
83201456 79418216
12722696 91897731
2031773 37005292
68844633 93809299
6574474 65577270
74078296 75245680
29607088 573136
56223041 21210613
18240361 10600981
66351452 94045146
22139817 14908648
22620725 1212951
76888130 72127773
41894997 45137887
99532376 39491016
11965172 39942953
40006763 83023101
15508665 43480500
8065896 20215586
78506702 68941766
13767590 25717978
81117973 73713234
78963215 67035437
31942519 31927536
74080788 26248813
62069437 81792298
66470298 45039576
65135635 48309574
81159146 13802081
3742142 33887646
75317312 35018297
12256613 51095346
88066558 15660043
97202720 96696029
36063941 89928720
40624598 79574246
85277274 80402536
43090737 83235595
65726325 44196458
88923956 22579696
13207926 39814750
86404332 98295427
50316634 87432265
47664023 99795576
56802509 24378884
50359111 52104898
70032501 35469655
25374132 49187197
71283217 21750401
15891395 56594904
28519563 40002576
11386792 68700372
42278020 52695607
19313599 76627747
51166315 77517471
50096371 78456225
69235975 4849628
82027158 57230046
46563633 54474153
78121186 20314847
40318100 53246056
55225728 96931304
6346780 96022923
7208604 37324126
78230022 41996633
4470021 92015993
9073424 85422354
82356079 34767222
81274827 21314543
89994521 29794425
36012229 52194161
14060079 40404728
49830391 98802162
56108316 15462506
97043520 81916653
98911668 86017458
802966 95853896
64144393 17736198
55316710 28057392
74558580 26392262
87657700 28893119
18807027 32183028
51585388 11070197
86638025 63453671
16791412 34763477
98671772 59100559
60938015 19612165
66762 15013527
37575830 63326565
65995492 33790179
39830523 63400245
15010221 81739917
32511587 80797612
30506924 88912695
21960426 93209622
68488528 11553140
33096047 28803138
85812632 50805832
6454028 83514994
49215003 27715375
49724034 38534614
28490925 34508210
45270866 11980822
66128555 40737378
42739510 84905681
53695085 3770826
54881629 52669588
37658917 53278525
91912436 12836357
63862658 82108506
70178929 86299059
17633813 27766005
63316985 55148343
62910141 5324372
71165297 50186189
93518269 27415779
16905296 20362020
30881364 78720452
63390140 43779349
77938494 60450621
24681536 51708087
42684943 50068738
75015629 13722715
56093953 58290598
1722255 37947001
29197737 98112926
24146610 40666710
44984437 84879216
22702102 55811204
99566846 31561629
25858078 3805311
63474903 25332009
18585045 16399629
55098315 43158257
54311347 43853537
9190647 74097356
91616781 50385840
56428781 30405349
87498959 20776475
4493995 19068554
96978070 21106011
91055108 15161290
72901653 46484344
47981893 1991741
77558460 30938308
29717583 24190075
11399871 28063712
72794546 44259820
34511452 64026782
36282291 92582453
52363451 51627551
14416019 30642291
71733016 46963941
75034209 80027222
25254778 4689312
15111470 74329647
40859820 81015198
96577084 89855321
5580929 43471152
18095818 59396223
1054614 54318737
99661 73320592
12077087 73572836
69850402 333164
84185741 73111105
45334931 27801925
58764569 31606556
87887213 90556425
81060940 85725822
65721950 18350508
54214656 93346058
61729976 45444747
86469275 44814070
2840438 34136984
47708676 75822073
58966910 6308466
77383182 59545965
10234559 97602235
46161100 3235474
94235005 92283385
75335814 62816502
93435069 45205505
60044179 17554198
21704530 22690657
25817056 76394461
7573279 10085748
91862000 42741741
7291496 61060269
13706587 94215160
92369931 87224443
6090248 22148887
77138799 88218997
46989580 37508013
83380822 10551751
91962888 57161574
39746986 53097210
29341746 43806811
2494385 73036567
28606713 28654099
31762559 47464105
89359371 71862510
44492384 49130246
22961715 75276434
56176954 44553781
37102838 29781704
59578995 59096529
65005964 75951786
34830715 87478588
61914067 82995310
34014478 92837895
10175130 43182030
75849057 82277837
58270341 8552127
88602685 6837757
57030195 44480214
25709701 57856336
41538746 80974328
75358727 39885272
30158879 29248842
34299547 583373
51516192 8415401
46292379 89884944
88579040 21903535
43952098 88575094
99694709 79642417
37218390 1128312
26785173 93068321
18452995 16498434
80870148 7813453
31876794 59770499
29223270 77273484
93969231 86140638
3671071 29012125
89777483 20288400
52616248 45879625
73931214 71824813
95744654 24701818
42861472 1387708
52433445 41268679
73592554 45273180
61845528 9243553
7796368 75156805
69559523 67066154
32778632 23999647
75182844 58902480
34733176 76574562
81775596 18949556
69907633 39662645
70941435 19927314
94000262 28415007
38282780 46542621
77593535 97562488
17624333 18454519
84989298 93826597
54987728 58700727
73484606 51844170
11773766 85415255
60946663 86884683
25709239 14680235
53362661 28455201
60369033 48164558
26545948 29277405
49481700 55810876
29418902 1023098
380776 81021575
12187999 98678499
39647170 47169263
35784057 14975853
63361958 94278942
73338441 47681956
56120945 42739318
89969998 53086358
37667148 71856262
43947300 31070811
69907754 91619622
79187221 91413355
77949857 28587731
52221545 38679714
87648837 12260042
6590690 58908357
8268055 74849436
100273 17772460
47327150 56586201
76074418 78099694
61128594 88945161
49768954 23258514
21196116 34887964
50633350 4687161
3379604 46301736
35329776 5505767
36510322 37553415
95175542 84549029
1057590 63882449
20478077 95026542
57606484 3752535
12314571 71592569
73894996 34198810
26057247 2812576
85262016 85709046
30191146 95314148
62630459 24251313
5028975 4818663
94399714 95230385
71247651 38629136
77161954 31110077
58043908 9191251
25008490 86710769
69246706 95513071
67433669 67098292
82450856 31359892
59598745 12375557
39828983 22598596
81839936 34147136
42613626 29934010
51714844 87732075
94132993 54621863
82025376 51904637
89505246 5696303
94526900 25294672
55755387 88257183
94357848 953402
40644708 46903547
37194374 67353480
26951486 32055889
49473379 55424308
63134195 25463778
12745287 50120740
80464380 27853679
21365927 99822847
30759724 78981877
67855220 231749
46944357 97941985
14382277 60594923
79001094 28058883
47120251 44125554
88279262 76167101
38352747 17821672
53576996 60070450
96459533 66390423
37449276 39311624
77053358 4690612
67939743 66793886
64055536 25803849
5641346 73473939
17816594 40396184
52219101 77301907
7968265 22958904
53456646 72510568
4133153 79618208
59831405 65502385
93239134 60077783
20382790 77227016
56495283 4165441
33885093 78867493
12790236 9785533
84388888 81114218
80061422 39154056
56922044 86929875
89067296 87825880
77182765 45802773
7577612 22612912
41477241 35456800
65689329 71306263
49656832 40484286
98292218 20636760
85676772 79935208
63367269 42473798
25370719 18968359
5904166 97031334
48213738 84540071
65473128 17323216
5790392 8911853
91060995 93060146
32157985 58512073
