1
1000 1000
96 765 578 728 937 951 146 897 310 712 88 79 516 462 762 63 448 447 733 380 918 44 40 807 808 801 367 703 119 618 834 552 885 812 350 996 968 750 817 775 99 932 396 140 858 802 13 997 153 655 409 582 205 19 511 250 45 318 252 211 330 790 926 338 332 460 371 606 658 653 721 285 909 870 691 684 412 943 555 8 391 204 625 645 16 674 613 150 175 869 254 970 238 59 154 777 348 432 69 158 759 455 848 160 115 526 87 339 563 403 15 527 782 281 614 539 608 435 378 24 977 596 39 533 27 433 637 536 21 64 659 12 407 687 982 255 675 734 969 839 543 74 312 113 787 497 466 329 748 514 243 7 444 156 717 440 758 688 71 576 256 410 128 701 416 421 372 974 983 428 123 171 221 347 180 585 694 594 964 134 441 357 722 518 927 163 565 524 481 627 67 643 364 401 411 101 791 274 550 351 914 544 568 257 387 517 224 532 689 592 479 422 649 162 647 325 264 247 438 711 577 833 636 483 439 246 336 665 766 431 304 761 60 229 898 727 988 816 1000 984 917 756 177 173 368 354 183 900 184 741 697 237 420 26 437 818 695 510 604 534 244 770 418 114 265 633 262 4 297 157 737 90 77 452 287 406 888 278 450 120 702 763 496 29 515 668 541 240 187 693 141 925 994 908 859 720 887 783 193 459 810 574 130 501 560 540 739 561 443 122 259 155 390 369 170 289 105 148 877 895 973 203 944 597 934 946 749 779 774 634 178 451 803 360 117 137 650 82 61 972 572 488 103 200 564 696 842 600 998 616 298 899 631 355 827 195 323 959 319 629 291 207 217 602 189 868 93 767 910 507 209 276 3 181 933 334 591 999 662 313 542 53 732 215 876 698 231 66 55 282 856 981 25 708 630 845 152 219 772 669 504 841 311 498 989 654 376 210 747 199 573 603 482 327 513 939 963 149 814 331 374 356 78 273 752 628 715 784 778 824 253 760 51 849 551 296 83 18 792 679 34 735 815 292 485 35 478 586 612 975 886 607 426 125 958 610 303 719 930 486 6 547 819 622 166 320 883 75 569 198 227 879 191 194 476 593 449 509 279 583 306 121 384 768 548 305 769 176 840 142 850 705 938 144 413 745 967 683 241 456 751 644 283 316 929 42 290 190 642 47 889 359 736 830 506 986 667 500 381 881 395 921 343 664 307 755 955 873 373 519 208 666 267 800 172 962 615 49 118 598 699 523 680 159 419 786 806 911 915 502 558 847 164 70 249 912 38 685 854 512 923 457 362 232 302 878 399 365 731 196 465 402 30 902 429 528 471 894 32 529 46 764 916 589 108 780 475 907 341 490 571 361 408 852 940 882 718 871 405 503 656 904 394 692 145 788 317 41 491 890 521 263 377 825 179 753 493 995 663 397 213 965 948 182 112 468 903 169 690 1 611 795 346 956 104 726 245 270 941 487 875 931 353 559 328 92 776 546 867 635 831 492 223 785 301 829 619 935 68 261 366 222 98 260 723 805 135 864 277 126 584 242 33 562 76 424 110 709 111 324 725 230 20 22 417 300 10 48 95 472 872 843 554 686 248 358 553 107 309 379 861 17 681 425 57 167 315 258 136 950 236 129 716 11 434 581 284 326 990 828 314 993 545 80 985 924 976 913 398 676 820 641 567 866 570 794 566 293 214 865 131 218 704 549 893 920 58 430 537 168 623 14 299 851 672 294 713 54 393 966 657 626 936 522 72 333 646 954 477 151 206 308 192 442 23 844 832 729 880 37 272 743 226 386 595 427 781 789 700 677 980 987 609 661 952 464 530 857 835 436 286 473 892 863 837 891 799 2 453 520 757 538 94 771 740 50 86 100 202 352 225 855 174 106 499 275 295 953 535 28 978 638 922 620 404 601 212 617 383 821 798 710 342 813 349 216 363 961 389 738 773 147 744 826 632 639 494 707 746 579 85 682 269 56 186 84 139 392 62 928 73 234 474 400 673 979 31 116 652 660 793 228 874 91 901 470 796 590 971 337 375 288 846 251 992 340 89 884 143 127 201 322 370 165 52 942 161 36 670 197 461 809 905 97 754 233 919 804 321 109 414 742 896 133 335 949 185 81 508 385 9 235 587 947 102 945 706 724 823 5 268 484 505 860 838 822 388 138 836 280 957 495 605 446 991 648 345 588 220 124 714 489 678 239 853 344 575 382 862 621 640 960 43 624 651 467 730 557 266 65 423 580 599 556 469 271 132 531 415 454 671 525 797 458 480 463 188 445 906 811
35 522
611 749
126 729
312 481
598 657
746 851
218 814
597 923
396 981
154 625
127 137
150 754
34 764
223 712
587 807
65 834
354 691
406 793
163 656
282 671
209 861
288 335
374 385
769 770
495 715
722 806
145 620
821 826
571 644
69 959
188 781
433 499
7 760
285 504
78 457
396 819
415 492
13 316
217 876
370 622
397 842
413 588
139 321
253 634
116 235
156 337
690 891
163 733
491 835
609 915
18 355
272 686
69 867
657 831
126 573
196 218
232 510
876 920
22 746
29 806
631 884
297 840
87 200
13 756
40 524
200 675
206 767
284 456
104 650
280 780
516 884
190 375
453 667
17 267
185 987
109 316
329 632
445 516
181 999
292 998
127 762
278 383
393 789
681 974
543 648
692 693
648 922
867 977
53 705
128 399
119 923
302 784
391 947
144 316
33 336
411 825
213 771
557 579
34 85
98 224
404 716
163 799
248 414
297 560
106 291
198 647
385 1000
271 343
118 304
277 863
374 829
522 626
154 822
691 894
141 827
13 605
205 291
853 937
301 695
36 254
96 291
266 757
108 215
533 751
80 160
34 724
322 354
410 752
467 835
431 583
280 431
268 867
972 983
568 800
331 478
199 915
784 837
536 638
497 948
2 822
547 574
262 868
62 936
493 685
356 889
26 122
22 504
416 914
233 373
150 353
568 902
470 944
83 264
691 861
484 498
128 173
501 551
487 922
318 413
737 824
696 758
486 555
671 797
211 415
3 575
102 266
11 148
362 754
243 555
9 859
62 590
200 694
30 671
515 564
166 632
834 986
178 380
285 890
104 789
524 905
69 295
478 612
25 262
295 640
378 548
346 809
242 772
230 432
83 348
690 762
414 854
578 579
652 918
122 366
451 887
108 992
233 380
74 871
176 378
193 514
530 644
66 221
1 685
137 260
64 532
404 941
336 888
454 788
580 956
654 724
225 425
211 509
490 640
517 774
590 782
174 663
541 933
361 405
61 534
426 765
921 925
670 923
367 409
189 548
61 972
58 656
213 260
362 781
332 432
402 717
553 845
248 297
631 971
534 818
245 817
157 894
499 726
513 552
328 718
36 226
405 867
338 825
149 952
248 270
502 510
356 475
767 981
35 741
659 688
952 988
477 935
731 975
449 703
74 168
222 925
317 391
218 827
126 191
312 432
628 886
402 569
321 414
361 537
435 729
544 786
8 791
516 885
508 908
102 708
373 476
354 446
399 548
457 710
516 936
96 976
110 972
42 435
397 862
649 932
637 900
637 723
72 965
156 693
401 695
400 637
518 772
173 434
297 969
28 30
298 599
823 859
230 916
563 826
125 258
240 783
157 892
325 446
388 429
277 757
722 784
316 581
112 769
6 550
48 287
550 567
570 793
601 844
264 274
118 402
74 487
668 900
427 763
294 928
666 770
305 862
320 330
332 960
190 216
61 640
251 522
554 903
609 708
75 504
239 370
165 175
804 855
208 712
473 957
18 241
341 910
549 686
243 357
332 417
18 459
540 948
239 513
786 865
141 600
78 332
83 790
392 769
82 602
50 199
525 550
808 930
445 908
406 515
215 277
124 880
62 717
286 747
826 924
113 816
3 309
360 795
28 508
868 943
458 851
750 756
2 369
15 748
106 173
377 558
471 892
267 839
288 876
256 257
17 227
204 269
366 650
54 604
10 310
324 475
612 997
709 921
105 139
3 691
211 794
92 377
524 958
464 891
663 991
283 827
226 660
742 907
40 733
346 685
493 618
192 917
860 950
255 633
373 890
330 840
478 692
92 253
79 987
10 727
502 987
192 261
407 988
315 728
417 725
287 986
133 151
308 625
199 723
238 285
141 341
406 982
70 943
515 529
173 243
434 651
102 525
362 710
204 889
495 784
706 933
360 625
906 977
25 878
243 658
368 863
737 745
619 639
203 272
327 372
320 329
49 811
712 827
527 849
758 766
198 360
331 843
139 547
684 876
155 743
226 946
509 805
274 804
270 917
247 882
239 293
466 878
600 967
662 718
183 581
822 840
123 841
194 853
386 488
583 718
640 817
459 774
43 375
89 729
295 547
491 657
545 573
251 282
327 510
407 497
20 348
222 632
507 644
40 768
173 969
72 701
255 490
141 214
37 565
480 896
83 840
24 610
122 704
39 325
836 931
347 773
381 568
391 945
843 853
339 435
177 615
511 785
30 571
658 859
66 799
9 73
196 204
226 829
35 437
680 721
138 569
99 429
417 787
190 966
298 998
54 745
301 669
95 586
221 227
354 996
732 790
45 192
470 837
116 290
881 956
96 928
766 937
332 715
85 335
414 860
282 871
632 710
225 630
121 694
209 705
222 315
608 782
335 846
202 273
3 27
372 964
716 836
527 804
381 633
139 503
450 708
484 816
233 363
356 730
10 849
452 761
441 864
107 247
71 789
120 717
453 758
218 817
36 777
100 699
483 696
322 737
599 677
4 482
254 267
122 714
346 537
388 738
305 886
247 879
39 274
810 814
213 636
357 572
421 643
405 844
374 894
150 777
393 932
208 731
543 699
30 513
715 991
187 373
22 850
27 590
14 568
338 694
240 818
192 756
263 436
233 732
246 642
613 955
134 538
599 802
473 669
233 834
4 884
643 824
736 871
220 781
539 694
714 843
256 343
407 475
278 349
178 868
580 622
122 316
231 967
111 170
155 558
4 778
52 244
292 853
900 942
411 716
363 890
629 784
225 438
70 558
516 542
11 304
520 698
812 879
347 351
90 530
527 744
263 377
898 961
701 888
139 867
822 882
155 293
499 769
145 313
471 742
262 360
203 638
212 417
183 722
21 220
654 912
142 458
269 746
526 778
218 534
142 234
166 516
414 829
583 969
349 365
157 482
27 706
375 919
345 713
20 386
48 902
87 409
819 912
317 613
72 706
242 401
8 232
381 679
184 639
564 943
241 818
486 739
411 875
201 438
674 979
40 876
123 344
5 811
9 840
691 929
302 794
224 275
444 522
720 742
63 361
109 447
445 450
469 644
92 152
617 737
433 513
210 846
9 602
76 441
23 508
889 898
72 330
849 908
954 999
462 653
3 459
174 694
365 889
172 688
327 997
166 392
35 954
56 258
179 511
122 516
32 503
539 711
323 773
81 175
138 769
610 942
815 893
24 384
160 681
20 765
289 969
189 336
843 980
71 938
445 978
126 665
116 480
193 960
448 784
291 614
146 492
678 834
461 939
422 760
10 475
15 385
280 687
245 392
368 959
399 741
83 689
797 998
374 442
410 910
120 450
128 715
197 381
105 372
737 921
782 840
350 986
99 674
558 652
446 877
501 670
107 964
472 714
441 513
678 724
50 677
371 990
236 974
226 863
137 883
301 636
502 968
264 804
273 719
592 666
301 779
384 922
862 965
7 317
362 453
259 967
165 502
3 389
946 946
647 952
595 700
784 971
234 474
242 679
856 877
368 607
607 726
154 747
462 721
638 882
543 690
120 275
304 699
565 644
341 925
824 913
644 732
185 432
116 380
481 814
66 471
122 704
170 665
123 856
459 808
384 774
797 955
473 524
515 992
22 937
246 556
272 668
789 968
373 890
454 833
732 973
465 716
182 394
201 588
761 844
439 881
379 712
43 943
843 903
107 359
198 430
252 814
201 357
619 629
543 759
76 877
599 876
34 787
339 697
352 762
81 520
114 564
81 842
83 259
7 203
75 777
283 391
161 926
261 561
95 463
740 849
98 602
417 831
302 637
645 796
552 569
640 914
717 878
771 879
250 571
50 460
266 792
434 902
744 865
160 671
137 603
549 953
222 261
109 928
472 857
82 271
8 512
102 874
264 529
238 695
448 875
324 442
354 701
142 603
9 313
315 588
284 716
42 330
204 845
16 683
520 967
335 914
16 281
667 849
6 820
61 704
177 805
327 552
539 953
589 949
181 611
579 751
199 878
748 859
411 823
583 987
568 748
344 644
358 451
355 561
171 418
347 898
219 775
152 876
550 661
233 517
156 325
367 695
309 511
285 576
229 771
58 125
501 877
260 848
778 944
336 850
453 668
684 877
534 633
200 880
300 829
167 728
253 439
17 525
275 750
98 943
203 342
81 891
48 384
177 248
159 317
62 822
687 726
512 545
564 655
212 811
108 272
251 525
99 328
169 698
601 951
228 763
210 445
553 838
611 643
416 549
25 920
82 783
251 780
69 810
688 694
226 696
280 485
344 354
410 725
89 412
774 985
238 894
206 980
729 926
190 985
169 390
493 753
381 426
713 768
120 286
527 629
12 589
610 993
738 819
415 777
272 534
423 570
465 604
234 711
219 657
542 608
275 908
730 838
2 679
77 708
155 463
7 11
362 369
347 784
296 352
244 401
439 732
320 800
865 965
489 545
341 379
32 238
35 543
321 781
683 922
127 628
155 422
405 596
537 789
793 900
262 546
224 992
515 628
326 804
497 508
391 567
620 768
334 960
253 684
340 388
758 882
655 846
469 958
260 561
176 735
260 606
579 760
200 713
34 402
204 653
200 253
