57 52 57
14 6 27 50 21 53 45 43 13 55 48 32 20 34 31 55 34 41 24 53 37 46 47 41 34 1 48 10 19 25 8 45 33 3 24 52 40 47 48 35 48 54 55 49 34 45 10 41 35 21 4 7 
29 57 4 12 43 27 19 38 36 7 40 22 44 45 33 53 21 8 21 39 46 29 50 30 25 21 37 25 52 43 25 40 56 49 55 55 36 23 34 16 54 45 11 9 3 28 22 56 31 1 30 42 
57 31 9 16 28 48 41 13 52 53 57 38 21 31 7 51 55 21 23 31 25 7 11 3 27 36 32 26 4 11 55 38 45 49 48 52 52 16 11 7 39 54 51 30 21 25 32 27 14 23 10 27 
11 46 1 42 17 19 12 26 28 11 19 5 50 48 31 1 29 39 29 46 48 54 12 23 37 38 51 32 11 29 6 47 11 51 54 39 51 7 23 49 51 56 29 52 35 22 13 4 46 46 53 41 
13 12 12 4 34 14 17 48 5 32 34 55 7 9 12 24 28 24 36 4 15 23 18 10 1 12 42 41 31 34 18 33 57 42 3 46 9 50 25 20 21 16 50 13 55 57 30 34 12 53 33 4 
44 38 17 13 30 26 4 50 8 50 36 35 22 26 7 17 31 1 29 19 33 2 24 13 44 30 2 35 9 23 32 10 14 28 29 41 1 6 54 10 34 16 54 20 2 53 7 17 4 26 54 32 
39 9 27 12 53 31 47 25 30 38 21 8 20 25 55 25 51 36 23 14 8 27 48 28 22 34 43 23 2 3 44 40 28 16 42 16 51 20 2 53 22 31 12 8 57 17 34 12 51 56 26 3 
51 40 40 13 56 4 50 46 49 2 27 27 18 38 56 14 23 6 29 2 39 22 28 42 44 11 7 32 18 29 14 3 35 28 11 40 7 5 15 36 40 49 35 40 36 3 22 4 16 33 16 18 
2 14 17 26 27 16 7 17 57 28 32 23 28 20 40 26 6 54 9 52 29 22 30 52 13 20 5 46 23 9 47 9 6 57 9 34 28 54 53 1 28 32 6 34 39 24 41 6 48 19 40 15 
1 30 45 10 51 25 24 33 24 25 6 48 10 15 6 9 17 48 45 29 20 54 15 17 10 3 48 52 49 43 34 17 28 11 32 14 44 40 48 26 54 5 41 25 3 55 53 33 24 51 25 47 
12 7 24 48 28 29 16 18 47 23 46 12 54 39 2 4 12 1 56 57 54 11 50 23 5 48 15 55 12 19 34 35 44 34 13 1 42 14 15 14 18 7 54 36 35 15 32 22 5 21 29 39 
11 33 45 25 36 2 41 18 31 11 30 45 46 40 2 47 24 10 6 22 1 6 46 41 22 39 11 24 24 20 40 37 1 56 36 55 28 29 22 6 47 20 47 20 26 42 23 2 1 52 3 21 
16 35 45 56 55 28 26 18 36 56 45 45 39 12 17 53 37 49 7 1 47 49 52 26 18 31 44 42 22 25 44 21 53 56 25 28 31 6 25 55 2 6 37 55 12 47 33 27 44 49 6 50 
11 45 20 38 57 28 56 42 51 38 22 35 13 2 50 48 14 53 23 33 14 47 7 19 51 3 28 5 52 49 9 36 20 53 9 14 6 15 34 6 35 15 30 1 47 5 44 37 43 30 54 41 
18 4 10 4 3 3 21 42 56 13 24 56 13 56 39 44 18 19 13 19 23 9 46 57 48 38 37 44 31 36 23 49 8 27 25 10 45 26 8 51 31 10 42 18 44 24 36 48 32 12 17 15 
2 52 26 49 27 29 4 7 47 3 43 13 26 12 17 5 31 57 23 19 56 23 9 50 8 39 22 17 19 21 5 34 17 32 8 21 24 28 38 2 29 51 50 13 2 36 32 49 40 56 13 24 
49 52 9 5 18 10 46 56 32 51 46 31 34 7 54 50 18 19 28 45 16 33 44 19 19 34 27 10 9 4 18 2 10 42 7 11 43 1 8 5 24 27 53 6 15 20 50 41 21 47 9 52 
57 24 49 43 27 26 46 15 20 43 35 6 11 14 38 28 18 15 57 29 9 33 12 25 41 21 47 52 36 56 50 22 18 11 10 31 22 35 47 51 49 6 32 8 40 37 16 47 56 9 25 33 
3 14 41 39 47 17 28 23 26 26 12 42 40 10 37 50 21 36 23 28 48 10 41 50 28 53 32 2 26 31 57 3 30 14 24 25 30 37 52 53 34 47 26 48 41 41 52 48 48 10 15 15 
45 55 8 36 26 51 53 40 1 32 5 1 14 27 32 1 46 12 8 33 20 50 56 12 50 51 56 33 14 18 25 2 13 13 11 52 17 16 24 23 32 24 10 8 36 39 9 1 35 49 34 28 
16 44 24 56 25 54 32 40 49 49 37 54 21 11 27 30 55 21 8 39 9 54 21 51 17 20 53 29 32 37 55 49 14 17 17 23 42 50 18 4 16 22 29 53 20 49 32 3 15 1 2 24 
9 7 49 39 38 52 33 20 32 44 44 31 18 17 13 7 50 22 13 54 18 3 43 13 7 45 43 48 38 46 30 49 44 52 5 14 18 46 14 36 23 37 30 21 50 20 54 43 9 49 26 3 
24 20 41 27 50 6 41 3 46 14 49 21 54 13 6 48 36 37 3 34 31 38 27 1 45 53 7 18 31 38 20 8 11 12 8 13 33 33 56 19 50 56 22 53 23 39 55 40 57 57 13 49 
41 28 30 10 48 10 43 25 29 4 3 10 42 22 26 32 28 17 38 31 10 44 51 29 16 43 43 4 45 19 9 28 55 36 15 5 4 37 46 38 29 5 13 55 22 18 26 37 14 16 50 25 
24 33 4 28 48 46 45 34 20 23 47 55 25 54 21 2 49 10 47 41 54 21 20 57 20 13 28 37 44 18 23 55 40 36 33 43 31 52 31 24 25 36 46 30 8 9 32 34 30 39 26 19 
13 41 43 25 28 26 14 1 50 8 42 1 15 1 34 37 17 27 22 6 43 35 25 23 17 14 17 43 31 44 48 34 42 11 55 33 24 49 39 34 33 23 30 3 11 33 44 23 31 38 20 11 
42 35 49 9 19 41 3 40 54 43 19 47 15 24 14 16 41 13 53 34 42 53 53 8 37 9 1 18 28 47 8 23 10 43 27 7 29 51 22 22 27 21 7 39 18 50 35 42 16 50 30 33 
8 57 56 21 45 48 44 37 22 13 23 54 32 23 18 43 52 25 55 57 9 2 46 7 28 48 56 55 27 8 6 52 36 35 42 47 44 57 16 48 12 44 15 40 57 32 46 32 30 56 2 20 
18 38 26 19 10 44 48 9 8 40 25 39 48 33 44 30 55 44 21 38 42 5 37 4 19 16 6 18 19 6 32 20 13 52 52 33 38 12 13 42 19 46 46 14 37 35 41 48 49 22 16 7 
5 13 24 41 44 17 38 34 46 39 28 14 51 17 32 1 47 39 2 2 57 23 42 4 27 26 24 48 2 12 50 9 21 1 45 37 35 50 19 26 6 57 33 37 7 3 15 5 52 53 29 13 
31 5 51 44 54 54 39 31 7 18 42 12 16 29 41 12 33 31 39 6 48 43 43 12 15 30 16 30 26 10 35 8 28 52 37 57 12 29 38 28 17 34 49 43 53 55 48 52 54 53 55 2 
15 5 51 47 53 29 36 9 21 51 7 51 34 47 10 50 30 57 30 27 6 19 38 26 36 29 27 4 22 29 38 33 5 2 1 57 17 18 19 54 36 46 28 37 14 55 44 32 51 45 45 6 
33 25 18 36 51 31 13 41 47 45 43 34 38 50 47 1 21 49 56 46 10 51 54 32 41 40 43 19 5 55 39 41 30 11 27 40 19 3 25 11 8 2 32 2 37 9 13 19 16 9 8 1 
12 50 10 54 25 21 6 28 43 33 39 8 15 12 33 48 40 52 1 3 52 5 55 41 1 16 16 45 41 45 9 18 37 44 18 12 18 40 1 24 15 36 26 13 16 50 15 39 29 2 14 25 
27 24 18 10 10 37 8 43 2 51 26 45 24 20 35 51 43 23 46 17 4 30 54 57 31 27 15 19 52 17 9 2 42 52 56 47 3 6 4 19 55 56 13 51 40 40 14 31 46 41 52 1 
52 20 12 49 16 53 2 40 16 13 5 30 2 53 12 54 42 18 23 25 3 3 3 6 16 28 45 44 48 52 35 37 55 3 48 57 8 13 54 57 46 16 12 21 42 15 57 46 30 8 8 35 
7 39 2 3 51 31 24 26 22 49 5 57 22 38 11 35 15 38 43 27 45 47 32 20 19 48 31 35 34 39 39 18 17 46 42 20 40 6 5 20 11 25 24 46 24 14 5 15 46 10 8 29 
52 10 20 2 23 52 20 43 8 41 42 13 5 19 20 12 29 23 51 39 48 36 13 54 24 36 37 57 14 38 7 53 54 1 49 41 15 34 1 39 16 21 31 7 46 8 20 9 36 19 31 3 
56 34 7 48 52 56 23 23 17 15 27 37 53 1 13 11 40 25 38 38 51 10 37 40 11 28 31 45 56 50 41 45 18 35 40 25 4 18 20 53 2 48 50 38 30 35 7 35 14 50 10 33 
10 30 31 8 30 46 27 52 14 29 35 27 40 57 47 11 50 22 2 57 33 6 36 19 25 36 38 38 26 4 5 15 7 27 16 34 42 44 16 30 40 11 22 1 52 26 41 29 57 51 9 7 
39 18 51 27 55 9 27 34 12 4 22 20 9 36 36 11 9 1 45 22 21 15 39 11 10 44 16 15 3 44 13 53 3 29 24 19 37 54 6 11 41 37 17 42 57 55 11 27 45 14 14 7 
5 29 26 15 3 4 46 15 44 34 57 51 21 45 12 29 41 14 56 2 47 40 4 45 22 50 20 12 37 27 6 21 34 22 13 36 9 40 42 54 42 19 20 29 55 55 35 36 34 43 19 53 
15 7 49 1 13 34 40 49 12 5 36 17 47 4 43 33 22 31 26 34 2 30 8 32 27 45 14 52 4 36 36 5 17 39 43 5 26 21 36 17 40 35 19 39 11 3 6 50 31 56 39 7 
17 48 3 54 21 33 8 20 44 49 22 29 9 8 53 28 15 37 31 37 42 22 43 55 27 56 1 57 37 21 24 47 13 28 17 6 7 6 35 13 47 55 16 12 10 55 20 33 29 26 4 1 
23 57 52 28 16 57 45 12 37 38 22 43 57 26 4 42 3 10 31 41 8 30 49 42 43 19 5 35 2 56 18 9 27 56 18 13 32 33 47 40 44 5 16 53 42 39 31 1 44 42 1 26 
26 20 37 28 56 30 55 46 25 40 42 14 34 19 30 28 4 15 41 16 4 45 16 45 43 43 35 3 37 50 42 49 1 26 53 26 18 21 21 54 31 4 18 51 3 29 5 38 4 27 3 35 
14 55 17 17 35 4 3 2 10 47 19 38 39 39 14 46 25 48 32 21 16 21 29 2 20 50 17 25 15 56 11 8 34 9 19 22 30 52 26 36 47 40 34 20 57 17 52 33 52 50 57 32 
33 24 33 2 5 46 37 54 42 51 29 38 8 57 36 40 57 12 53 38 8 31 6 21 30 53 40 54 23 43 55 49 56 45 10 27 50 24 9 5 20 41 35 45 25 36 34 45 7 6 38 4 
42 11 36 56 56 4 57 53 22 44 20 10 41 7 23 7 48 24 56 17 53 29 33 20 49 17 42 23 19 24 41 52 20 22 12 34 55 31 49 9 6 37 46 56 18 17 10 43 8 4 39 33 
3 1 52 16 42 38 53 49 52 4 26 6 37 32 19 57 33 18 24 40 46 38 5 39 45 23 22 49 2 2 6 41 45 52 56 51 2 50 31 15 37 38 10 26 41 35 4 43 35 24 1 21 
34 29 46 21 2 48 30 43 21 23 42 47 14 53 46 7 37 47 23 3 7 28 35 31 15 33 32 26 15 27 15 27 17 35 11 22 43 39 50 35 13 36 30 5 13 44 19 30 16 4 35 14 
14 22 42 32 44 14 39 15 42 18 38 27 15 16 12 7 11 44 5 41 40 17 54 1 11 10 46 3 24 44 5 35 44 32 12 30 4 53 5 2 41 54 51 1 30 53 4 38 40 24 4 35 
38 51 53 16 39 24 51 4 54 14 43 50 9 5 47 35 25 22 38 20 43 48 46 30 26 11 24 55 48 43 57 27 32 27 25 30 25 25 29 36 7 37 49 44 5 46 52 56 13 17 38 38 
54 49 26 45 25 29 40 8 22 39 51 32 33 47 10 33 55 3 37 30 16 54 6 10 23 51 23 7 15 11 43 24 48 45 22 8 23 11 56 39 5 52 53 9 34 16 39 34 27 29 1 19 
53 40 47 47 51 16 7 11 41 22 42 54 44 10 40 5 17 2 33 19 4 54 19 30 55 11 56 28 55 32 41 45 39 29 51 12 12 3 53 29 19 35 6 50 27 25 14 42 11 8 46 8 
32 18 50 51 21 36 50 35 12 6 32 49 45 25 57 12 11 38 29 35 50 44 45 6 31 6 45 46 49 36 49 14 5 31 5 18 49 47 9 9 7 3 3 32 10 42 33 56 47 11 21 24 
54 28 20 41 47 28 5 30 43 55 32 14 38 47 17 55 51 6 31 8 19 28 26 32 37 44 16 11 7 23 15 44 15 47 8 9 37 22 39 14 4 57 35 33 21 43 33 15 56 57 8 27 
