17 15 96
14 14
5525 20951 48390 5113 42286 58278 10869 68194 52636 12442 38982 32564 63183 2140 
97088 79840 82641 26106 83823 2724 72028 58420 47095 33229 71573 75294 55350 46471 
26588 58904 89697 5748 90158 48522 85348 99159 43319 33277 70955 20205 20286 62425 
78527 19381 1226 19120 72910 68559 10132 5073 34689 44436 1109 8571 21301 90725 
52030 96935 21866 50752 84907 30922 53244 77073 48767 8902 3731 50574 26978 2259 
92429 67616 84296 12206 50485 26670 58120 48031 88550 79201 21372 41138 16437 30255 
68853 25478 35221 83670 32815 1082 23285 77366 12055 18497 16709 72649 35525 80015 
73790 16125 91129 6307 60924 52758 60884 91599 7945 1823 92953 90549 22997 79033 
46371 84072 8714 67048 45025 27519 31657 35411 67340 87105 24773 19087 98412 28193 
53044 85385 54914 3750 90939 64383 64749 72092 22346 20191 56697 59748 93546 73912 
77460 5605 24846 26847 43521 18767 1850 62235 83199 35520 90582 65016 23644 78975 
30684 20308 54563 98911 24809 13259 42936 4523 88674 32634 59202 77157 91537 46931 
34617 84607 6160 98183 28289 98273 56772 39045 42156 22857 41465 68733 46594 39016 
49687 60177 92887 40966 17494 94580 46230 22976 92605 50853 44409 95285 47988 52405 
94086 94680 87163 60947 59594 30683 40874 86792 65365 52920 76413 48553 18748 27230 
41805 67164 50173 38419 22364 58035 58180 89971 11948 72498 15804 9493 5399 6927 
11568 18442 39121 37977 11423 88241 27066 67562 12615 91240 10189 51634 80964 65359 
22933 63091 25400 51204 81033 65557 99377 17793 3530 56827 68708 5343 42766 15319 27102 
92554 18583 51044 14710 46019 31976 30322 56089 39872 83888 97505 41880 47740 15439 43239 
88471 10844 22177 66928 58680 34711 68020 87421 41663 71192 40966 69911 12118 36028 85083 
69614 17795 59974 99765 90450 67080 64331 80119 78371 29331 54001 3274 82993 5699 16886 
32872 8819 6361 37346 92342 95699 45874 17859 69501 91976 40012 58713 96042 71494 53252 
23316 67633 69969 46682 74492 8049 99136 93092 42355 48106 21368 31621 57237 61297 35647 
18690 57196 2164 71245 99860 48146 61375 9793 83195 61444 26520 64742 54139 21818 64771 
4882 77534 98218 65362 64702 37196 6599 18068 325 19358 23719 9159 63091 6514 43131 
59085 84782 38984 90637 97472 89736 80308 30335 58148 87620 89392 195 85600 3959 69190 
40478 94483 28830 45320 14067 72356 53553 80163 89817 82246 30542 64196 1645 98389 20771 
14177 93577 22319 38891 59357 73553 2099 83734 34864 66931 51577 26155 46895 26785 31782 
22238 10614 53633 85048 79610 9415 51663 51532 16745 84767 2971 6075 34779 19317 64612 
89903 84083 45935 27616 46485 37194 45618 48506 36533 40619 1225 16390 42185 93791 10988 
21897 50841 58882 36604 49036 32456 22463 68257 45952 65527 56101 12704 72950 21001 86255 
98760 20118 64079 42889 44030 96755 1633 19758 89065 50795 15211 61370 44926 94589 70479 
47740 13459 46880 64317 28047 26286 7680 69471 49687 61419 57297 1329 71840 48479 43429 
