8 9 57
1 5
35619 54419 69631 3185 37200 2630 98697 98936 
85865 87373 81362 98205 41675 32372 28882 73667 
95444 15662 50775 37684 52257 93109 87521 71064 
56824 45287 66984 74793 46521 65429 10938 2867 
91532 25357 26167 43359 41609 21364 25292 96030 
45355 49934 63306 30304 35619 15436 6614 29629 
33328 69875 18830 9133 22589 12471 91218 28923 
44615 92805 54440 27382 26885 41849 61583 18216 
11270 19986 11452 63924 25480 1655 80759 40706 41332 
75336 24118 36996 37782 13611 3795 46615 60452 30942 
63512 19349 83551 73564 41417 54067 23260 59176 28079 
49141 50721 76567 30279 63225 81177 69784 96577 83824 
10090 65408 98704 46888 10459 83838 34445 23900 23912 
97553 1772 45124 77606 6176 91433 57291 30896 152 
93098 10528 87543 59717 93205 33537 78235 83123 6788 
