3 500
8
12 13
8 9
10 15
18 19
17 21
1 2
16 17
14 17
5
7 10
13 17
11 15
3 5
5 7
3
18 19
16 17
16 17
11
4 5
17 21
8 9
13 16
22 23
2 3
10 11
24 25
22 27
6 7
20 21
7
14 15
8 9
10 11
16 17
21 22
23 24
9 13
6
6 7
10 11
8 9
19 20
17 18
4 5
6
16 17
14 15
12 13
1 2
18 19
4 6
7
3 4
24 25
7 9
17 18
11 12
4 9
9 10
6
21 23
15 20
8 9
20 21
2 3
6 9
6
13 14
5 6
21 22
17 18
3 4
15 16
9
24 27
2 6
10 15
7 8
17 21
10 15
15 16
22 24
9 10
2
2 5
6 7
10
21 22
11 12
17 18
19 20
5 6
13 14
9 10
3 4
14 19
6 10
6
16 20
5 6
17 18
3 4
9 12
12 13
4
18 19
7 11
17 18
20 21
5
6 10
1 5
15 19
14 16
12 13
10
23 24
14 15
6 7
3 4
10 11
17 18
21 22
19 20
1 2
12 13
10
8 9
12 13
3 4
23 24
5 6
19 20
19 24
17 18
12 17
10 12
10
13 15
20 21
18 19
4 5
7 11
12 17
12 13
10 11
2 3
20 24
11
9 10
15 16
19 20
23 24
16 18
1 2
25 26
7 8
21 22
5 6
2 4
4
3 8
5 6
5 10
4 7
4
9 10
2 8
4 5
2 3
4
2 6
6 9
2 3
3 10
4
7 9
9 10
8 9
3 9
4
5 10
4 7
8 10
6 8
4
5 6
8 10
1 5
6 7
4
4 10
2 8
6 9
1 3
4
2 10
5 8
5 9
1 2
4
3 6
3 5
2 10
5 6
4
9 10
6 7
5 8
4 8
4
7 10
6 8
5 6
9 10
4
7 10
1 3
2 3
3 4
4
7 8
8 10
7 8
3 6
4
2 7
2 4
3 5
8 10
4
4 10
4 7
5 10
9 10
4
2 3
9 10
4 8
7 10
4
5 10
9 10
2 7
4 5
4
6 7
5 10
9 10
5 6
4
1 4
9 10
5 6
3 5
4
7 9
2 3
1 3
9 10
4
1 8
2 10
3 4
4 5
4
1 10
7 8
7 10
9 10
4
6 7
6 8
2 5
3 10
4
3 9
5 10
3 4
4 5
4
4 8
2 7
7 10
6 9
4
7 8
9 10
3 4
1 10
4
4 7
3 7
8 9
9 10
4
4 7
1 10
9 10
2 4
4
2 3
5 10
4 7
2 3
4
6 7
3 5
2 3
9 10
4
7 10
7 8
7 9
6 10
4
3 5
3 10
6 8
7 10
4
8 9
4 6
2 7
7 10
4
6 7
2 4
2 3
5 10
4
5 6
7 9
3 10
1 10
4
2 3
3 10
4 5
7 8
4
9 10
4 5
7 8
4 10
4
9 10
1 2
9 10
7 10
4
7 10
8 10
6 7
1 4
4
5 10
4 5
8 9
4 7
4
8 10
5 8
3 10
3 4
4
8 10
6 10
3 6
5 6
4
7 9
3 5
5 6
5 10
4
7 9
9 10
5 8
1 7
4
1 9
4 5
1 9
8 10
4
5 7
2 10
5 7
9 10
4
1 3
1 10
6 8
1 4
4
4 5
3 9
5 9
5 10
4
6 8
1 3
1 2
2 10
4
2 7
6 7
2 6
3 10
4
3 4
3 8
3 9
8 10
4
4 7
3 10
2 7
2 5
4
5 10
7 10
4 6
6 9
4
5 10
7 8
6 7
2 5
4
6 7
4 7
9 10
7 8
4
3 4
4 5
7 10
2 3
4
8 10
1 5
7 8
1 4
4
3 5
3 10
6 8
7 10
4
6 9
7 10
7 8
5 10
4
1 2
5 6
1 10
3 7
4
1 10
6 10
1 8
6 7
4
9 10
3 4
2 9
4 7
4
7 10
4 7
3 4
4 7
4
8 10
2 4
8 10
3 10
4
3 4
4 8
8 10
6 9
4
1 3
7 9
4 8
7 10
4
6 8
7 10
1 6
3 9
4
7 8
5 6
4 10
7 8
4
1 2
3 9
8 10
3 5
4
7 9
4 6
6 9
5 10
4
5 10
4 7
6 7
5 6
4
5 7
7 10
7 10
5 8
4
5 10
6 9
6 9
2 7
4
6 10
7 10
9 10
1 4
4
6 7
4 5
5 10
3 5
4
7 10
9 10
2 4
7 9
4
5 6
9 10
2 6
6 9
4
6 9
5 6
9 10
5 7
4
1 4
4 9
3 4
7 10
4
2 5
2 8
9 10
1 3
4
6 10
5 10
8 10
6 8
4
2 4
7 10
9 10
7 10
4
8 10
5 10
9 10
5 6
4
5 9
6 10
3 5
4 6
4
3 4
9 10
6 7
3 10
4
5 10
4 5
5 7
4 10
4
6 10
3 7
2 8
7 10
4
3 6
2 5
5 10
3 6
4
2 3
2 3
7 10
7 9
4
3 8
2 10
1 5
5 9
4
2 9
8 10
3 4
1 8
4
6 10
8 9
1 3
9 10
4
4 8
2 3
3 8
6 10
4
9 10
8 9
5 10
3 6
4
5 7
6 10
7 8
6 10
4
4 9
8 9
8 10
6 10
4
3 9
9 10
8 9
5 8
4
7 8
9 10
3 6
3 4
4
5 7
6 7
6 10
7 8
4
3 5
6 9
4 5
9 10
4
3 4
6 8
8 10
3 8
4
9 10
5 8
7 10
3 10
4
6 8
8 9
3 10
6 8
4
2 3
8 10
4 5
3 7
4
4 6
4 8
7 10
7 8
4
4 5
5 10
3 5
4 7
4
5 6
6 10
1 3
1 6
4
5 6
3 10
4 6
6 9
4
6 10
8 9
7 10
5 10
4
6 10
3 6
7 9
6 7
4
5 8
3 8
2 7
9 10
4
2 3
1 7
6 8
1 10
4
5 8
8 10
7 10
5 6
4
4 8
8 10
1 3
4 5
4
9 10
9 10
3 4
7 10
4
3 6
7 8
3 6
6 10
4
5 8
4 8
7 10
5 6
4
6 8
2 9
8 10
3 8
4
7 9
7 8
9 10
3 6
4
3 10
2 6
2 4
7 8
4
8 9
5 9
9 10
8 9
4
7 9
5 10
5 6
9 10
4
2 4
5 8
3 6
3 10
4
6 10
7 8
2 6
9 10
4
7 9
8 9
1 6
1 10
4
3 8
7 10
2 7
1 2
4
1 2
4 8
2 10
2 7
4
4 10
2 3
4 5
2 6
4
7 10
4 9
3 6
7 9
4
4 10
6 8
1 7
6 8
4
3 4
7 9
7 10
4 7
4
8 10
5 9
9 10
7 10
4
2 6
6 8
8 10
9 10
4
6 10
6 7
6 8
7 8
4
7 8
4 9
1 5
3 10
4
2 10
8 9
5 9
4 7
4
1 8
5 7
4 5
5 10
4
8 10
2 3
5 9
2 4
4
2 3
2 4
1 3
6 10
4
2 6
5 10
4 6
3 4
4
7 10
5 8
8 9
9 10
4
6 7
7 8
3 7
8 10
4
5 6
7 10
8 9
1 3
4
5 7
5 7
3 10
3 9
4
1 3
8 9
4 8
4 10
4
8 10
3 8
5 9
7 8
4
5 10
2 6
3 8
6 10
4
6 7
9 10
6 7
6 9
4
2 7
5 10
1 2
2 8
4
9 10
3 5
4 8
2 3
4
4 10
6 7
6 9
6 8
4
7 10
2 7
2 3
2 8
4
5 8
9 10
3 8
2 3
4
3 6
5 7
6 7
9 10
4
4 6
9 10
3 4
4 6
4
3 7
1 9
4 10
4 6
4
4 8
3 6
3 10
5 9
4
4 10
6 7
1 8
2 10
4
7 9
3 7
4 5
3 10
4
3 6
8 9
9 10
5 8
4
5 10
1 9
1 2
1 4
4
2 3
3 6
7 9
4 10
4
6 7
4 10
6 7
6 7
4
6 8
7 8
3 4
9 10
4
2 10
5 7
3 4
1 4
4
5 6
8 10
2 7
1 10
4
3 4
5 10
1 3
1 6
4
4 8
5 10
7 8
4 7
4
2 10
7 10
4 7
3 5
4
1 2
2 7
6 7
8 10
4
5 6
6 7
9 10
4 7
4
3 7
3 4
4 5
7 10
4
7 10
8 9
5 7
3 6
4
5 10
4 6
6 7
7 9
4
3 5
6 8
5 6
8 10
4
2 5
8 10
3 5
5 10
4
5 6
4 9
5 10
4 10
4
2 3
2 4
2 5
6 10
4
2 4
9 10
2 6
8 9
4
3 7
3 4
3 9
9 10
4
3 8
7 8
3 9
6 10
4
7 8
2 3
3 9
9 10
4
3 10
5 6
6 7
4 9
4
8 10
2 10
7 8
6 8
4
3 4
7 10
2 3
1 7
4
1 2
3 10
3 8
2 3
4
6 7
9 10
6 9
8 9
4
9 10
4 9
3 8
2 8
4
5 9
8 10
3 6
4 5
4
3 10
3 4
4 10
7 10
4
2 4
4 8
2 10
3 6
4
6 7
2 5
3 6
7 10
4
5 9
3 4
8 10
8 10
4
8 10
1 4
3 5
1 10
4
3 4
6 7
5 9
7 10
4
7 8
5 9
3 5
8 10
4
3 4
5 7
4 10
4 8
4
8 9
4 9
9 10
4 8
4
4 10
7 10
4 5
1 2
4
5 6
2 3
8 9
6 10
4
2 4
4 6
4 9
9 10
4
1 6
7 8
6 10
1 3
4
5 8
8 10
5 8
3 10
4
7 10
6 8
8 9
7 8
4
7 8
5 6
7 10
3 9
4
8 10
5 9
8 9
6 9
4
5 10
7 9
7 8
7 9
4
2 6
4 6
7 10
2 7
4
3 9
3 5
4 8
9 10
4
2 10
2 7
1 5
9 10
4
1 2
5 10
8 10
1 9
4
2 10
5 8
1 3
7 10
4
5 10
7 10
5 6
2 3
4
1 5
3 8
3 10
4 6
4
8 9
3 5
6 7
6 10
4
6 8
5 6
6 7
2 10
4
4 6
5 8
4 7
7 10
4
9 10
5 7
8 9
7 8
4
5 9
5 6
8 10
1 6
4
4 7
2 4
6 10
4 5
4
9 10
7 9
5 6
8 9
4
6 9
2 9
9 10
2 8
4
4 5
5 10
4 5
7 9
4
1 6
6 8
7 10
4 10
4
3 4
2 5
8 10
5 6
4
4 10
8 10
2 6
6 7
4
7 10
7 9
8 9
5 6
4
6 8
7 10
9 10
3 4
4
6 10
1 3
2 5
6 8
4
1 3
3 10
2 4
2 8
4
2 10
7 9
8 9
2 5
4
3 5
1 2
6 9
1 10
4
7 8
4 6
4 10
5 9
4
9 10
2 4
2 10
2 5
4
5 10
9 10
3 4
3 10
4
3 5
3 10
4 7
3 5
4
4 10
5 8
8 9
7 9
4
6 8
5 8
8 9
3 10
4
2 9
8 10
1 5
4 10
4
6 9
4 7
2 9
4 10
4
8 10
2 10
4 7
7 10
4
3 6
5 10
7 8
4 8
4
1 4
5 7
5 6
4 10
4
4 5
2 6
3 4
4 10
4
4 8
2 6
1 2
8 10
4
9 10
3 6
4 5
3 6
4
1 5
9 10
2 5
6 10
4
3 4
5 6
4 10
7 9
4
9 10
9 10
1 2
9 10
4
9 10
1 6
5 6
1 5
4
5 8
7 8
7 10
4 7
4
4 7
9 10
5 8
6 8
4
8 9
9 10
2 7
6 7
4
5 6
5 7
3 5
8 10
4
1 6
1 10
7 8
6 7
4
4 10
1 6
6 9
1 5
4
6 10
5 7
7 8
7 9
4
3 10
9 10
6 10
6 7
4
2 6
2 4
3 10
1 4
4
8 9
2 9
7 10
9 10
4
4 8
2 6
8 10
8 10
4
8 10
6 7
1 5
8 9
4
5 6
5 8
2 10
2 6
4
8 10
3 4
2 4
2 3
4
8 9
3 8
4 7
7 10
4
7 8
9 10
1 5
3 9
4
5 8
4 8
4 8
9 10
4
1 7
8 10
2 7
5 7
4
5 10
5 10
2 4
7 10
4
8 10
1 6
3 4
4 9
4
5 6
2 9
3 7
6 10
4
4 7
4 7
2 10
7 8
4
8 10
4 7
5 6
6 7
4
2 9
2 3
7 9
5 10
4
7 8
9 10
4 9
8 9
4
7 10
1 3
6 10
1 4
4
4 7
3 10
2 7
5 6
4
2 7
6 10
2 6
3 5
4
4 6
4 9
6 10
2 3
4
7 8
3 10
1 6
9 10
4
8 10
3 7
3 5
7 8
4
7 8
6 10
7 8
5 8
4
2 7
9 10
8 10
5 10
4
7 9
2 7
4 5
9 10
4
3 9
8 10
5 7
7 10
4
5 8
6 8
7 10
7 10
4
6 8
6 8
6 10
4 5
4
1 5
2 10
4 5
8 9
4
9 10
2 8
5 6
2 6
4
6 8
2 3
5 10
3 7
4
6 8
1 2
7 10
3 4
4
3 10
7 9
3 7
5 6
4
4 9
4 5
7 8
2 10
4
1 7
5 10
3 5
7 8
4
6 8
3 10
3 7
2 9
4
5 10
7 8
4 8
4 8
4
6 10
8 9
9 10
3 7
4
6 10
9 10
6 8
9 10
4
3 7
2 6
7 10
2 10
4
8 9
8 10
5 10
6 8
4
4 8
5 9
5 10
6 8
4
3 10
2 5
1 7
3 10
4
3 7
6 10
5 8
9 10
4
4 9
7 8
6 7
2 10
4
5 7
3 9
8 10
1 3
4
6 8
9 10
5 7
7 9
4
7 10
4 10
3 4
6 9
4
8 10
5 6
8 9
7 8
4
1 10
4 5
3 4
6 8
4
5 7
2 6
2 4
8 10
4
7 9
6 9
8 10
4 7
4
3 5
4 10
1 2
1 3
4
6 7
8 10
6 9
7 9
4
6 9
4 10
3 8
7 10
4
6 7
3 6
4 6
6 10
4
4 6
2 3
2 10
7 9
4
6 9
7 8
3 8
5 10
4
5 10
4 6
8 10
4 8
4
1 3
1 4
9 10
8 9
4
2 9
3 9
2 5
8 10
4
8 10
2 5
3 4
8 9
4
9 10
9 10
4 10
6 9
4
8 9
5 10
7 9
6 7
4
6 7
9 10
6 8
3 4
4
1 2
3 10
1 5
3 5
4
6 10
1 2
5 8
2 9
4
4 6
6 7
4 10
3 4
4
4 9
7 10
1 2
7 9
4
1 5
2 4
4 7
2 10
4
4 5
4 8
5 10
6 7
4
4 10
6 9
4 8
4 5
4
1 5
4 8
1 5
3 10
4
3 6
7 10
3 7
7 8
4
6 7
4 7
6 10
4 7
4
4 6
4 7
9 10
4 5
4
9 10
1 8
1 3
6 8
4
8 9
3 10
3 7
1 10
4
6 10
3 9
8 9
5 6
4
3 8
2 3
4 10
7 10
4
7 8
7 10
3 10
2 6
4
5 7
5 9
6 10
6 8
4
4 9
3 9
7 9
4 10
4
7 8
6 10
6 9
8 9
4
5 7
7 10
6 8
2 3
4
5 6
7 10
7 9
7 9
4
2 10
3 10
3 7
5 10
4
6 7
3 8
8 10
7 8
4
8 9
1 7
2 10
3 10
4
3 6
5 10
4 7
5 7
4
2 4
6 8
2 5
4 10
4
1 8
8 10
3 6
1 5
4
2 4
6 8
6 10
6 7
4
6 8
6 10
3 4
5 6
4
3 10
1 2
1 9
3 5
4
5 10
5 6
6 7
4 5
4
8 9
6 7
5 6
4 10
4
2 5
6 8
5 10
4 5
4
5 6
4 7
9 10
3 8
4
5 10
6 8
2 5
4 8
4
3 4
9 10
4 6
4 10
4
1 3
4 8
7 8
8 10
4
2 3
6 10
4 7
1 2
4
3 10
5 6
2 4
6 8
4
6 7
9 10
3 8
5 7
4
6 7
6 7
3 5
9 10
4
5 9
9 10
5 6
6 7
4
6 7
2 9
1 10
2 3
4
2 10
4 10
2 3
2 3
4
7 10
3 5
2 3
4 5
4
2 6
9 10
8 9
4 8
4
3 5
8 10
6 9
4 6
4
3 9
3 5
8 10
4 8
4
8 9
5 10
2 4
4 5
4
4 8
7 10
6 7
3 5
4
3 5
4 8
6 7
7 10
4
8 10
2 6
1 3
4 7
4
5 7
4 10
7 8
6 7
4
8 9
5 6
6 10
3 7
4
3 4
5 6
5 6
2 10
4
5 10
5 9
2 3
7 8
4
4 5
5 10
6 8
6 7
4
8 10
5 7
7 8
4 6
4
2 3
8 10
1 7
4 9
4
5 9
9 10
4 5
7 8
4
6 8
2 5
9 10
3 6
4
1 10
9 10
5 6
5 7
4
2 5
9 10
6 7
1 8
4
7 8
7 9
7 10
3 5
4
4 9
7 10
8 9
2 5
4
8 9
8 10
4 9
7 10
4
1 10
4 6
3 5
1 2
4
5 10
9 10
6 10
7 9
4
3 5
5 6
7 10
2 5
4
5 8
7 10
7 10
5 9
4
4 7
2 4
8 10
6 10
4
2 10
6 7
6 10
5 6
4
1 5
5 8
2 3
3 10
4
3 7
5 9
2 9
6 10
4
5 10
7 8
4 7
4 5
4
3 9
7 9
3 8
8 10
4
7 9
4 8
2 5
6 10
4
3 6
6 9
8 10
7 10
4
5 8
6 7
3 10
3 4
4
6 8
2 6
4 10
8 10
4
1 3
4 6
3 7
6 10
4
2 5
6 9
5 8
6 10
4
1 3
8 9
1 4
4 10
4
5 7
9 10
8 10
5 6
4
3 5
4 10
1 3
5 6
4
1 8
6 10
1 5
6 9
4
2 5
4 5
9 10
5 6
4
6 10
3 6
7 8
5 6
4
5 10
6 7
6 9
7 9
4
3 6
8 10
2 3
6 9
4
2 5
3 10
3 8
4 9
4
5 10
2 6
3 4
8 10
4
1 3
2 5
9 10
8 10
4
6 7
4 6
5 7
8 10
4
3 4
2 9
3 10
2 8
4
3 6
8 10
4 5
7 9
4
1 10
8 9
4 10
7 10
4
8 10
7 10
6 9
4 10
4
5 7
3 5
8 9
9 10
4
1 3
3 8
5 10
2 4
4
4 10
3 7
5 6
6 7
4
6 10
4 5
3 4
7 8
4
1 3
8 10
6 10
8 10
4
2 10
2 3
2 3
4 5
4
2 10
9 10
6 9
3 5
4
5 7
3 9
4 6
9 10
4
2 3
6 9
8 9
9 10
4
3 6
8 10
5 7
7 8
4
1 10
5 7
2 3
8 9
4
6 7
6 10
5 6
9 10
4
1 10
8 9
3 10
7 8
4
8 10
6 10
5 6
3 4
4
7 9
3 7
2 6
8 10
4
1 2
5 10
5 6
6 9
4
7 8
6 7
7 8
3 10
4
2 5
5 10
2 5
2 3
4
2 3
2 3
4 10
8 10
4
6 10
1 9
6 7
1 4
4
4 5
6 7
5 10
6 9
4
3 4
4 6
6 9
9 10
4
5 10
9 10
2 9
6 10
4
4 7
5 7
2 3
7 10
4
3 6
3 5
7 10
5 6
4
2 5
6 8
5 10
2 7
4
5 7
2 7
9 10
5 10
4
4 7
7 10
7 10
7 8
4
5 10
4 10
5 9
3 5
4
6 10
3 6
8 9
2 9
4
4 7
9 10
5 6
6 10
4
1 2
4 5
6 7
7 10
4
1 3
6 10
3 6
1 4
4
8 10
5 8
3 7
4 6
4
3 10
6 10
2 3
5 8
4
3 9
4 6
9 10
9 10
4
6 7
5 7
6 10
6 7
4
8 9
9 10
6 8
7 10
4
5 6
8 10
3 8
6 7
4
3 6
8 10
7 10
2 4
4
2 8
8 10
2 8
5 7
4
4 6
3 4
2 8
7 10
4
2 3
5 10
5 8
6 7
4
3 5
7 8
6 7
1 10
4
6 10
6 9
7 8
6 10
4
8 9
6 7
8 10
4 6
4
3 4
5 6
8 10
7 8
4
4 10
4 10
6 8
7 10
4
1 4
8 10
2 5
3 8
4
2 7
3 10
1 4
4 5
4
6 9
6 10
5 10
3 6
4
3 10
7 10
7 9
2 4
4
7 10
1 6
3 5
7 8
4
7 9
5 10
9 10
3 6
4
6 8
2 4
7 8
8 10
4
3 8
5 10
4 8
2 3
4
3 6
3 10
7 8
6 7
4
1 5
9 10
7 9
5 9
