500 2000
607318 999941 407784 278284 84395 625107 180781 328099 968961 649251 780324 925269 165822 467773 247324 978973 714463 106522 409227 364669 100236 474244 704307 469893 700092 288027 210848 991811 535943 205686 14216 24600 262853 182584 750511 784697 617889 895817 830017 465212 106182 360114 515659 610924 110817 454920 74059 451240 717850 84519 551267 666711 638782 611257 9533 450343 678941 575329 732930 777098 288467 775743 797398 703920 585852 471708 869594 706991 166251 257904 105993 48091 663692 403919 586493 781714 614763 111132 443726 454304 372452 250609 889319 680803 650297 354259 302684 682091 228343 809099 594238 583831 314148 841646 277144 174889 492655 116042 249182 219231 931886 991128 416647 915541 824335 289367 762683 75277 50273 382397 264465 24498 709000 74472 402291 77740 866836 584768 416351 408882 551091 477139 149656 671367 315709 487186 341610 203404 992285 43597 32089 551250 123256 133901 68202 391958 298634 48372 899159 489921 882159 145493 869916 31917 63675 64757 634784 291474 469027 239736 43863 12163 828330 954822 336356 948745 392679 141030 361147 454537 8626 653268 310035 805181 460770 787139 724343 613732 196598 674044 806833 840996 576916 991435 651639 465821 436482 921646 802148 276176 943477 504702 706331 162849 100683 419623 19510 585185 80570 667500 239459 80385 805878 54191 444898 432521 466869 836865 548819 827794 5809 759032 229564 480883 282591 827015 850537 751662 630193 162510 65383 41139 625225 316260 294386 850795 485052 970292 234791 612995 245610 364089 253783 966193 474292 964276 880108 62824 825670 3458 785181 251923 719558 172121 41164 974329 148285 622956 999963 232165 996105 516954 668299 980278 662309 122174 272298 298602 425360 776691 622116 425347 101013 92418 980410 574775 160812 9159 350280 267761 859845 629900 640461 243352 585644 835685 624001 740531 884775 645954 986822 113642 726535 316351 832832 365981 258570 551746 420264 713007 111117 118891 820446 254061 261513 112830 575916 302781 720337 366812 360458 516686 23471 504770 184242 439343 136273 829738 407098 260629 486767 510948 358151 546730 630586 328513 435555 10106 556186 215925 695049 930912 770628 849317 515270 48951 475322 484819 499720 638815 203606 125630 483082 646614 888091 291045 654531 383940 579268 986701 369519 762974 545958 123523 604535 30032 303189 666146 445904 101882 549298 687914 810404 2580 640528 30699 594942 473932 668369 408672 568871 601782 136614 858227 928521 636392 361806 395514 202300 44659 734338 395355 767413 206639 78772 334690 741964 88811 573525 927796 350229 826019 231624 293419 761725 186670 414189 45154 163625 292565 522595 778380 213471 638407 407866 355469 334069 966955 113787 557627 94006 177910 814807 440420 856330 397520 705479 896495 371169 112003 168116 493673 263528 603603 890811 161110 441956 713402 696194 118445 406119 933994 338556 866500 504659 81397 223008 40039 562028 448714 664239 850292 250936 564951 428828 682180 430057 925460 584943 399183 71892 603446 656350 30284 896092 980678 829965 861547 292956 149500 657328 191917 112058 299204 409181 496620 809665 101139 647718 139635 710983 63509 950898 716324 980361 863473 99526 505601 543361 203927 593716 909151 839325 630236 395346 463839 383668 886090 226901 951050 991113 329309 196454 124239 615498 859153 948324 404027 842180 718502 816934 77306 116908 718242 474341 931821 625664 13272 782921 202814 382614 745068 389041 49867 154513 984682 681193 992938 805134 818345 
395 1 928775
167 15 902669
372 409 930746
429 29 557227
244 189 764443
47 101 686111
362 437 647837
409 480 949128
444 65 267084
249 75 774916
295 157 577389
251 44 139683
298 325 667599
161 433 282545
374 181 801955
453 205 379823
95 121 884525
353 441 162199
121 293 145912
469 198 778413
391 105 987316
279 301 611880
477 194 782534
195 129 239133
223 292 718614
131 325 175905
170 201 579874
413 208 484495
63 293 68360
441 272 957624
421 405 644778
128 449 44923
487 333 72183
177 487 971464
497 315 809693
408 171 271385
313 279 726708
253 368 724257
316 67 550611
41 441 213340
26 291 565665
269 260 988800
305 226 555792
303 292 903425
391 161 464088
205 359 626423
417 421 992755
168 54 329834
13 256 215981
237 319 378839
189 402 801649
205 301 723930
79 295 314454
32 191 20447
269 221 828696
336 273 837360
147 451 533579
337 474 91605
61 82 651055
316 46 749082
41 281 92706
153 69 798845
89 191 170372
180 281 243164
311 263 797223
65 1 576483
251 1 568670
261 347 110428
286 213 168251
389 176 992351
36 321 487611
482 163 83575
247 132 838965
449 131 39623
258 405 828195
199 101 859972
11 141 944473
25 97 680815
427 126 193873
405 390 529527
251 121 41393
71 348 957808
60 201 827060
353 457 828549
150 272 929810
256 447 175432
74 321 671662
198 477 172589
257 5 105489
264 101 366034
50 489 727633
377 47 50308
309 90 408962
441 311 126258
461 219 854605
449 113 590398
383 332 294666
121 229 625137
281 284 790202
248 86 580232
137 330 149650
364 293 116121
173 481 167804
454 253 371671
41 295 375385
53 224 335265
296 430 95304
351 417 662050
293 189 281039
161 461 284613
105 169 898527
383 107 681404
207 453 579221
413 316 496
301 221 418469
67 66 432901
491 257 869908
495 99 615837
55 265 175834
183 241 486220
271 494 497456
214 351 203498
237 262 200272
173 17 926045
56 192 568678
417 41 161299
161 40 137948
165 1 96523
251 213 671421
326 243 502552
424 33 220635
1 237 937103
109 21 783878
276 245 603727
183 278 4368
351 318 986694
112 77 608938
77 270 613778
341 271 127483
286 101 390416
114 29 674617
251 235 91588
151 191 976225
11 77 744613
485 473 840201
169 159 13176
1 351 971688
161 426 89360
401 419 451846
17 117 352434
411 71 27650
245 261 252807
77 497 493848
223 427 970342
1 121 133075
21 482 435980
101 120 601275
220 129 622001
320 1 357224
37 41 858817
473 445 232459
273 85 629408
472 474 341502
381 131 334590
290 201 703139
347 238 251896
41 340 895019
175 305 191521
89 281 510352
108 445 105424
297 437 707650
12 34 530997
364 45 627148
133 489 823123
296 489 413883
373 361 665752
474 425 622685
449 41 319657
201 401 453346
492 379 671578
479 111 119999
299 436 654038
288 149 242640
273 349 323846
281 245 7615
215 266 949477
109 447 873871
93 222 414392
387 336 274490
26 261 432003
187 261 115350
417 432 457686
269 107 222602
141 429 690798
241 273 712432
481 109 398780
205 237 189338
267 15 68795
91 451 541006
446 401 934223
459 478 716969
265 71 977586
193 111 667632
220 133 418134
245 257 292094
117 21 435309
381 489 400178
109 168 580572
308 151 869117
319 107 282962
441 257 525640
221 469 302475
54 399 866888
181 498 85099
14 41 6071
360 283 911337
212 71 875370
373 451 283520
246 497 662035
301 329 328609
81 21 525631
471 459 792413
121 227 735931
269 289 995586
192 156 241543
1 141 551067
38 253 366571
341 275 146759
35 17 854287
387 135 291756
488 41 455135
1 53 901280
259 277 918962
155 373 841278
157 439 480517
385 103 737941
218 249 391966
489 125 533785
185 219 403968
326 22 262095
81 301 287349
251 488 5235
436 25 570386
305 111 294075
205 189 851458
1 369 957509
129 21 890180
481 37 554227
198 404 394663
114 289 123756
266 341 386801
376 226 264564
361 53 337043
396 49 262165
436 205 171068
156 149 796385
361 447 50806
321 299 146241
126 476 301147
474 237 437887
5 165 229576
405 417 642739
487 117 726487
347 181 590134
341 291 564277
75 213 447982
57 83 912538
497 261 812852
490 401 842845
22 233 913069
377 73 766681
473 425 486102
453 378 510228
401 176 386854
65 156 560665
111 341 588512
224 441 561365
251 208 887655
224 156 944641
51 258 31255
243 286 375690
396 60 57414
165 69 330963
117 41 648393
57 317 425969
317 108 892695
461 153 876367
113 101 79728
241 282 802534
149 231 666275
181 323 272801
135 57 413415
289 310 11089
121 89 609648
395 255 839458
187 470 365667
196 121 889060
115 176 248957
136 331 935179
344 481 433109
17 21 313127
281 353 591170
182 476 508737
97 276 507986
123 124 440553
16 201 114715
306 63 675185
241 318 933691
341 129 745796
271 176 400470
239 270 894237
41 1 226560
165 330 147642
297 371 374683
91 491 871016
271 358 286189
181 433 96014
111 181 198648
317 265 424030
285 375 29166
293 389 749611
418 309 841894
373 129 650136
291 361 313497
57 91 713470
349 401 328295
151 101 964668
357 228 963854
62 472 854752
141 40 940856
205 241 116071
389 391 275634
361 113 868763
457 257 571584
497 301 325802
245 305 451566
446 177 423407
121 115 420443
46 381 86053
410 61 667744
201 73 799253
157 285 656149
361 238 666297
189 167 745999
9 5 106658
321 336 303037
126 326 833211
376 361 120761
441 213 762664
104 181 145844
201 165 838647
391 87 107607
341 145 255395
421 285 27623
233 163 193592
209 54 711802
267 205 703092
308 411 306978
425 101 542739
337 29 151263
493 157 667941
213 240 140647
13 312 318227
341 251 908222
17 1 184941
45 95 932345
107 108 466398
233 401 770784
102 77 113988
201 314 328989
256 421 426519
364 365 656241
453 194 433076
65 373 938449
240 431 901398
302 173 290861
447 497 587463
301 39 475840
180 357 879900
246 415 9421
203 238 268906
337 270 948254
73 421 450694
14 201 859429
61 59 334715
373 453 253531
277 49 53090
261 195 27039
180 211 961739
151 31 110750
263 153 288241
438 301 740640
146 399 534477
173 316 165513
426 325 659851
356 13 596686
157 297 449995
165 205 372440
393 500 874038
113 205 184588
279 399 810182
486 399 238427
371 150 895396
209 69 807849
25 416 647626
129 387 172348
388 304 731911
92 276 804389
81 203 442639
197 116 456823
364 336 874494
474 176 175814
289 412 764803
75 24 361360
113 241 220492
451 101 984514
197 141 314906
41 151 145330
429 129 488053
251 145 689255
327 253 458587
481 45 294468
145 30 833059
295 133 846095
221 226 570769
165 491 701361
396 445 384067
88 394 904225
429 315 671377
401 126 1256
499 61 241944
97 418 853532
14 325 759411
421 141 214176
461 125 720724
6 466 493934
346 13 795169
489 165 782749
373 271 569240
295 471 80576
494 301 396571
236 409 76434
59 109 533664
407 257 296319
373 263 84411
178 427 510558
174 6 719518
276 289 806419
242 331 117696
114 471 575824
5 425 49013
441 301 843893
11 126 950687
137 141 158520
496 101 136771
37 285 352773
73 360 58019
451 59 738667
216 138 396940
461 429 473491
189 261 5260
441 156 340498
479 481 359243
407 252 285472
429 141 650625
286 401 587258
217 201 300168
89 86 347826
379 66 383166
413 301 943780
1 497 958369
491 76 643478
62 383 109255
81 440 896494
449 101 804788
476 224 954744
485 229 55125
20 421 16186
151 168 403213
197 456 381098
445 297 632911
251 161 766999
197 298 789824
109 421 156808
177 285 399275
452 291 262889
321 425 429362
37 421 271265
194 68 118082
457 317 431817
213 129 780491
318 148 32163
98 357 683497
361 233 46289
425 411 586762
353 461 903850
292 277 951484
427 8 701257
372 439 476589
27 305 316665
221 301 463669
287 455 139602
3 196 582064
141 203 743769
157 333 109381
281 303 34380
133 146 874054
362 146 58895
177 321 807691
277 421 101452
261 267 570103
181 427 852845
426 1 425988
221 31 868794
301 341 361638
296 70 950030
279 321 318489
497 379 347919
367 1 8480
337 305 153866
38 191 396549
73 470 478303
417 426 879856
247 449 88317
167 289 535130
186 107 811146
248 426 943574
336 313 974149
51 13 161266
41 142 364404
235 151 642778
46 229 689619
1 448 643275
201 28 962798
481 141 136772
69 428 484216
275 177 932493
102 447 24089
376 285 944014
167 153 532976
261 326 297336
409 447 913852
491 141 672178
471 478 802223
195 51 294392
97 331 10624
365 125 870693
323 437 13688
200 407 586905
187 466 82151
447 250 863832
301 429 565636
241 267 839787
95 145 451774
160 223 221122
161 217 971752
496 20 407970
420 481 47333
15 307 96370
217 91 715032
167 299 14945
255 457 742233
293 81 134120
286 362 974006
182 209 113985
41 143 651262
341 87 178669
32 13 661089
427 421 778488
436 478 492266
33 477 619783
140 20 793403
127 461 111796
66 357 702095
217 81 837317
13 121 679364
46 121 316229
460 245 117261
238 201 367894
301 117 928881
116 12 778550
73 57 658122
241 333 823216
1 469 688531
289 251 281219
401 45 80322
221 179 110747
21 264 228399
16 459 724183
163 385 547554
261 154 170418
387 223 4490
266 45 632377
286 44 122742
477 151 749973
133 121 728023
11 101 376801
321 183 450637
203 37 234328
17 453 424452
321 301 409723
432 383 468462
77 188 193619
211 271 106405
4 489 629182
151 193 258391
253 421 430899
249 349 277818
47 77 26528
193 110 953549
425 251 167025
281 147 914870
241 189 749305
432 266 83733
61 241 88567
341 415 606478
82 237 160574
20 227 52629
425 185 919294
463 251 826372
55 230 138748
330 241 936179
49 249 419995
65 213 855899
1 478 610340
365 471 565151
303 301 556610
341 185 398863
155 322 730367
301 249 24531
471 33 996492
248 165 131958
289 485 361937
251 369 183451
63 173 152977
376 321 902449
120 173 769222
195 61 544587
259 352 385449
307 441 677428
166 140 168870
46 97 898447
365 176 380563
129 57 192430
373 347 294110
187 229 759314
9 181 745102
406 131 434147
169 121 921753
81 350 657299
323 381 460953
11 453 232493
407 9 944785
471 135 212572
129 426 658990
287 221 269365
478 257 34758
391 476 574466
153 81 457762
213 112 646304
281 381 769313
65 421 604514
259 85 760839
241 129 89758
149 407 170524
145 441 98096
189 342 884854
51 186 249202
217 441 929157
435 211 234127
226 275 374529
90 469 804937
289 181 626011
469 395 446007
289 392 219471
269 445 774088
101 191 227636
29 41 98116
151 213 828301
296 440 723113
151 383 479068
465 41 564303
396 247 113119
423 357 710686
129 401 761398
211 327 943413
151 349 308685
245 253 96153
1 31 556712
321 406 841295
105 492 335398
255 66 411594
174 253 133318
452 91 317747
497 494 430581
288 38 68034
185 181 799129
131 240 916815
22 349 871251
25 139 349179
477 71 29041
339 95 302542
389 349 702913
351 437 344620
37 126 734286
419 56 33169
389 305 604026
195 454 158682
273 441 976848
459 191 421678
201 335 946479
27 421 990706
316 201 150866
11 107 93367
147 361 683417
377 451 378079
347 338 858891
376 421 713173
102 314 472909
257 405 632499
159 361 418740
377 266 323309
460 17 25326
89 306 158052
9 361 988154
134 425 60640
379 221 295279
441 397 645766
167 481 128090
157 409 906968
280 109 194768
101 70 609228
491 161 374929
206 197 135276
351 419 594213
61 233 172465
343 221 394398
309 290 648859
445 172 438095
41 236 79231
450 61 826238
356 485 212233
349 255 309600
43 187 307256
306 222 391057
187 51 632321
379 381 79984
411 217 423359
12 261 582460
316 161 11577
317 172 884363
44 141 36675
1 252 726560
337 363 638235
126 315 596204
392 143 41321
489 206 602532
498 381 577689
273 445 428462
384 109 647096
72 292 958518
347 427 925321
176 391 294611
261 21 147412
17 500 865082
214 121 829706
209 391 735611
453 446 230019
93 343 756206
71 305 237572
158 171 453840
285 301 397717
304 180 621592
377 281 48766
379 17 254026
81 18 75686
180 137 698178
142 451 43068
135 411 235803
497 265 535845
11 56 611368
445 9 519291
441 411 807929
15 251 548816
129 281 468519
6 69 800663
435 337 624720
481 35 866568
479 381 342703
469 235 264235
41 429 12554
29 218 114625
405 423 457274
275 169 612008
496 123 624117
81 265 299129
493 212 508890
211 366 819884
291 178 776763
192 400 835341
435 459 402778
191 351 610624
125 452 236825
271 1 527551
235 345 502548
70 137 971919
337 319 955673
341 423 27650
84 286 548102
51 21 676623
260 45 550699
478 186 251813
167 389 672208
201 64 770580
291 9 942643
119 178 24334
305 237 451767
171 256 44865
88 277 127247
16 406 72957
133 446 855224
188 173 559211
11 221 121065
281 253 790318
255 61 627784
369 457 193686
43 481 731099
395 485 280223
87 279 1555
201 403 992112
173 197 731910
360 137 181829
206 301 388658
369 264 588410
62 352 183112
278 357 375519
102 73 107230
253 301 820799
93 339 268337
401 129 824586
48 213 267775
194 263 111151
475 133 332735
151 307 599784
156 5 610508
452 173 82837
423 336 705406
181 435 413777
107 37 277185
453 215 581314
156 2 289628
376 37 93782
117 221 871333
75 152 606407
377 492 908224
479 121 935376
277 157 868550
409 399 984104
329 111 742316
1 301 257951
21 1 815533
414 301 408536
174 126 178067
499 29 211511
337 38 626293
273 49 901567
169 409 630531
233 356 701394
287 68 273455
331 469 802176
94 25 310307
2 101 503291
249 146 239166
379 347 788584
365 465 585083
1 345 463796
202 471 499002
329 396 591650
471 131 632221
137 297 997347
411 222 697218
265 301 843821
21 491 90481
351 163 534022
1 97 215376
224 58 476713
345 469 354199
203 11 539960
171 409 352287
457 429 901333
333 109 635088
473 377 727055
323 197 777838
276 401 586776
173 269 950289
421 445 92667
421 281 373831
105 47 589196
443 351 10762
132 283 838788
210 46 763649
101 393 36507
231 221 653795
108 201 894013
376 213 447625
2 53 185347
451 171 299522
312 289 204972
226 345 884375
23 281 582006
170 301 795110
23 273 658666
119 151 313712
283 139 682490
5 223 597375
145 307 607712
395 456 659306
383 242 387455
217 370 374596
273 451 11415
181 44 832835
211 323 574693
353 384 84356
181 165 343407
90 104 935366
146 277 921102
166 191 987337
237 314 659607
391 236 716191
357 486 918865
203 1 588183
73 381 992960
41 461 743278
291 413 456176
333 391 63658
89 301 757397
239 355 989502
199 407 656644
241 416 702341
483 347 521154
221 176 817504
222 423 249584
211 13 330645
67 191 482815
128 424 562346
305 54 984119
93 171 350695
298 150 162115
61 147 601215
6 465 430336
49 473 192383
25 11 290316
383 285 875644
281 385 466084
401 460 421215
271 65 617692
237 441 755159
303 116 815098
189 201 169392
229 26 653166
331 173 970816
469 497 13024
374 145 585839
337 139 707004
486 143 699532
25 457 47932
156 285 796510
1 104 99102
359 233 722114
210 71 903612
466 116 577687
401 177 789717
177 101 712648
53 485 707279
468 309 119430
119 61 563457
4 130 732555
36 141 421106
286 465 429029
473 25 61504
421 275 711621
6 313 637344
473 157 955098
172 370 442286
257 425 220634
473 96 446524
131 383 37692
53 141 494638
162 65 35566
489 382 823703
283 376 745770
49 401 747643
29 61 201202
461 23 728950
181 47 521331
268 30 108958
201 17 492706
403 192 917947
270 386 464023
57 126 493217
101 318 585351
399 401 583567
51 22 756257
65 233 3420
152 1 745013
369 189 482141
40 137 189290
61 317 274476
35 165 825980
336 371 554028
239 211 674933
95 160 313976
319 444 547435
373 397 825372
195 325 500095
195 401 600317
301 233 983682
179 227 53652
9 149 193940
57 241 971132
141 169 738557
481 401 399291
181 289 766294
403 333 184607
367 406 977019
1 217 97171
129 441 867836
437 131 119028
346 351 219996
105 486 743319
407 321 402444
341 122 603219
260 429 29773
255 93 833230
301 245 627379
317 235 470847
495 296 575633
487 107 995519
383 13 795809
325 1 386050
34 136 663694
301 251 674163
373 371 852227
25 87 738146
361 316 166978
13 445 818475
211 421 975673
149 185 805128
431 377 612200
105 479 272857
248 292 750052
469 324 510426
261 423 625030
151 207 674825
366 82 217094
441 321 314033
11 16 979637
151 234 160831
49 183 850210
289 461 587763
313 214 465424
191 497 681683
66 301 820141
289 163 257589
49 345 420676
174 81 856313
431 500 648082
249 273 204831
189 101 41190
401 196 611530
121 447 384982
333 198 203411
241 135 494907
217 141 987508
294 441 364029
497 316 215234
91 494 274099
22 361 862129
78 257 156277
182 1 207913
313 316 320058
489 193 271701
301 250 914917
445 72 596275
397 211 966356
101 251 608340
21 281 944780
123 421 389283
371 143 678362
41 23 277014
1 281 623176
36 15 889954
473 113 83527
437 207 160016
463 261 958044
329 255 841691
412 45 876917
447 261 897544
295 453 555758
473 150 877434
393 467 553769
149 381 807
6 10 953424
377 136 876054
336 109 211179
315 135 526860
95 353 466247
1 405 292371
31 301 199548
9 491 131249
61 361 362139
237 321 481685
111 362 61112
201 197 632507
436 382 712000
5 169 803283
483 246 928232
261 450 123508
121 241 456995
259 211 491978
41 34 993994
361 234 9850
9 427 250632
121 321 605502
409 1 216238
114 401 184415
115 279 964741
35 333 269382
85 74 274842
168 36 223362
488 288 144330
241 157 970610
430 491 514148
213 114 322452
498 210 202843
171 285 18893
366 408 809622
411 110 310606
21 13 148798
125 260 568721
8 437 759498
265 105 271516
461 411 89442
41 137 898642
441 389 198063
333 261 44513
201 399 236459
185 13 427063
226 139 987422
57 261 239955
288 210 460934
386 272 90061
141 322 220082
13 391 455333
29 137 579918
81 174 626993
439 97 874236
69 58 102344
498 191 416157
358 5 959149
71 65 199317
333 497 487072
72 451 801786
193 409 741845
276 477 924881
181 97 987120
1 47 241404
301 350 448952
125 478 1240
141 100 115955
189 332 704449
173 53 813677
434 410 807856
182 385 476832
285 78 88656
317 271 785386
277 149 204833
71 75 374855
17 71 597642
413 376 584232
111 473 332907
433 55 312296
466 51 652110
21 297 122587
489 467 707467
301 490 104308
241 88 669897
23 17 248148
261 295 172495
329 101 143923
147 305 778155
149 499 651119
122 1 465059
195 411 164630
281 101 623328
151 145 83799
447 339 179406
321 57 390179
315 439 89389
63 33 646463
478 489 323756
440 350 391347
462 147 988656
76 24 674484
11 121 508549
209 221 384859
9 336 882379
186 445 84955
147 137 607291
382 178 812728
225 364 918046
336 486 112502
491 35 881238
4 214 524030
253 381 421273
435 352 460602
292 339 288298
155 289 566460
468 45 353082
188 315 842750
229 131 770126
1 385 473353
251 327 704572
121 433 107709
151 253 725738
111 36 485268
39 161 363840
466 321 286360
431 181 780068
362 467 944345
281 301 110410
291 377 889678
289 61 40959
183 129 206080
40 213 263061
267 164 628190
101 471 486153
474 220 386050
283 1 70140
83 97 514615
236 281 271103
361 151 413884
291 159 837688
272 226 539879
445 101 967360
281 460 685243
497 171 797191
143 41 671191
431 159 11211
133 285 605845
126 41 280468
145 471 972171
213 433 603797
101 127 331527
135 179 103563
203 26 165387
21 265 625201
373 313 329060
151 125 687580
71 156 786719
29 331 516909
486 29 53091
136 245 438431
185 297 633889
321 153 94233
16 134 132404
376 261 11803
12 231 300012
297 493 307111
65 132 713635
170 179 681025
266 245 955317
325 261 169568
221 205 855987
269 434 710341
243 499 581073
410 405 601606
285 361 490171
61 239 424129
149 316 404922
395 286 868129
413 399 676959
113 373 938955
66 103 104521
159 82 370508
441 366 671638
376 148 439365
147 36 218624
415 88 840096
110 468 831278
381 189 872001
57 165 436646
310 112 59531
69 309 224607
299 306 935625
392 289 211827
315 377 567790
185 497 681399
361 112 833895
53 289 440414
225 384 905260
101 497 679496
134 253 29410
185 265 225498
391 94 258582
401 481 852676
313 397 385552
381 241 948243
263 182 62683
92 233 784183
109 43 22763
317 195 272431
205 131 296151
277 9 684772
71 73 218144
225 265 692019
46 376 649388
293 283 626533
1 114 888533
398 445 294674
125 473 300097
297 185 473032
221 61 89290
496 310 696731
89 161 479973
331 153 798797
461 248 311409
111 1 58611
302 433 535355
331 221 135493
128 222 51626
351 269 798762
113 232 854312
321 221 835224
309 473 625303
65 316 288151
496 333 5440
449 376 128080
121 173 302850
493 387 948047
472 325 902061
279 161 339112
155 111 465558
237 257 265448
453 61 538506
285 141 240517
401 379 858779
341 27 235226
97 191 559194
125 281 946278
286 417 785198
321 461 12368
199 76 333603
1 455 772505
221 313 133587
461 89 585459
115 49 912608
301 367 723909
229 477 538609
73 205 853949
49 145 229181
439 8 569774
59 317 712692
117 36 827618
261 479 13776
189 265 148121
466 149 657403
321 137 539114
470 329 231752
50 71 30175
321 353 109525
121 201 768279
457 176 636304
431 141 250290
338 207 535628
387 417 269177
235 417 146469
85 236 330176
81 369 344194
301 319 520576
46 321 20461
133 119 13163
172 451 258521
443 201 465182
313 89 43856
129 257 984881
55 6 684335
301 38 177517
369 263 443067
384 421 210562
381 36 7563
345 349 69972
340 349 422169
185 117 312999
237 275 861576
1 325 975745
37 321 464105
415 201 216523
273 108 643655
301 433 605507
225 356 361229
307 313 872422
221 103 570017
393 487 417898
143 496 621666
300 451 285083
37 343 70740
297 401 529664
433 126 531627
129 377 814155
125 201 357259
1 226 115861
327 221 214564
253 173 566708
17 231 734258
81 74 786335
337 46 456321
303 9 67736
94 437 405585
81 421 850881
405 49 38868
461 351 992802
1 453 928289
54 299 617652
456 12 797825
243 189 579441
145 196 563961
113 223 32556
481 422 717532
249 325 235136
289 341 257117
349 179 493452
81 384 223298
471 257 707897
41 500 259026
101 51 29533
385 241 978925
66 384 741977
400 71 972384
369 191 70718
417 215 82939
496 151 727391
487 35 62217
207 310 792547
1 473 128064
486 231 430718
218 125 780739
1 282 639073
241 369 237840
176 245 940985
389 358 489947
157 149 492420
61 301 240339
21 360 900225
267 83 30991
341 314 534379
269 147 166150
316 479 503675
137 417 77134
185 213 463168
59 391 516967
67 25 50874
277 481 797046
67 3 272562
177 399 58849
153 204 893076
331 481 393348
440 229 663914
357 448 332651
71 278 563631
274 205 35714
346 301 831912
64 296 734166
349 107 932496
385 356 434715
41 21 78837
249 451 359678
200 161 451663
487 423 510537
13 435 736852
473 219 646025
141 59 782127
407 432 837590
409 332 908613
386 93 864078
200 143 58316
257 179 333602
59 455 784557
481 447 717679
407 453 382992
446 281 462023
340 293 94731
465 441 76548
183 191 853442
42 57 630459
141 307 540572
425 261 560172
45 283 911877
6 493 45248
191 87 885144
323 442 33870
253 229 336594
402 1 164963
432 297 864555
463 83 356306
251 77 497801
493 71 997010
281 209 980303
421 257 314783
416 146 923287
331 425 538225
421 326 553750
405 1 930933
405 281 10984
137 443 852864
225 457 320379
335 9 891422
446 309 564417
451 273 668064
462 253 976775
159 117 289093
487 201 978273
251 29 493922
96 429 973710
263 301 437701
101 321 149642
377 201 585984
261 23 553802
363 168 214702
196 330 389954
189 142 88792
281 97 481510
219 434 603749
31 285 978541
301 461 453041
116 11 464370
121 161 180294
132 84 343062
181 236 544669
301 377 682879
318 217 518595
217 455 25267
53 351 940006
56 373 173779
91 297 196056
85 5 817229
456 321 881064
499 461 57954
177 306 441779
302 97 294197
41 191 361221
169 1 545796
445 429 850442
227 454 962345
101 257 344901
427 405 578758
61 131 420728
114 21 461439
211 453 575024
44 301 535355
51 426 749988
261 117 951297
491 64 381283
18 381 243459
291 145 908368
167 171 498349
325 233 506339
119 417 799314
69 353 771339
421 57 525729
301 261 907651
209 383 462482
69 86 49246
377 426 846352
371 218 552461
356 36 571067
41 381 96516
213 101 777828
471 209 344804
68 185 808378
159 497 660623
41 121 8748
267 486 495237
156 446 550411
285 232 70115
292 135 264002
437 161 955256
284 301 527203
355 54 94783
431 255 847285
421 360 549495
426 86 355116
253 387 905223
478 437 862716
151 296 661018
469 225 472477
425 341 885322
141 69 684412
367 59 963614
273 464 559223
23 201 791110
325 465 413013
465 345 783535
91 484 566576
353 385 380085
8 117 549524
77 413 939377
8 29 15784
304 231 222547
33 465 279119
191 251 21619
73 382 839136
221 451 679007
283 401 190571
5 209 688151
71 386 965479
433 361 58467
41 277 577736
354 374 999075
83 301 137093
67 102 677583
59 441 671871
33 446 480376
351 57 517557
111 7 604359
192 98 423928
273 258 280599
381 437 80852
117 263 297201
496 21 294048
85 72 468730
48 346 206970
457 109 343616
406 159 603233
185 317 840829
255 409 199152
255 1 361531
169 487 478082
378 341 721241
437 191 68163
73 123 634185
363 349 372276
491 126 581255
42 81 568287
58 477 978785
432 497 914211
261 327 682123
188 231 712963
401 301 845362
211 451 724096
405 85 28049
441 66 93153
357 137 463159
468 31 942649
257 361 32098
201 138 314858
129 442 867443
311 247 762879
412 183 258258
16 364 688925
453 339 840031
421 364 592763
401 369 680151
53 436 127187
261 131 210760
421 423 195678
162 127 733292
45 146 441960
106 161 415427
125 70 236485
413 286 750963
450 190 612182
492 311 82090
351 21 748689
341 139 724291
357 171 382259
196 463 309777
1 161 297459
249 355 218116
184 145 796630
453 321 513033
427 145 398908
389 421 956237
284 469 977706
249 400 294676
277 61 1772
408 341 689040
292 444 854534
33 205 660406
37 97 34263
441 256 91820
266 141 63438
497 21 694574
39 73 648795
1 123 862417
121 324 683715
21 441 684679
81 417 867908
103 135 975810
81 413 251768
413 262 954815
109 281 618371
493 118 403900
136 317 933768
76 202 629039
195 89 796266
137 365 162549
103 466 58296
405 445 565905
249 49 902841
163 346 42253
131 45 739825
420 39 229030
153 433 976414
199 113 969321
281 131 427016
345 461 297203
144 486 479881
366 17 810738
13 294 744476
376 435 791305
65 161 918782
21 385 237776
123 246 166100
108 8 96496
424 37 524588
81 150 253712
249 308 120722
357 294 157203
432 210 401666
109 89 258409
421 371 936897
435 331 383416
151 161 763393
328 325 38294
493 77 678944
253 300 437531
423 281 271486
5 245 579198
317 194 729027
7 53 652543
44 135 813913
333 301 635355
193 487 828333
257 423 206853
324 217 527859
151 201 497470
182 97 241079
201 389 536997
451 145 257525
133 360 788709
325 457 892782
344 293 506755
441 162 169975
495 49 121679
261 406 459831
141 497 601801
441 5 906900
421 395 826906
336 263 597740
86 425 187931
241 71 911203
231 116 966025
27 160 402177
289 408 349197
33 103 537231
491 107 373588
440 16 792515
356 145 540489
59 52 306054
363 409 448621
231 256 49136
81 281 830081
147 1 748644
297 379 731290
123 109 827180
53 119 577698
159 493 952166
105 350 503386
21 261 363278
45 499 355887
285 49 232749
59 483 416475
161 133 673597
15 354 536568
371 101 418563
126 157 874816
41 421 239723
459 246 98011
55 57 24579
22 151 529695
29 122 102441
395 195 619261
226 419 918851
134 437 742863
29 433 715494
57 43 270749
233 219 851197
241 141 799682
301 351 741852
269 56 376659
51 391 737377
279 438 666686
261 205 985070
26 1 489732
391 301 265823
81 266 359169
493 145 376690
122 137 463733
125 121 111680
241 301 203034
402 165 566143
352 409 508685
1 401 824235
121 112 966877
376 161 453548
37 444 719825
191 46 892059
77 325 90362
156 470 931202
496 65 563971
427 257 184114
114 387 195655
127 173 74411
447 471 936656
315 1 319801
148 135 348731
474 498 764645
194 457 761322
494 401 415648
485 226 51040
442 316 28167
55 82 2762
417 317 118301
445 389 705891
293 321 798068
405 465 741211
478 217 688599
341 207 154243
315 311 233227
69 51 290114
249 85 986236
93 389 780371
307 413 160795
197 237 544742
177 71 562926
126 86 315289
399 119 720321
383 371 552013
467 325 328627
264 6 770998
29 6 800637
367 63 58145
433 16 723415
215 179 312960
1 21 522655
101 29 137477
363 465 659874
301 441 812138
371 250 452000
349 369 722573
249 361 905564
14 489 898772
262 299 715542
323 275 723516
373 26 56310
289 244 201221
65 341 103323
467 253 256333
295 425 651755
89 227 802610
198 231 700034
467 136 522842
363 22 993014
55 476 754829
94 483 55884
185 470 88173
381 459 140051
226 134 438262
255 286 112891
117 279 438413
93 207 51412
467 352 958847
419 495 767466
396 373 592343
261 109 115207
402 236 456074
270 134 540569
337 141 480023
81 403 354795
195 410 141389
440 200 466583
58 361 44357
313 401 945099
109 339 884357
450 43 205915
165 275 867128
401 228 512633
437 223 91552
51 220 2936
134 131 825155
306 264 582091
257 435 7117
9 22 205167
237 387 104607
351 271 805823
222 144 972546
314 154 875219
289 101 787178
160 129 201238
211 306 828291
67 316 818386
421 236 334236
325 492 851273
26 326 356695
105 241 718087
161 93 380711
171 167 746940
209 394 327995
251 397 747004
341 131 693995
346 93 323775
146 79 958936
439 89 562453
361 183 966387
295 106 675869
283 246 54654
151 467 260675
11 356 727819
474 137 390592
21 269 764972
35 424 632604
441 241 590237
430 51 386672
297 115 749680
458 174 826709
233 157 993932
356 61 134680
48 173 664860
157 301 549357
302 391 612422
129 243 686526
287 421 10254
333 1 658557
230 45 698718
468 416 156528
169 299 821402
91 65 878235
87 225 186608
81 204 739362
125 493 42039
56 404 612449
160 401 765679
35 421 321192
25 315 305574
306 261 264439
1 44 249641
89 285 92979
353 71 652540
199 245 623876
21 129 952354
201 265 849066
113 145 830177
271 440 355365
21 257 246498
215 449 127204
147 87 741711
489 231 392140
306 126 993321
209 55 756668
441 422 45044
37 206 801661
306 324 761276
126 251 665944
346 55 501367
321 492 181738
106 69 704335
153 13 174319
483 179 716361
321 236 231427
251 365 17744
209 389 774460
236 430 347425
17 10 591858
341 265 195152
299 261 171448
255 301 339208
112 434 297942
3 83 431424
98 83 381277
103 177 974786
457 261 242778
245 291 606069
120 201 219025
327 466 705484
185 325 145432
493 271 588177
18 427 557512
47 177 201709
29 351 607693
