3000
2 533742 533742
2 340758941 194996640
1 72387959 79616517 72387959 79616517
1 338888645 348650380 338888645 348650380
1 440016212 448382019 440016212 448382019
1 154193598 160799286 154193598 160799286
2 805822910 895595458
1 615645010 619962212 615645010 619962212
2 56110928 617600466
1 249224507 251131497 249224507 251131497
1 68799487 71335522 68799487 71335522
2 116083944 564926370
2 561368003 852551611
1 561417878 564364760 561417878 564364760
1 356356951 360453949 356356951 360453949
2 840604972 306251154
2 206744916 113144435
2 26654129 743387305
1 617102029 623291245 617102029 623291245
2 802617082 937240344
2 485328404 329273013
1 96376559 97940669 96376559 97940669
1 203765587 207583690 203765587 207583690
2 305942446 296299259
1 264935051 273989309 264935051 273989309
2 166016410 115353509
2 469250925 707435625
2 893306583 926305163
2 353837494 668459493
1 635034250 636889154 635034250 636889154
1 688872289 691765676 688872289 691765676
1 435351709 435386838 435351709 435386838
2 927235206 226165569
1 67031010 69810828 67031010 69810828
2 795054263 880539727
1 782214387 785738516 782214387 785738516
1 529997206 533149648 529997206 533149648
2 85563034 639421932
1 42718482 50188423 42718482 50188423
1 271387312 274487521 271387312 274487521
2 549420529 419151725
2 878329562 410619835
1 361704830 366713652 361704830 366713652
2 339253624 558244533
2 485855345 905954105
1 782668333 784653253 782668333 784653253
1 209503859 216644587 209503859 216644587
2 766565641 404014320
1 645282338 651465537 645282338 651465537
2 501233605 20814849
1 503587011 506833219 503587011 506833219
1 428555095 429326436 428555095 429326436
2 446193620 166864901
2 276157309 716987363
2 354091186 196779586
2 574208631 601341839
1 316047932 319647922 316047932 319647922
1 464338672 474145119 464338672 474145119
1 524941810 529791854 524941810 529791854
2 172846275 381196115
2 142320855 961506161
2 43060955 218642977
1 23525393 26389439 23525393 26389439
1 429579735 431097669 429579735 431097669
2 522202500 516894486
2 526609027 970895857
1 286188921 288821709 286188921 288821709
1 669076458 678230849 669076458 678230849
2 207690190 85299257
2 936069973 901585052
2 17040671 3660561
2 162318672 61021075
1 348958048 349520098 348958048 349520098
2 56801854 914361344
2 892891152 313868127
1 688680584 695585156 688680584 695585156
1 442111895 450087707 442111895 450087707
1 935083798 940915529 935083798 940915529
1 777013715 782164747 777013715 782164747
2 508731193 111239415
1 613474975 620999844 613474975 620999844
2 52217240 830220071
1 880951992 890479441 880951992 890479441
1 39287750 47574336 39287750 47574336
2 766651785 561043837
1 792194753 800527564 792194753 800527564
2 247481952 87989566
2 75686083 37425945
1 299697161 304416665 299697161 304416665
2 976377241 365447627
1 483634779 488992822 483634779 488992822
1 189488390 191767553 189488390 191767553
2 310275419 786996491
2 882550092 206455484
1 949569670 952940775 949569670 952940775
2 976420506 828162376
2 491419701 109397972
2 87568411 36548667
2 574732387 988102490
1 203047571 208819581 203047571 208819581
2 939253520 952049137
1 463191496 471877276 463191496 471877276
1 251238845 260097774 251238845 260097774
2 812115259 50372943
2 204285398 195725879
2 781714428 741431902
1 944880149 950417843 944880149 950417843
1 415608059 419616025 415608059 419616025
1 628355619 636773000 628355619 636773000
1 262239116 270048947 262239116 270048947
1 467135002 475034992 467135002 475034992
2 818262778 251386786
1 570871808 578385103 570871808 578385103
2 983270378 16860518
2 87308456 658619274
2 481908002 464881746
1 508440366 511330409 508440366 511330409
1 145655198 150882767 145655198 150882767
2 376933150 173202516
2 328706693 204018126
2 188449782 200860547
1 195802089 197544846 195802089 197544846
1 678516199 681624564 678516199 681624564
2 155176404 917747469
2 980442323 580409944
1 90371296 96797561 90371296 96797561
2 911503673 510635378
1 863704179 869084582 863704179 869084582
1 736091795 736849510 736091795 736849510
1 830946876 838361555 830946876 838361555
2 175790290 954053484
1 777603721 780558342 777603721 780558342
1 59268543 62665010 59268543 62665010
2 216483918 820837238
2 634396891 381582279
2 48093231 424655501
2 680214898 67036925
1 79830719 83958368 79830719 83958368
1 271757339 275907490 271757339 275907490
1 227926017 237525135 227926017 237525135
2 555919653 119867537
2 184896816 459290165
1 984415303 993116655 984415303 993116655
1 283457636 289483965 283457636 289483965
1 751335868 755056239 751335868 755056239
1 19756106 27453252 19756106 27453252
2 477125498 522150687
2 489575957 156195419
2 243391419 127705673
2 236358299 569338811
2 733121254 571349377
2 44445605 684110914
2 266268700 117629351
1 910498740 917841278 910498740 917841278
1 168067744 174116783 168067744 174116783
1 505501118 515107769 505501118 515107769
2 977885209 805722260
1 172669970 178322123 172669970 178322123
2 591000638 613451038
1 970488291 973950547 970488291 973950547
2 949071070 181057726
2 512427857 201690459
2 773886011 70890239
1 778842195 783559018 778842195 783559018
1 767592104 773209325 767592104 773209325
2 234199967 252423527
1 91983460 99052397 91983460 99052397
2 212928380 683688015
2 332077730 705156793
1 216524141 225195686 216524141 225195686
2 938700500 818980787
2 771206752 520248373
2 402553515 233237496
1 654102241 662937199 654102241 662937199
2 336708292 426976013
1 64170319 64188910 64170319 64188910
2 915436128 791020670
1 484223287 488114851 484223287 488114851
2 818077099 237875836
2 19258588 490029344
2 318235974 804421342
1 70183946 76616766 70183946 76616766
2 175548218 662042576
1 59210916 65850489 59210916 65850489
1 107687912 111937214 107687912 111937214
1 319778668 325716231 319778668 325716231
1 954447214 962178981 954447214 962178981
2 933393512 856707040
1 128766187 128872864 128766187 128872864
1 281579744 284905664 281579744 284905664
2 138365218 885699275
2 109115625 29858798
1 852083344 853256304 852083344 853256304
1 798565132 805362112 798565132 805362112
1 351801710 358513826 351801710 358513826
2 566347340 517894863
2 725775319 304687808
2 639674354 210552498
1 946414202 948695343 946414202 948695343
1 253894206 260813267 253894206 260813267
1 498261777 507940093 498261777 507940093
2 979252543 681562878
2 908158971 142812491
1 6882424 12867985 6882424 12867985
1 85358617 88914571 85358617 88914571
2 678684564 285857870
2 583760742 23008759
2 459274852 470317816
1 185277571 188315272 185277571 188315272
2 376829776 23784188
1 19851077 23808617 19851077 23808617
1 523766944 529605078 523766944 529605078
1 60307926 70231980 60307926 70231980
2 525694815 81156547
2 230381695 24358012
1 721961763 731210980 721961763 731210980
2 563902506 704941229
2 965924783 650653502
1 232855097 233204556 232855097 233204556
2 879673817 218201827
1 196346022 198247106 196346022 198247106
1 263868173 268847217 263868173 268847217
1 114965581 123677513 114965581 123677513
1 378168547 379094948 378168547 379094948
1 265946931 269055819 265946931 269055819
1 204637043 211130063 204637043 211130063
2 158987792 870290052
2 227394859 272872306
1 970394256 970414667 970394256 970414667
1 105722100 111033535 105722100 111033535
2 605850579 404236350
2 577460980 394655184
1 535206991 544575095 535206991 544575095
2 543045316 989766603
1 868605680 877458277 868605680 877458277
2 87555176 769206900
1 739928522 744864966 739928522 744864966
2 884021202 715030257
2 490049907 844239628
1 616891146 623588045 616891146 623588045
2 853379146 851749877
1 702362832 703355941 702362832 703355941
2 247712240 161196985
1 227011775 235125988 227011775 235125988
1 465305146 469443999 465305146 469443999
1 566963651 569635767 566963651 569635767
1 131283532 138907594 131283532 138907594
1 168055126 177914111 168055126 177914111
1 774750333 775008202 774750333 775008202
2 371003861 304793931
1 277280793 281499482 277280793 281499482
2 144390996 590861947
2 572888056 168519230
1 434567184 436460563 434567184 436460563
1 477348994 483631992 477348994 483631992
1 28718127 32177304 28718127 32177304
1 861777424 863839214 861777424 863839214
2 95267240 789623204
1 573228089 574907594 573228089 574907594
2 224164042 438389120
1 145881777 146045558 145881777 146045558
2 655902787 561184065
2 166683910 744285149
1 318829785 319729159 318829785 319729159
1 7884143 12989441 7884143 12989441
1 14907330 20433121 14907330 20433121
2 362184012 635133456
1 84865778 89358107 84865778 89358107
2 603477478 920715517
1 354065955 363262037 354065955 363262037
2 620457673 970921060
2 96860385 847870087
1 807414169 808275680 807414169 808275680
1 407181356 414168781 407181356 414168781
2 389819909 300543885
1 713648236 717861656 713648236 717861656
1 85978481 91859309 85978481 91859309
2 679947562 635118708
1 576507740 583449791 576507740 583449791
1 738446861 742674754 738446861 742674754
1 24802184 33685776 24802184 33685776
2 730115914 659055338
2 206685583 600526603
1 839672385 848338584 839672385 848338584
1 242818249 245881476 242818249 245881476
1 989012305 995712603 989012305 995712603
2 543318223 725114509
2 465410664 337311762
1 877079233 886801428 877079233 886801428
1 977622335 977772977 977622335 977772977
1 860284992 868931777 860284992 868931777
1 292192886 296845536 292192886 296845536
1 291388131 297208423 291388131 297208423
1 425462022 428366484 425462022 428366484
1 944587098 947772356 944587098 947772356
2 317817011 303069327
1 657374759 667216662 657374759 667216662
2 650570847 381292044
2 982932810 607825982
1 705655199 709632846 705655199 709632846
1 366720889 375289382 366720889 375289382
1 58242962 66192401 58242962 66192401
2 41645772 616406051
1 892953418 894258795 892953418 894258795
1 340407966 349242792 340407966 349242792
1 105371610 114707878 105371610 114707878
1 911622622 913167517 911622622 913167517
1 826699584 834953714 826699584 834953714
1 518528554 523955239 518528554 523955239
1 795357088 801588545 795357088 801588545
1 68653223 71060204 68653223 71060204
1 563828203 566143643 563828203 566143643
2 312096051 510585406
2 666790989 620465181
1 58731407 63510694 58731407 63510694
2 459408075 210030566
1 360948400 365115336 360948400 365115336
2 702310980 365265361
1 973555140 976602363 973555140 976602363
1 102151442 111241198 102151442 111241198
2 312409430 531298329
2 919888595 454240973
2 490268682 345938424
1 910124952 915356299 910124952 915356299
1 574660624 584170397 574660624 584170397
2 172664707 175029608
1 856730348 862897825 856730348 862897825
1 683770563 692667631 683770563 692667631
1 495122783 502502079 495122783 502502079
2 226521257 430065257
2 921621581 451044381
1 127082380 128098991 127082380 128098991
2 230096178 286782105
2 938392952 384571776
2 383976244 428669784
1 490476872 497720704 490476872 497720704
2 373054812 173189609
1 701882514 710055762 701882514 710055762
2 170012960 216435778
2 370477088 816786597
2 46256532 426795583
1 123351161 125821391 123351161 125821391
2 182086718 282753463
2 987835542 44408760
1 6018321 6958654 6018321 6958654
2 662557292 263679783
1 919022164 919707385 919022164 919707385
2 95582915 300488490
2 873652231 15877389
1 870245752 871178023 870245752 871178023
2 609489194 64645687
2 677652268 258035359
1 558092780 565919086 558092780 565919086
2 886068993 403016329
2 334546930 506590469
1 124648658 133314053 124648658 133314053
1 7160333 7548661 7160333 7548661
2 160317172 721882353
2 125779220 674466712
1 397151580 398623597 397151580 398623597
2 132758402 84372503
2 937355136 132388600
2 124755892 279756365
2 260981345 363711638
1 258926472 260370954 258926472 260370954
1 580932363 588937670 580932363 588937670
1 205961625 214272048 205961625 214272048
2 584252698 145106024
1 186934783 190658142 186934783 190658142
1 977007421 985536396 977007421 985536396
1 513857675 519274794 513857675 519274794
2 10247610 483800132
1 261218175 267249061 261218175 267249061
2 212137695 243191522
1 939835629 947135976 939835629 947135976
2 221499804 191612380
2 140122870 291063903
2 827330708 298589010
2 806828865 105810103
2 382772175 941267669
2 917111315 712421549
2 587275685 833185950
2 122139187 426894050
2 937898964 695645377
2 527468749 679950895
1 975073054 980655502 975073054 980655502
2 576599630 946778202
1 972454760 979405674 972454760 979405674
2 805570991 76569659
1 266077089 266097828 266077089 266097828
1 836634226 840705489 836634226 840705489
2 45021199 86776448
1 256097080 257528503 256097080 257528503
2 982392018 228902310
2 30929067 297205086
1 243611816 251199757 243611816 251199757
2 45341019 872633855
1 369738352 373205998 369738352 373205998
2 448626770 984602787
2 332407590 805425484
2 849803137 660005665
2 963723089 420267057
2 378356130 175290255
1 739015179 746441196 739015179 746441196
1 503743899 504012184 503743899 504012184
2 221363341 974162098
1 764021088 765734446 764021088 765734446
2 80479636 132740900
2 492801758 286601945
2 919469118 502539767
1 16942606 26097675 16942606 26097675
1 73571708 77964072 73571708 77964072
2 190299296 463816603
1 102137026 107956696 102137026 107956696
1 375009041 375823247 375009041 375823247
2 81398701 864699480
2 326872155 73147022
1 184564859 185517311 184564859 185517311
1 635517812 641734019 635517812 641734019
2 198333844 665400674
2 982540074 681254513
2 975511067 200160757
2 737759691 884132351
1 276689873 283492902 276689873 283492902
2 601631409 69872351
1 821904308 823992781 821904308 823992781
1 503229724 506810001 503229724 506810001
2 470102463 768142628
2 799695039 323230710
1 39764960 49304128 39764960 49304128
2 315328660 362649036
1 463777087 472672331 463777087 472672331
2 735675444 306304803
2 39161926 600848593
2 60279277 324286721
2 957240431 139622652
2 536447005 52140104
2 617600143 635998359
1 748981011 758162718 748981011 758162718
2 470725025 728049583
1 446364276 453532322 446364276 453532322
2 429779294 356604488
2 405436071 154566400
2 344140071 761256535
1 222673773 224805977 222673773 224805977
1 273428583 278986179 273428583 278986179
2 316602580 699181503
2 860514287 938273966
2 92244252 917505410
2 494323824 604860516
1 767897489 769290101 767897489 769290101
2 920958905 868071782
1 28387918 33910583 28387918 33910583
2 78830220 368743460
1 119789635 122463409 119789635 122463409
2 721535336 938484517
1 840417256 842281299 840417256 842281299
1 406342490 411611724 406342490 411611724
1 923151116 924587949 923151116 924587949
2 27913444 931503180
2 849220144 385848633
2 220892289 316821037
1 27591413 36424674 27591413 36424674
2 417037185 261367760
1 312072822 321055388 312072822 321055388
1 600182989 600474438 600182989 600474438
2 581023106 236212141
1 517895887 521730092 517895887 521730092
2 200835036 340812119
2 175355156 686325151
2 21775248 315302591
2 735416518 60460560
2 459333294 36654834
2 549962742 204153154
2 146274673 630052915
1 805744829 811903511 805744829 811903511
1 595170666 604983586 595170666 604983586
1 256689932 259702692 256689932 259702692
1 195415903 203791910 195415903 203791910
1 827311345 828841581 827311345 828841581
2 135944755 865249147
2 786802302 89070035
1 970009433 977101634 970009433 977101634
1 432065688 434105024 432065688 434105024
2 953163882 415532872
1 249476632 252977023 249476632 252977023
1 251495290 254249384 251495290 254249384
2 385933039 93645571
2 271748308 746849118
1 62910186 72084526 62910186 72084526
1 427408774 432663515 427408774 432663515
2 777925833 570902461
1 766995716 776480401 766995716 776480401
1 667245813 677115965 667245813 677115965
2 140224605 355971195
1 743418705 749137067 743418705 749137067
2 200111905 394618333
1 195045310 201700043 195045310 201700043
1 527179671 530831144 527179671 530831144
2 402974180 280220867
1 378931421 388912747 378931421 388912747
1 802866069 804562676 802866069 804562676
2 708037043 755174356
1 206396870 206675102 206396870 206675102
2 800500420 422771968
1 196691490 200671833 196691490 200671833
2 964190188 938059789
1 817895004 824286038 817895004 824286038
1 483250087 484450030 483250087 484450030
2 509693465 962461815
1 279034161 283583577 279034161 283583577
1 678397169 683306623 678397169 683306623
2 734925993 516911582
2 599291280 599771357
2 679503939 173074065
1 173401137 183294451 173401137 183294451
2 858682513 349607706
1 569215386 575492817 569215386 575492817
1 406666640 416550393 406666640 416550393
1 196406358 201476546 196406358 201476546
2 243060995 480966139
1 729900296 736525584 729900296 736525584
1 711159522 716705258 711159522 716705258
2 833855326 76710915
2 221117732 690809554
2 744792415 99293792
2 837069357 625411696
1 484875263 493071978 484875263 493071978
1 501878418 506069039 501878418 506069039
1 582959410 591785022 582959410 591785022
2 715241872 514521399
2 403771101 591974463
1 732418600 734676096 732418600 734676096
1 493916066 494364310 493916066 494364310
2 971472706 616182173
2 739569084 77227771
1 127371059 132960785 127371059 132960785
1 127125584 136518130 127125584 136518130
1 298110534 298187937 298110534 298187937
1 988241381 993305028 988241381 993305028
2 765584875 948583899
1 477048205 477615462 477048205 477615462
2 673746711 481981004
1 159675449 168200934 159675449 168200934
2 886029063 926095800
1 936615373 939383990 936615373 939383990
1 138928955 142759475 138928955 142759475
2 599030164 510026815
2 682289017 797658119
1 224005233 224009526 224005233 224009526
1 142418040 150064934 142418040 150064934
2 203530927 642714056
2 679263770 394805847
2 115872984 377885339
1 691090852 693699583 691090852 693699583
2 25893133 306979858
1 887539602 889439369 887539602 889439369
1 344892136 346071590 344892136 346071590
1 498612668 503564358 498612668 503564358
1 340387890 346443056 340387890 346443056
2 780043422 129102810
1 270481740 274362919 270481740 274362919
1 899111808 905785899 899111808 905785899
1 6176224 7009505 6176224 7009505
2 216393062 821533316
2 528678262 76409636
2 163614322 53930381
2 568217141 533203060
2 653404881 900732549
2 345742623 915679667
1 646155462 648592313 646155462 648592313
1 229464794 229539324 229464794 229539324
2 17801655 9347024
2 193822460 251760693
1 156564395 160520214 156564395 160520214
1 103422276 108263494 103422276 108263494
1 164641376 165980163 164641376 165980163
2 368552303 699616988
2 684367023 388199076
1 611210468 613439039 611210468 613439039
1 657541434 663891858 657541434 663891858
2 324674834 265263429
1 248811205 251450927 248811205 251450927
1 436680225 438377296 436680225 438377296
1 160754670 167178292 160754670 167178292
1 506184147 514848110 506184147 514848110
1 451608513 456691301 451608513 456691301
1 466975550 470652197 466975550 470652197
2 931835069 138342517
1 422755703 424930820 422755703 424930820
2 36784271 113958792
2 178841539 677933618
1 987165843 987710399 987165843 987710399
1 879810742 886766669 879810742 886766669
2 163851238 126370476
2 282881413 484260483
1 907255791 916003680 907255791 916003680
1 814314634 820329855 814314634 820329855
2 241330052 518646272
1 893880243 895181345 893880243 895181345
2 652981379 544046624
1 975412725 977244593 975412725 977244593
1 989281838 993136299 989281838 993136299
2 651183540 311457857
1 6772699 12995216 6772699 12995216
1 651664439 659044036 651664439 659044036
2 248800285 647387296
2 895694042 86070909
2 472453931 324389363
1 775680540 783435641 775680540 783435641
2 589709181 223067142
2 880360758 365099535
1 224816462 230399236 224816462 230399236
1 230796414 234006802 230796414 234006802
2 730375812 266612620
1 211012923 212795388 211012923 212795388
2 447705808 9178155
1 141224188 145305415 141224188 145305415
2 669958340 843394594
2 725273640 759961858
1 11551907 18120435 11551907 18120435
2 957451773 561459056
2 831464768 180750929
2 75962965 403559093
1 285469706 289285006 285469706 289285006
1 317130565 317552907 317130565 317552907
1 21821090 24856878 21821090 24856878
2 322738013 854506393
1 457837507 465226888 457837507 465226888
2 882787092 677766191
2 155022332 263700452
1 248925708 257187020 248925708 257187020
1 697210494 701146609 697210494 701146609
1 666373671 675588876 666373671 675588876
1 17423169 21945977 17423169 21945977
2 247618559 657036685
1 23041822 23692902 23041822 23692902
1 401332442 410183688 401332442 410183688
1 616746678 621581867 616746678 621581867
1 469647020 470096853 469647020 470096853
2 923858691 423420371
2 876327456 178680080
1 242967016 251442814 242967016 251442814
2 600227145 51675072
1 689684072 695485596 689684072 695485596
2 503163493 640802913
2 52448305 714786118
2 205026762 782623280
2 242186902 940683976
1 152682262 158774314 152682262 158774314
2 392885652 88644046
1 663913954 664335795 663913954 664335795
1 378838458 382140893 378838458 382140893
2 203269875 744595451
1 633885608 640191196 633885608 640191196
1 523153683 528931672 523153683 528931672
1 361380244 362615282 361380244 362615282
1 581522571 583853625 581522571 583853625
2 962593476 303239523
2 892128228 989125465
2 332872339 416402257
1 447936497 447977442 447936497 447977442
2 628040474 542093307
2 32822312 887515229
2 232549517 67335746
2 382532483 639780094
2 639792477 766413719
1 392422247 395804500 392422247 395804500
1 174513852 177332958 174513852 177332958
2 401173637 559488489
2 139581691 828440202
2 309831467 951912383
1 753073932 760663598 753073932 760663598
1 66909572 71778492 66909572 71778492
2 215581372 430343258
1 544732786 551858766 544732786 551858766
2 276989389 397184510
1 311285626 316277499 311285626 316277499
1 51754464 60694700 51754464 60694700
2 263997138 58899137
1 203909061 207346053 203909061 207346053
1 712885321 721582937 712885321 721582937
1 14457441 19406000 14457441 19406000
1 224890663 234358747 224890663 234358747
2 578691074 573425305
2 64368847 330875252
2 271724136 972253164
1 22918792 32848906 22918792 32848906
1 468666812 470414181 468666812 470414181
1 213620247 219247386 213620247 219247386
1 275950085 285319654 275950085 285319654
1 250145688 255963639 250145688 255963639
1 323439877 329022843 323439877 329022843
2 111785424 484042641
1 676641656 685973724 676641656 685973724
2 586639447 234863431
1 298737521 303112826 298737521 303112826
1 70209256 78718303 70209256 78718303
2 163287528 254485916
1 310949197 315496898 310949197 315496898
1 88977628 96684667 88977628 96684667
2 34555439 836297115
2 77384105 893898823
2 136785584 732107323
2 914929191 807525969
1 983418729 986503901 983418729 986503901
2 55430564 908310888
1 633139788 643003540 633139788 643003540
2 307415336 106590375
2 332496094 418584290
2 252976375 787700919
2 915163146 87060782
2 897811138 711152302
2 182587377 754386954
1 723317093 725910099 723317093 725910099
2 105784762 820023521
1 891034345 895097679 891034345 895097679
1 823929543 831673626 823929543 831673626
1 659073685 664855416 659073685 664855416
1 408626068 413574963 408626068 413574963
1 960094592 967977457 960094592 967977457
2 71833352 433152524
2 768566997 565877282
2 473879540 298282659
1 834979591 837604913 834979591 837604913
2 681710109 502086005
1 8713157 10712377 8713157 10712377
2 571403918 489006065
2 177272125 125088048
1 946956361 953509842 946956361 953509842
1 341550645 348491337 341550645 348491337
2 12686076 610777809
2 8350026 468496784
1 614999174 616253149 614999174 616253149
1 570779538 573160042 570779538 573160042
1 8145713 12566038 8145713 12566038
2 808203372 668438957
2 456970893 141274441
2 358106558 333553862
1 366181422 369401107 366181422 369401107
1 580911914 582102403 580911914 582102403
2 448616139 540148934
2 43582635 614541124
1 792433027 798759138 792433027 798759138
1 194588348 196072041 194588348 196072041
1 137493621 138494354 137493621 138494354
1 190556401 194473181 190556401 194473181
1 38241524 39498412 38241524 39498412
2 198278859 182705865
2 594679664 593317542
1 529981774 539683582 529981774 539683582
2 272789810 273584845
2 1886408 669627014
1 468465182 474300831 468465182 474300831
1 226193257 233651161 226193257 233651161
2 819544205 119711324
1 688665158 697368639 688665158 697368639
1 231534831 239375207 231534831 239375207
1 593639770 601043776 593639770 601043776
2 156813998 18444564
1 263368834 272383429 263368834 272383429
2 918340258 47003391
2 181589231 723021081
2 893991585 680225173
1 488901431 497218919 488901431 497218919
1 589821957 591563105 589821957 591563105
2 274654568 702208281
2 125753201 150124098
1 15954624 25040833 15954624 25040833
1 442533861 446451868 442533861 446451868
2 153777175 30244915
2 673291456 911471412
1 388691352 397006729 388691352 397006729
2 733682467 235872388
1 177910654 183938158 177910654 183938158
1 21509978 27196158 21509978 27196158
1 829618129 834252749 829618129 834252749
2 324614845 776216395
2 734806903 540825364
1 512437612 515867318 512437612 515867318
2 823304491 588629773
1 529112394 538357416 529112394 538357416
2 179099109 111248437
2 11726422 402684646
1 766595118 774327162 766595118 774327162
1 427986276 435083999 427986276 435083999
1 536330979 540989430 536330979 540989430
1 385926138 395198712 385926138 395198712
2 117477505 741761146
2 803137501 406951402
1 464350024 472437811 464350024 472437811
2 392400599 197152223
2 243858818 721757607
2 143818257 123114639
2 629207821 708537764
1 546229522 552143262 546229522 552143262
2 129416356 36510063
2 360432028 164974329
1 719126181 723599525 719126181 723599525
1 77040065 79706292 77040065 79706292
1 753127340 756165291 753127340 756165291
1 817819852 823751635 817819852 823751635
2 57416820 14368255
2 779527768 977775407
2 683811705 882557272
1 299214114 300830228 299214114 300830228
2 529080032 576620457
2 771685399 343786908
1 273422631 279169421 273422631 279169421
2 414677992 6623898
2 708004260 924533137
1 328794358 337748881 328794358 337748881
2 27827872 205474371
2 630269617 985244396
2 729590077 516623154
2 930657621 760352043
1 191437785 195110361 191437785 195110361
2 791816603 43673274
1 722952487 726214328 722952487 726214328
1 525010727 534370999 525010727 534370999
1 692928712 702143081 692928712 702143081
2 389246139 153570681
2 186314041 865295538
1 721238562 723802533 721238562 723802533
1 808931345 811313254 808931345 811313254
1 107261746 116505562 107261746 116505562
2 9020733 415109252
2 111269597 507022486
1 505885411 514541077 505885411 514541077
2 265444839 325967676
1 735750031 744190796 735750031 744190796
1 159717644 165294525 159717644 165294525
2 495917769 191893563
2 517253899 245575895
2 951448790 861538980
2 671364041 269284558
2 491436448 527876377
1 109298192 114632537 109298192 114632537
2 716189951 628077940
2 346991666 692635043
2 504237044 544677285
2 906640921 738271177
1 893014766 895566229 893014766 895566229
2 366908974 48527900
1 343994897 345948375 343994897 345948375
2 226573554 268901226
1 362830595 364410616 362830595 364410616
1 979989176 982006372 979989176 982006372
1 958809974 962626753 958809974 962626753
2 105667047 774926543
1 525973113 533152544 525973113 533152544
1 665522496 668679681 665522496 668679681
2 573314889 884567423
2 526360315 461244420
2 200205399 548448205
1 79820428 87874604 79820428 87874604
1 93740492 101871099 93740492 101871099
2 525157501 457521431
1 913208936 919610064 913208936 919610064
2 240227899 43954522
1 588125555 589270850 588125555 589270850
1 774638351 783162072 774638351 783162072
1 925622862 928305218 925622862 928305218
2 803075944 37149702
2 82103846 350183341
2 720138193 555122399
2 373456572 176925701
2 43902344 828803926
1 809585889 810275386 809585889 810275386
1 363595910 369306528 363595910 369306528
2 67407487 778720591
1 456701699 459139060 456701699 459139060
2 73505232 767542066
2 537880114 757372094
2 194336889 773947995
2 851378065 641406851
1 196890907 199338417 196890907 199338417
1 628495546 632805757 628495546 632805757
2 320833905 155004596
2 129364146 165953195
2 148100557 384093858
2 367784730 361911485
1 700031438 703801061 700031438 703801061
1 938321905 940250077 938321905 940250077
1 138420812 144356542 138420812 144356542
2 502560144 967772043
2 32604976 101122242
1 639581715 648209112 639581715 648209112
2 677666054 714576168
1 217062967 226144506 217062967 226144506
1 661742288 669339343 661742288 669339343
2 555981385 405473795
2 774024751 284286355
1 110286650 118692156 110286650 118692156
1 258750694 262405919 258750694 262405919
2 411564392 199538816
1 761740548 763887121 761740548 763887121
1 754973958 761388324 754973958 761388324
1 498929140 506209176 498929140 506209176
1 402297842 412040227 402297842 412040227
2 603768332 919245586
1 903348079 904801275 903348079 904801275
2 873040738 615297744
1 309491598 309508359 309491598 309508359
1 716307403 717274418 716307403 717274418
1 64170381 64823610 64170381 64823610
2 656582574 294616490
1 858326227 865515027 858326227 865515027
1 160898007 170036151 160898007 170036151
1 302704582 306837311 302704582 306837311
1 231568233 232788119 231568233 232788119
2 338852142 247228955
1 819386749 825786300 819386749 825786300
1 458413672 466918177 458413672 466918177
2 384884996 639423537
1 837101682 837649318 837101682 837649318
2 260253762 621040160
2 641978107 385592200
1 42570781 47048521 42570781 47048521
1 580974005 584675235 580974005 584675235
2 5518751 128891500
2 690116177 794728581
1 739576399 741011699 739576399 741011699
1 774743349 779277719 774743349 779277719
1 460558514 467047789 460558514 467047789
2 695484441 22394177
1 740540267 740937720 740540267 740937720
2 317254672 667900185
1 96502988 100967106 96502988 100967106
2 142283165 978581357
2 325018610 93848744
2 727052431 392856823
1 931293972 932725978 931293972 932725978
1 753055603 754112343 753055603 754112343
2 464478358 109070634
2 515296432 297950603
2 270440158 662235161
1 232676105 238605784 232676105 238605784
1 870981228 877090954 870981228 877090954
1 551284341 551409527 551284341 551409527
1 380284365 380840824 380284365 380840824
2 422918522 772481538
2 904548577 618201578
2 408515444 759208570
1 840298190 847703203 840298190 847703203
2 385455821 980480094
2 281402239 389562442
2 350079515 435893216
2 575471942 526710603
1 158723653 159458108 158723653 159458108
1 304542030 312098030 304542030 312098030
2 696834994 247915507
1 114439138 123926561 114439138 123926561
1 642143458 648976890 642143458 648976890
1 600287856 600558145 600287856 600558145
2 163191384 446281360
1 237143343 243431739 237143343 243431739
1 670792022 671126793 670792022 671126793
1 136823561 138068655 136823561 138068655
1 141977365 151150833 141977365 151150833
2 529586608 692240624
2 146268542 230101362
2 978386165 502499196
1 159166636 164064192 159166636 164064192
1 258939537 264085977 258939537 264085977
2 165687539 739785438
1 507595751 512550651 507595751 512550651
2 57657267 389969982
1 209728891 210825724 209728891 210825724
2 79031284 955423655
1 321223860 329930760 321223860 329930760
2 459924754 974562625
1 214772457 221256788 214772457 221256788
1 123751997 127789074 123751997 127789074
1 913398840 922230988 913398840 922230988
1 785487420 793724583 785487420 793724583
1 535084801 542990826 535084801 542990826
1 702122581 706017471 702122581 706017471
1 158723417 166151874 158723417 166151874
2 263666100 741569952
1 754446275 763866647 754446275 763866647
1 35458698 40575349 35458698 40575349
1 109710293 114037856 109710293 114037856
1 693066433 693428448 693066433 693428448
2 204085904 656877473
2 225840230 955905087
1 449904599 457678382 449904599 457678382
1 328194678 337531358 328194678 337531358
2 92454427 762566059
2 647173503 186631627
2 159226186 787226263
1 528244209 537254241 528244209 537254241
2 751710355 835622745
2 389621837 502822155
1 625916211 626283611 625916211 626283611
2 458208749 505323891
1 765254809 775124587 765254809 775124587
1 134217006 136002061 134217006 136002061
2 217987525 638818425
2 160794495 685968696
1 651616507 653862829 651616507 653862829
1 698874360 702339287 698874360 702339287
2 244310017 288397363
2 205487076 167542114
1 88390455 93247647 88390455 93247647
2 570733587 103213669
1 37340553 37577682 37340553 37577682
2 467473305 651966181
2 277796889 21401925
1 864564126 868016115 864564126 868016115
2 438153686 233690758
2 216003503 459787501
2 391342437 313206184
2 476471444 945934793
1 938511060 947919240 938511060 947919240
2 161504016 514192442
1 576815105 582679669 576815105 582679669
1 638492163 639058832 638492163 639058832
1 255197454 262867901 255197454 262867901
1 33365652 41192099 33365652 41192099
1 41703886 47882730 41703886 47882730
1 298370040 306453248 298370040 306453248
2 241404406 184778812
2 234585702 476728420
2 534136288 132997325
1 399111844 402162272 399111844 402162272
1 849045798 849932383 849045798 849932383
2 387052346 320476948
1 301718598 303675369 301718598 303675369
1 922589505 929366198 922589505 929366198
2 81728442 123538373
2 503498323 207630025
1 224823456 227785619 224823456 227785619
2 213206336 980544556
1 680899861 689402864 680899861 689402864
1 619196217 619975272 619196217 619975272
2 849389268 615622637
1 64484635 68505223 64484635 68505223
2 955077836 898523397
2 92687190 213369883
1 952337875 954153391 952337875 954153391
1 200863262 208547783 200863262 208547783
2 920440048 657401659
1 469792395 475053535 469792395 475053535
1 721921702 726989598 721921702 726989598
2 161437386 479721426
2 359049452 745597691
2 294665144 565330833
2 827591360 648351434
1 155989774 162574436 155989774 162574436
2 728321935 643416645
1 22599210 23836258 22599210 23836258
1 273177701 280412806 273177701 280412806
1 93475279 100947298 93475279 100947298
2 878763334 65580754
1 270963209 279485602 270963209 279485602
1 325420601 331493937 325420601 331493937
2 902351018 975393886
1 832105133 837702746 832105133 837702746
1 747307022 755067862 747307022 755067862
2 857107447 462705264
1 425676608 426167907 425676608 426167907
1 332915201 339265377 332915201 339265377
2 195647372 937110937
2 746355610 871170756
1 726312434 731459215 726312434 731459215
1 687764959 694957292 687764959 694957292
1 112473475 113951916 112473475 113951916
1 302402651 304825232 302402651 304825232
2 728343429 927254188
2 772193208 563799729
1 552594272 558566865 552594272 558566865
2 304218834 238892534
2 438092109 574234055
2 672700172 793462150
2 688628962 294185476
1 300152889 308041116 300152889 308041116
1 19217542 28322899 19217542 28322899
2 708692985 537833684
1 8777565 12827117 8777565 12827117
1 918767884 926693321 918767884 926693321
2 859959215 57218315
1 5792688 13768981 5792688 13768981
2 527244259 13342406
2 72497429 59513175
2 17667494 750581644
2 542077456 63037391
1 35612125 42982512 35612125 42982512
2 137368682 310618208
1 916792830 925808440 916792830 925808440
1 314872777 317715573 314872777 317715573
1 323173712 329636959 323173712 329636959
2 440750362 17295431
1 185957102 188901739 185957102 188901739
2 843883276 638749013
1 893937940 903791328 893937940 903791328
2 193350619 331962660
2 985154839 652173195
2 927663981 619480739
1 124531370 128311553 124531370 128311553
1 125217219 130261946 125217219 130261946
1 4797433 12318044 4797433 12318044
2 650005457 779469616
2 485287986 11596478
2 928592873 832646679
1 739812888 746967065 739812888 746967065
2 798655102 906681371
2 52389065 287794329
2 771580920 213290092
1 929993512 934793848 929993512 934793848
2 503360952 384690127
1 135175758 141000053 135175758 141000053
2 134947696 539429022
1 355625401 359243585 355625401 359243585
2 632625095 206230152
1 284153657 286426776 284153657 286426776
1 251901987 257929883 251901987 257929883
1 210609643 215268136 210609643 215268136
1 936217323 945278571 936217323 945278571
2 186588792 708539387
2 250525544 150725621
1 563263897 566094240 563263897 566094240
2 925013715 71590418
2 928057186 825016810
2 333936380 358300344
2 96945640 295010624
1 315238030 316780130 315238030 316780130
2 61718018 489444374
1 143670134 151132359 143670134 151132359
2 270941164 842917142
2 205898137 328545704
2 378921529 32237351
1 807140867 816615909 807140867 816615909
1 126160609 135686644 126160609 135686644
2 39315254 897108113
2 22592724 35990459
1 608036164 617485062 608036164 617485062
1 670323702 676624602 670323702 676624602
1 867565005 871377245 867565005 871377245
2 627151626 401358073
1 681833131 688430456 681833131 688430456
1 481015430 489738617 481015430 489738617
1 818526255 824118039 818526255 824118039
1 93874679 99918625 93874679 99918625
1 165821865 173693020 165821865 173693020
1 23029983 26958524 23029983 26958524
2 839285333 951531258
1 762765215 762765865 762765215 762765865
2 794188688 77569768
1 980900909 982068779 980900909 982068779
1 314924001 320864818 314924001 320864818
2 673936800 875631912
2 807905983 929642509
2 365225074 292211575
2 581282614 445631821
1 291490971 298201874 291490971 298201874
1 94159454 103655489 94159454 103655489
1 282140118 282378171 282140118 282378171
1 607819562 612343786 607819562 612343786
1 809806981 810146198 809806981 810146198
1 725248354 728511355 725248354 728511355
1 250962300 258904553 250962300 258904553
1 227385527 227774161 227385527 227774161
1 699781810 707952526 699781810 707952526
2 858837932 422622387
1 960247569 962358858 960247569 962358858
1 933396684 933815394 933396684 933815394
2 355222375 745495477
1 347797054 352887765 347797054 352887765
2 525504416 139178113
1 84931733 87157081 84931733 87157081
1 933349952 935636756 933349952 935636756
2 132209773 144131326
1 694572866 694941103 694572866 694941103
1 351017959 355806080 351017959 355806080
2 171326045 455993592
2 705262223 497938513
2 604126474 626782300
1 160417224 166141337 160417224 166141337
1 523383230 529388362 523383230 529388362
1 441728253 446186782 441728253 446186782
2 69304264 790656087
1 468271805 477879594 468271805 477879594
2 934819585 516130093
2 741741915 893389658
2 807729803 842311244
2 482940573 60801017
2 323659353 474968931
1 297348927 306750671 297348927 306750671
1 730002547 730270529 730002547 730270529
1 422294203 431772606 422294203 431772606
1 214010475 223187783 214010475 223187783
1 579820687 581787413 579820687 581787413
2 619044747 448034494
2 829001956 870110263
2 30564857 568615390
2 149508287 484935488
1 822162279 823974492 822162279 823974492
2 422278043 717343804
1 256872142 256968774 256872142 256968774
2 390164741 748210682
1 456412434 457620435 456412434 457620435
2 376446989 770782603
1 758471147 763234218 758471147 763234218
2 259030784 428568875
2 915015074 901844164
2 949406746 329787382
2 139750918 431745014
2 538838762 466707328
2 971731120 886051650
2 392781151 684087186
1 256260806 260987600 256260806 260987600
2 277776894 410513274
2 132312750 652416515
2 984701250 826931140
1 660297105 667883374 660297105 667883374
1 121987788 124166095 121987788 124166095
1 426114418 434879876 426114418 434879876
2 552897657 194793454
1 161694810 167220232 161694810 167220232
1 717936605 722831936 717936605 722831936
2 97735573 241422547
2 21732740 291882157
2 605190794 890397009
2 920589563 601407364
2 126423164 536087675
2 227089979 127019990
2 731909862 423216504
2 785090252 482751731
1 600083426 601752040 600083426 601752040
1 590624816 600150651 590624816 600150651
2 360091349 573302887
1 149602284 150420209 149602284 150420209
1 9183003 10051284 9183003 10051284
2 778156905 306118722
2 167099784 49317025
2 926624702 607924535
2 945478222 314259364
2 298994314 944368513
2 57769761 368835534
1 906094832 913418994 906094832 913418994
1 508379557 512643982 508379557 512643982
1 170284489 170542720 170284489 170542720
1 2706366 3558143 2706366 3558143
1 224286823 233694460 224286823 233694460
1 51398637 56749176 51398637 56749176
2 112943466 24992574
1 103280703 103835261 103280703 103835261
2 442998454 716071886
2 370445854 407843928
1 709511169 719063617 709511169 719063617
2 55681136 641013524
2 296147469 619746617
2 833373791 82846641
2 9531000 601837787
2 447927290 398211653
1 224944392 227179927 224944392 227179927
2 812149662 748942574
1 1819079 10616787 1819079 10616787
1 875916242 880073549 875916242 880073549
2 556828315 891938019
2 221335721 159897466
1 844280978 846565276 844280978 846565276
2 264421406 947714467
2 118838045 551129670
2 373331554 667731138
2 560412180 127156240
2 566398066 979068996
2 271068094 255234247
2 301968421 658996987
1 695597466 702264712 695597466 702264712
1 843902605 848241481 843902605 848241481
1 381497284 388465053 381497284 388465053
2 97743334 367660089
2 745578802 291879465
2 904699742 582140866
1 901653212 905335949 901653212 905335949
1 67368156 67537981 67368156 67537981
1 476152939 481496652 476152939 481496652
2 251461227 653146345
1 556398430 563246077 556398430 563246077
1 527245732 529272317 527245732 529272317
2 159398239 798569174
1 719425480 722671461 719425480 722671461
1 963150171 966740710 963150171 966740710
1 64523633 65307663 64523633 65307663
1 734587891 739390962 734587891 739390962
2 330782759 254388428
1 245159718 245713489 245159718 245713489
2 760620321 316222461
2 826493860 38034709
1 304388668 308282023 304388668 308282023
1 7275274 8030952 7275274 8030952
2 113545045 115305605
1 768137960 770179891 768137960 770179891
2 530038516 252716144
1 313669315 321317472 313669315 321317472
1 138998404 140069748 138998404 140069748
2 642771281 757457888
1 805201447 813906110 805201447 813906110
2 145228275 238187621
2 393452543 57851558
1 932509976 941874287 932509976 941874287
1 116845014 126188876 116845014 126188876
1 531022057 537962018 531022057 537962018
2 819837219 200415856
1 279075540 281455679 279075540 281455679
2 674971421 38550517
1 794107829 800145807 794107829 800145807
2 165183936 925852021
2 962812604 768320481
2 833524285 103605595
2 738266733 147386109
2 271932034 26751957
2 240006271 552029568
1 136692142 137832890 136692142 137832890
2 298049341 635532086
2 195080535 908994664
1 149564696 155234683 149564696 155234683
2 244374111 549542065
1 19904213 20056759 19904213 20056759
1 70512258 72539058 70512258 72539058
1 31380340 40782598 31380340 40782598
1 614517365 624061485 614517365 624061485
2 810772891 558222634
1 691700003 692212631 691700003 692212631
2 291711249 697404849
1 53930818 56145786 53930818 56145786
2 555759445 889520605
1 133984848 135900516 133984848 135900516
1 179379362 181738002 179379362 181738002
1 613285431 619882261 613285431 619882261
1 681968383 686136318 681968383 686136318
1 737233235 738554905 737233235 738554905
2 698550840 420701322
2 765912885 441900619
2 60913830 809403893
1 542582570 552360988 542582570 552360988
1 297912786 306437692 297912786 306437692
1 962580484 965842135 962580484 965842135
1 694851729 695825911 694851729 695825911
1 340399531 344710345 340399531 344710345
1 256030879 258598749 256030879 258598749
2 823679918 926526336
1 387843695 395829971 387843695 395829971
1 187601122 196819201 187601122 196819201
1 103925243 105817180 103925243 105817180
1 170888952 180573715 170888952 180573715
2 309775604 32884084
1 323094697 331411508 323094697 331411508
2 76696313 879812223
1 761879342 767601525 761879342 767601525
1 888079775 897353306 888079775 897353306
2 544907226 279754349
1 829371295 838725688 829371295 838725688
2 985853783 172403175
1 97651622 102242775 97651622 102242775
1 961423612 963752965 961423612 963752965
2 320776288 50420413
2 445857264 246565536
2 518388354 23559686
1 791561484 792637129 791561484 792637129
2 73643308 626288459
2 160452013 3537031
2 100296603 235417713
2 77647712 939427221
2 328484925 437704071
1 631611434 632032897 631611434 632032897
1 754351947 761429827 754351947 761429827
1 564767900 571466538 564767900 571466538
1 499544745 500906908 499544745 500906908
1 594385520 596029138 594385520 596029138
1 344389500 344897734 344389500 344897734
2 363286719 972831594
2 416079221 959639000
1 868810463 874336634 868810463 874336634
1 574781670 577120628 574781670 577120628
1 645930846 653104451 645930846 653104451
2 760968277 480619802
1 279890293 280322528 279890293 280322528
1 441672319 442183701 441672319 442183701
1 654986382 660334561 654986382 660334561
1 373426013 373749311 373426013 373749311
2 811519876 553067913
2 893458404 854507766
1 82257375 89786399 82257375 89786399
1 587091068 592093239 587091068 592093239
2 73556338 275997780
2 81345696 178637405
1 343285185 350825056 343285185 350825056
2 507724018 490869010
2 905655758 201757267
2 875482795 266982436
2 867162886 320850766
1 708120234 717106180 708120234 717106180
1 116712074 121793524 116712074 121793524
1 535160909 537751679 535160909 537751679
2 926973856 21352749
2 7823205 728629666
2 478761481 82747348
1 899546451 906316938 899546451 906316938
2 640517443 342603212
1 912353772 916770542 912353772 916770542
1 583247282 584415791 583247282 584415791
1 768192443 771207011 768192443 771207011
1 904419935 912349710 904419935 912349710
1 922328964 923006235 922328964 923006235
2 12379986 934569845
1 606303661 610832660 606303661 610832660
1 279487697 286275211 279487697 286275211
1 399592515 402363779 399592515 402363779
1 297486770 303497472 297486770 303497472
1 547084104 548234602 547084104 548234602
2 780962851 129022643
1 975420060 976330936 975420060 976330936
2 728446087 896329147
2 351133481 230819207
2 909260810 3487955
1 184947893 194505434 184947893 194505434
2 470243111 450593248
2 332088434 65164514
2 759123775 275234946
2 456249592 415458211
2 104437353 228936042
2 275059788 427622313
1 82483227 90636794 82483227 90636794
2 913434159 320192934
1 616190609 622254162 616190609 622254162
1 43801875 53431053 43801875 53431053
2 961496325 218646732
1 647214058 656819300 647214058 656819300
1 368424101 373276472 368424101 373276472
1 850372283 852214969 850372283 852214969
1 378427344 384050662 378427344 384050662
1 867035746 873678003 867035746 873678003
1 378974461 385704688 378974461 385704688
2 224799268 554397060
2 254489445 354229529
2 51622576 801971427
2 387573526 41472113
1 654021803 663461595 654021803 663461595
1 209796119 211959900 209796119 211959900
2 130633978 311587130
1 198732942 200898853 198732942 200898853
2 757641699 26621357
1 505359503 508404875 505359503 508404875
1 200957472 203830765 200957472 203830765
2 446601623 426066282
1 303739025 312967126 303739025 312967126
1 973777328 979797543 973777328 979797543
2 727667075 416308594
2 387041098 955673569
2 312025901 401784380
1 327914350 331292250 327914350 331292250
2 398414073 886903215
2 214518428 192736910
1 446550022 447394843 446550022 447394843
1 292644116 297575862 292644116 297575862
2 942323085 912768782
1 413524946 419205954 413524946 419205954
1 913123319 914788876 913123319 914788876
1 898719046 904058810 898719046 904058810
1 986951833 990634748 986951833 990634748
1 140582438 148718605 140582438 148718605
2 900821030 496239282
2 877212911 924939562
1 139038606 148245968 139038606 148245968
2 405942352 32394804
2 317809298 171619960
2 966785663 113515416
1 53105301 54854918 53105301 54854918
2 915185551 761871764
1 917721853 924142439 917721853 924142439
2 162482535 681264272
1 940833161 944638357 940833161 944638357
2 27963749 168667307
2 620356334 683213171
1 956555589 964344376 956555589 964344376
1 562355955 569776367 562355955 569776367
2 141922204 442597668
1 448896255 449226163 448896255 449226163
1 893695601 897558543 893695601 897558543
2 79795235 694487221
1 815478751 817181489 815478751 817181489
2 968020869 490317876
1 445491208 448930585 445491208 448930585
2 964614997 538516848
2 444607032 26222335
2 48117265 664009336
2 892079798 187364748
2 106670049 65065673
1 145189885 152226178 145189885 152226178
2 717515669 521596182
1 904925193 910643513 904925193 910643513
1 49160187 57177141 49160187 57177141
1 91129010 99705024 91129010 99705024
1 379678596 385788104 379678596 385788104
2 26927314 664238489
1 225026086 231291489 225026086 231291489
2 503040052 145472474
2 237204545 478314455
1 259054591 265652860 259054591 265652860
1 899662083 901649450 899662083 901649450
2 587144043 8074052
1 258202386 267747362 258202386 267747362
2 249497615 423118548
1 623437740 632290520 623437740 632290520
1 233577731 235891767 233577731 235891767
2 804060847 189854747
1 373846459 382633799 373846459 382633799
1 948901197 953900656 948901197 953900656
2 842298186 333959471
2 743344299 371692954
1 217681934 224230302 217681934 224230302
1 165324013 169755053 165324013 169755053
1 982674512 990453340 982674512 990453340
1 896705619 901600397 896705619 901600397
2 582129601 542685843
1 136136502 140586703 136136502 140586703
1 497678855 498151005 497678855 498151005
2 553764039 527986560
1 53874920 55618268 53874920 55618268
1 87039027 96829304 87039027 96829304
1 188998683 189854138 188998683 189854138
2 339662923 395310817
2 322718849 333235370
2 486127360 248081376
1 360020874 368929372 360020874 368929372
1 649741687 650436241 649741687 650436241
1 821443298 823790449 821443298 823790449
2 149187518 392924920
2 148854527 78847543
1 742487749 746548315 742487749 746548315
1 781184870 782625466 781184870 782625466
2 808030651 310114783
1 188850166 198764783 188850166 198764783
2 731698485 955588083
2 224053118 594453758
2 188362973 581079671
2 249709838 833791610
2 203793045 87746679
1 133254813 139829588 133254813 139829588
2 264366939 107391582
1 839415331 842791835 839415331 842791835
2 956296162 256632763
2 423035519 74740319
1 854152363 863147389 854152363 863147389
1 914726748 919680407 914726748 919680407
2 902633279 686475861
2 52924378 767410359
1 451677323 459517057 451677323 459517057
2 829555729 613183829
1 189419516 193537458 189419516 193537458
1 336514601 342699823 336514601 342699823
1 988866252 994683344 988866252 994683344
1 668409665 671832223 668409665 671832223
1 523911140 530666217 523911140 530666217
1 637727433 646216143 637727433 646216143
1 126384270 132639631 126384270 132639631
2 753773343 821649587
1 881781252 885732647 881781252 885732647
2 388714147 80030398
2 343898384 12167447
1 944044424 953335947 944044424 953335947
1 862802130 870218365 862802130 870218365
2 173981962 397613702
2 333953659 588530937
2 648554902 985752681
1 161719891 166558764 161719891 166558764
2 628157630 381338688
1 403708512 407878358 403708512 407878358
2 678251775 65968729
2 906357135 116277722
2 633161197 301875202
2 245329084 301838924
1 606541035 612776406 606541035 612776406
1 206119695 208699031 206119695 208699031
2 744442440 607632054
1 690388366 694799854 690388366 694799854
1 149752769 155227266 149752769 155227266
2 179922610 64513962
1 962815075 965889280 962815075 965889280
1 396313840 397910292 396313840 397910292
2 801403161 780714812
2 316058559 494135236
2 454479453 338423965
2 178970554 97429889
2 682577946 881805520
1 322659691 331233958 322659691 331233958
2 530857090 470308550
1 277579481 285052740 277579481 285052740
2 738456098 255580644
2 43612092 351607645
2 216752971 74766046
2 203200090 895515572
2 235056080 208717013
2 958928119 443265476
1 555866019 559880475 555866019 559880475
2 767610796 983941563
1 70372326 75928327 70372326 75928327
1 262998501 263552437 262998501 263552437
1 53503836 62867575 53503836 62867575
2 555369759 272625143
2 429152000 153233575
1 946783598 947347644 946783598 947347644
2 235032627 763838331
2 985411836 927229323
2 521892165 125065649
2 562321063 421800809
2 28786874 650431607
2 921889133 536057448
2 211791580 305168584
2 940281760 937597308
1 93579427 94712347 93579427 94712347
2 120391935 677401665
1 432969606 442768447 432969606 442768447
1 473029698 478833639 473029698 478833639
2 486610988 378743826
2 76629266 410474386
1 385314563 386313844 385314563 386313844
1 375340206 383767561 375340206 383767561
2 706608865 326830219
1 206473030 212111127 206473030 212111127
1 479622822 485279368 479622822 485279368
2 857317214 813178002
1 388089634 393057165 388089634 393057165
1 925307712 927812803 925307712 927812803
2 508395414 754783122
1 86922590 89559377 86922590 89559377
2 110409256 378640509
1 625400417 629740927 625400417 629740927
2 721108922 790186331
2 675567367 732299388
1 375018725 377736007 375018725 377736007
2 988545058 787177725
2 53683603 120454325
1 737413228 738990218 737413228 738990218
2 870464518 553621230
2 300181963 120826136
2 657650942 165955812
2 714324975 635404769
1 144620609 149315994 144620609 149315994
2 173758544 599060807
2 93992223 183477553
1 200334378 207310161 200334378 207310161
1 241987674 251156523 241987674 251156523
1 44421636 49499303 44421636 49499303
1 663635763 673192912 663635763 673192912
1 187177748 196963500 187177748 196963500
1 789471619 796037686 789471619 796037686
2 302551532 855922911
1 143264037 147643544 143264037 147643544
1 8030135 17746426 8030135 17746426
2 735538641 3038279
1 410153752 411014615 410153752 411014615
1 377674228 383417242 377674228 383417242
1 664240117 665009297 664240117 665009297
2 907245084 778140375
2 527578991 734298976
1 463966322 468713376 463966322 468713376
1 798424149 801293893 798424149 801293893
2 1202838 184591780
1 606456944 612055857 606456944 612055857
1 727732204 732639976 727732204 732639976
1 368391445 378374316 368391445 378374316
2 472044847 326754877
1 126020869 131460137 126020869 131460137
1 63084428 63196324 63084428 63196324
1 604377277 609180898 604377277 609180898
1 919816347 924432885 919816347 924432885
2 686036171 4732351
1 958261037 958759400 958261037 958759400
2 536643384 55026884
2 203177691 802923493
2 725862676 180650080
2 591515537 627175590
1 584615624 589743099 584615624 589743099
2 200078147 945002707
1 769085236 777843154 769085236 777843154
1 888485690 888902568 888485690 888902568
1 845005589 848521030 845005589 848521030
2 766083811 461937032
2 744226298 676102082
2 63099591 372232666
2 287529189 105575519
2 261262850 982664182
1 964000092 966896334 964000092 966896334
1 1005180 2845834 1005180 2845834
2 134865364 588805365
2 457202762 67164445
1 308289595 312307006 308289595 312307006
1 513057908 518029094 513057908 518029094
1 268869761 273906217 268869761 273906217
2 45840018 728665050
2 86131161 120045734
2 697504217 585873081
1 486700463 491946687 486700463 491946687
1 505734348 509232283 505734348 509232283
2 203059692 861741245
2 516435878 740447930
1 913800764 919147020 913800764 919147020
2 847905350 272584588
1 312199792 318377370 312199792 318377370
2 376745091 158790749
2 245854376 454778628
1 172267200 177119828 172267200 177119828
2 439762698 569052933
2 873299950 540898557
1 748979561 750703615 748979561 750703615
1 956852430 964651059 956852430 964651059
1 556398651 559337037 556398651 559337037
1 429395762 430544523 429395762 430544523
2 382111180 904331753
1 879920419 889029292 879920419 889029292
1 833674525 833681707 833674525 833681707
2 279924633 593893203
2 573370779 698317602
2 19037231 105590317
1 876991588 881005426 876991588 881005426
2 240813565 526005288
1 109675152 111437563 109675152 111437563
1 676067683 681501779 676067683 681501779
2 108023441 61839619
1 327467944 332595580 327467944 332595580
2 264580166 665540494
1 28502894 31405700 28502894 31405700
2 152781463 875798886
2 341211163 560974892
1 740317681 740554537 740317681 740554537
2 918212721 132265141
1 960172681 969446089 960172681 969446089
1 773386554 779773499 773386554 779773499
1 549237865 556407204 549237865 556407204
2 243348779 269005079
2 490100898 916434342
1 826214452 834111727 826214452 834111727
1 334690030 343819534 334690030 343819534
1 927489704 931152283 927489704 931152283
1 778133328 786512460 778133328 786512460
2 471717615 540581917
2 4760651 573891091
2 972553381 359175894
2 151966121 685628729
1 944802000 948667653 944802000 948667653
1 127380642 131335843 127380642 131335843
1 458393372 466980533 458393372 466980533
1 726332602 735369836 726332602 735369836
1 340189010 345912726 340189010 345912726
1 409426936 413984895 409426936 413984895
1 885992149 892837363 885992149 892837363
2 211907307 964574230
2 265840511 523674868
2 462931850 530743536
1 563717 4559924 563717 4559924
2 210198747 881051166
1 727913327 730276211 727913327 730276211
1 820403357 823097485 820403357 823097485
1 568613109 574338738 568613109 574338738
1 180305420 183385902 180305420 183385902
2 20929574 212884141
1 687868810 690278207 687868810 690278207
1 976846233 986319329 976846233 986319329
1 504647989 513138742 504647989 513138742
2 533244139 195710702
1 96788444 101032794 96788444 101032794
1 135249425 137265137 135249425 137265137
2 774066593 930680023
1 228164806 232238048 228164806 232238048
2 175575889 482796521
2 189657450 903645836
1 316435879 319874693 316435879 319874693
1 27384400 32814561 27384400 32814561
1 146291625 154930864 146291625 154930864
1 603842773 610116056 603842773 610116056
2 666591719 402073538
1 519105640 528538753 519105640 528538753
2 759835463 884762737
1 239158451 246373168 239158451 246373168
1 242788905 247870209 242788905 247870209
1 473770238 477596093 473770238 477596093
1 18167889 21854494 18167889 21854494
2 674988183 183597237
2 690346098 899582915
2 81707202 477824309
1 678703000 686241115 678703000 686241115
2 241097331 953289345
2 974315263 111526383
2 7487834 939764387
2 470149566 277666765
2 706062604 388004508
1 832131981 838578971 832131981 838578971
1 78054237 87043611 78054237 87043611
1 759060198 765961701 759060198 765961701
1 807265180 812119133 807265180 812119133
1 777187958 778979135 777187958 778979135
1 589508487 596085376 589508487 596085376
1 172834610 179367554 172834610 179367554
1 639511155 643917183 639511155 643917183
2 101059193 955278711
2 362066094 606386563
1 801367619 802110831 801367619 802110831
2 628358543 118167650
2 510279246 731013121
2 742657542 243619851
2 931429491 583215367
2 987204052 487871993
1 218452623 221461972 218452623 221461972
1 791568947 793364203 791568947 793364203
2 488459502 526135852
2 211263716 818559026
1 679448983 685829768 679448983 685829768
2 111293010 61725663
2 23057711 486763023
2 160651218 538055654
2 798270824 369929318
2 554813100 983849847
2 246435425 843103520
1 189058842 194523923 189058842 194523923
1 171980887 174923386 171980887 174923386
1 199573113 208478968 199573113 208478968
2 408270583 51329711
1 323282467 324626693 323282467 324626693
1 198966527 202893791 198966527 202893791
2 371949915 162871915
2 201370553 946845714
1 268966479 274466500 268966479 274466500
1 664117076 667160010 664117076 667160010
2 326879515 313429929
2 79097371 532664188
2 478272711 919886038
2 258500471 661312669
1 271343258 278218848 271343258 278218848
1 103502123 105501695 103502123 105501695
1 342157277 350539611 342157277 350539611
2 566158223 704841012
1 553445258 557281721 553445258 557281721
2 359534102 315806419
1 533823804 541830957 533823804 541830957
1 24788838 31310390 24788838 31310390
1 978430683 981612304 978430683 981612304
2 294334975 68981573
2 452935980 388510328
1 500644819 501425639 500644819 501425639
2 271010997 312967756
2 257087187 861802188
2 517751458 589764655
1 229955781 233705966 229955781 233705966
1 113414978 123407636 113414978 123407636
2 841587459 630481139
1 63087908 71066190 63087908 71066190
1 636068573 637057330 636068573 637057330
1 430314525 430516060 430314525 430516060
1 425653345 426920079 425653345 426920079
1 128912608 129110107 128912608 129110107
2 308641753 549322690
1 433232477 433867949 433232477 433867949
2 257635416 411271985
2 748579848 973984833
1 736860948 738771507 736860948 738771507
1 283876753 292427367 283876753 292427367
2 312413621 718883470
1 916790544 920440086 916790544 920440086
1 817509324 821205205 817509324 821205205
1 176616741 183560820 176616741 183560820
1 662652267 670276200 662652267 670276200
2 419990834 190916208
1 227025124 229756800 227025124 229756800
2 464054505 503525580
1 297565067 304174843 297565067 304174843
2 944534431 559259209
2 776125394 502641730
2 463170588 242418925
2 818157634 115773788
1 550277631 553071199 550277631 553071199
2 234613668 701636258
1 380228668 389691946 380228668 389691946
2 797647421 151835400
2 349903322 26771444
1 286334042 291448778 286334042 291448778
2 174380418 38450450
1 118553210 120044200 118553210 120044200
2 815085779 205818294
2 955955775 51733910
1 394830638 399686100 394830638 399686100
1 548966708 556787455 548966708 556787455
2 876495213 507608284
1 819179186 823146203 819179186 823146203
2 713582817 216790297
1 565517511 570576127 565517511 570576127
2 642620263 644401488
2 607222307 820675220
1 403949907 404151628 403949907 404151628
1 165836752 171800839 165836752 171800839
2 790496026 899112590
2 867361170 832483280
1 452254127 461009023 452254127 461009023
2 755884231 385506727
1 634401767 642804842 634401767 642804842
2 829255787 882111801
1 76280098 80027173 76280098 80027173
1 312155036 317408142 312155036 317408142
2 434215885 109649486
1 213318398 215891785 213318398 215891785
2 606250405 247089031
1 208817102 213027865 208817102 213027865
1 283913193 285213732 283913193 285213732
1 145309691 149084802 145309691 149084802
1 79519448 83240967 79519448 83240967
1 60493963 61153847 60493963 61153847
2 913256924 97721642
2 360153145 73177235
2 397208947 535672685
1 629837831 636290307 629837831 636290307
1 377736681 379441147 377736681 379441147
2 714572751 371532939
2 460009430 937861547
1 883892501 887824158 883892501 887824158
1 611450394 612060669 611450394 612060669
1 727019191 730276429 727019191 730276429
1 651976078 654234144 651976078 654234144
2 182890501 698459216
2 4332906 577114358
2 673453499 96763954
2 577161549 30180195
1 92300310 101245604 92300310 101245604
2 813548269 16029137
1 859602200 861914558 859602200 861914558
1 405533265 409315433 405533265 409315433
2 234895920 556914707
2 170406929 887195124
2 423880651 807093487
2 549843844 688119011
2 210573507 477225324
2 294366311 538642890
1 68839027 74707858 68839027 74707858
2 786532880 484072539
1 564130212 570599093 564130212 570599093
1 648532561 653810775 648532561 653810775
2 347099768 599956492
2 807865091 386825078
1 565086934 573100941 565086934 573100941
1 825106227 826731347 825106227 826731347
1 533666739 534927887 533666739 534927887
1 863152140 863307664 863152140 863307664
2 227763353 839926158
1 663427236 668796321 663427236 668796321
2 290482515 296494844
2 56113674 340898580
1 792064301 798682178 792064301 798682178
2 184159939 79262167
2 943933951 319730096
1 229095409 233905231 229095409 233905231
1 538762084 539196718 538762084 539196718
2 868844031 82494760
2 796544477 99264185
2 207076634 507566693
1 597001959 597482884 597001959 597482884
1 667723318 668619051 667723318 668619051
1 444295762 449606021 444295762 449606021
2 701128848 511891630
2 86703135 599893649
1 846088387 852854980 846088387 852854980
2 633605036 270564743
1 212681305 218473965 212681305 218473965
2 257054274 455075251
1 769618760 776944011 769618760 776944011
1 428414506 432018335 428414506 432018335
2 159366243 265909319
1 585900877 595297748 585900877 595297748
1 118334185 118896626 118334185 118896626
2 98103646 450378536
2 976851245 419464173
1 391840029 398087637 391840029 398087637
1 981859769 985208171 981859769 985208171
1 205949737 206089547 205949737 206089547
1 501060555 507755506 501060555 507755506
2 983470988 610483289
1 706077491 710824921 706077491 710824921
1 621837973 624571154 621837973 624571154
1 421226779 425454085 421226779 425454085
2 922996715 18357934
2 124655638 427872335
1 22241540 26600763 22241540 26600763
1 973087480 981056161 973087480 981056161
1 432509421 432857105 432509421 432857105
2 71800966 888466242
1 812848862 815174004 812848862 815174004
1 640898956 642974399 640898956 642974399
2 354549772 533006078
1 907558988 913914367 907558988 913914367
2 769169963 581123796
1 411586095 419311703 411586095 419311703
1 370891572 377896981 370891572 377896981
1 674072379 677561482 674072379 677561482
2 854565340 588393454
1 437218711 440572004 437218711 440572004
1 733400929 733413027 733400929 733413027
2 599658667 159838522
2 321079402 958527798
1 785538801 794553311 785538801 794553311
2 649550984 475922550
2 333967778 472267593
2 216403381 188203315
1 679805177 689577529 679805177 689577529
2 959097698 324553400
2 100314327 127741388
1 237397046 246110218 237397046 246110218
2 46073655 159075042
2 667730567 662988786
2 319662080 125511876
2 22347508 661363083
1 145565464 146951132 145565464 146951132
1 712264525 713508787 712264525 713508787
1 636994236 646584780 636994236 646584780
1 228534078 235297294 228534078 235297294
1 137345991 139616846 137345991 139616846
1 59383086 62004294 59383086 62004294
2 159990750 800216769
1 676822609 678658301 676822609 678658301
2 323580576 65905279
1 835688526 835808575 835688526 835808575
2 728213706 936488397
1 108100342 110788121 108100342 110788121
2 686417052 88946196
2 429893605 643942312
1 880021342 885523736 880021342 885523736
1 397491874 407466417 397491874 407466417
1 464883409 471572850 464883409 471572850
1 494088823 497968048 494088823 497968048
1 796441535 797970234 796441535 797970234
1 566176800 574941089 566176800 574941089
1 385519275 389563838 385519275 389563838
2 519575434 672906694
1 97914886 104298523 97914886 104298523
1 584017253 593891907 584017253 593891907
1 639938342 647257273 639938342 647257273
2 462864780 472890993
2 43857780 2367943
1 53719215 60826353 53719215 60826353
2 327417221 555230367
2 28942388 416494282
1 288903891 292789278 288903891 292789278
2 326719624 895886248
1 426112058 435102848 426112058 435102848
2 280428340 404364898
1 748129496 756560343 748129496 756560343
1 447047953 451727648 447047953 451727648
2 448142570 260951262
2 919647197 608096516
2 540236411 26842280
2 720584108 130798920
2 136186681 351452028
1 399958515 404979698 399958515 404979698
1 812175347 813940098 812175347 813940098
1 572345247 580620119 572345247 580620119
1 693228469 695462659 693228469 695462659
1 19634244 23134932 19634244 23134932
1 277653577 277669034 277653577 277669034
2 248860904 403240367
2 16670302 171325044
1 229735158 234116186 229735158 234116186
2 44625250 780306691
2 301624073 216414032
1 401485221 401675178 401485221 401675178
2 348573306 135047739
1 574627381 579719810 574627381 579719810
2 497281419 982696197
2 347575324 961067033
1 597510895 602489489 597510895 602489489
1 623663286 626206445 623663286 626206445
2 406650259 932924549
2 184273943 85124722
1 631958217 633530099 631958217 633530099
2 29817783 590102707
2 881903030 42065999
2 98199380 907105149
1 123494247 131645898 123494247 131645898
2 607248513 139326870
1 487382863 490445197 487382863 490445197
2 142329927 941599910
1 31780292 37346936 31780292 37346936
2 976525315 268814414
1 727065726 735502196 727065726 735502196
1 12310984 13211255 12310984 13211255
2 19187962 45956396
1 39353421 45393823 39353421 45393823
1 622215725 624700757 622215725 624700757
2 285033573 172339790
2 554879175 298452110
1 977263420 979887543 977263420 979887543
2 656986079 207739102
1 28167766 30803715 28167766 30803715
2 374319253 788969433
2 37942288 636647552
1 920363933 924281080 920363933 924281080
1 271064536 279292812 271064536 279292812
1 674507683 683432074 674507683 683432074
1 149796422 157277067 149796422 157277067
1 24567738 24735599 24567738 24735599
2 847747679 554418586
1 828663531 832728704 828663531 832728704
2 449995610 739525955
1 19945597 28984727 19945597 28984727
1 374328006 378711290 374328006 378711290
1 87230182 91169182 87230182 91169182
1 757920935 762405959 757920935 762405959
1 742295005 742693153 742295005 742693153
2 856142525 219727370
1 735183317 740423550 735183317 740423550
1 770230787 772912256 770230787 772912256
2 407821143 49177790
2 434964937 34256204
2 124217494 192761111
1 284758121 286880390 284758121 286880390
1 942442938 948286459 942442938 948286459
2 559893899 777336643
2 968501629 314404708
2 346986836 288934153
1 349774503 354558108 349774503 354558108
1 270590095 280320180 270590095 280320180
1 132876514 142139852 132876514 142139852
1 448333090 450523064 448333090 450523064
1 667791665 677075149 667791665 677075149
2 939297140 533761983
2 443465216 414661253
1 592262309 596602273 592262309 596602273
2 343448413 982621442
1 197453269 205508033 197453269 205508033
1 636320951 638728625 636320951 638728625
2 964239134 592454296
1 858529304 860164136 858529304 860164136
1 819932892 822705525 819932892 822705525
1 813713304 814061605 813713304 814061605
1 214740756 217535959 214740756 217535959
2 35414942 115537877
1 8580710 16830452 8580710 16830452
1 921405648 928195052 921405648 928195052
1 451276765 456663839 451276765 456663839
1 432598029 436980690 432598029 436980690
1 889738595 890601424 889738595 890601424
1 240705109 249691012 240705109 249691012
1 978061323 979378989 978061323 979378989
1 974975879 978355142 974975879 978355142
2 26079808 840442569
2 224214695 354540109
1 702040529 706703940 702040529 706703940
1 725980710 728215748 725980710 728215748
1 191934706 199767449 191934706 199767449
1 902550179 904942243 902550179 904942243
2 442689567 362775843
1 115453742 124033466 115453742 124033466
1 47595321 54544763 47595321 54544763
2 828688843 868659613
2 106814950 40936937
1 173330002 173531771 173330002 173531771
2 209260155 325175228
2 842068628 767414805
2 166254850 633161494
1 311272682 320875928 311272682 320875928
1 47526274 48772692 47526274 48772692
1 609586059 609960166 609586059 609960166
1 674899998 680256114 674899998 680256114
2 762503023 73558195
2 172570264 746770022
1 384832128 387623862 384832128 387623862
2 476921062 663629179
2 960090998 506353554
1 502198829 509380783 502198829 509380783
1 183145716 185380955 183145716 185380955
1 227895542 237358965 227895542 237358965
2 92581879 266906955
1 888661677 898007294 888661677 898007294
2 53580776 196376851
2 277451996 913294101
2 469038921 615269683
2 960749558 623465613
1 272497152 276811527 272497152 276811527
1 174542875 177277913 174542875 177277913
2 405757847 511269785
2 761015784 554935081
2 977517487 738921779
2 344552078 545804
2 915758606 934846044
2 464358181 546514882
2 229021002 669178956
1 86992252 89887496 86992252 89887496
2 295568750 702842218
2 872702594 600210935
2 737387257 239739839
2 82235069 608717283
1 174923782 178403276 174923782 178403276
1 488824356 494572702 488824356 494572702
1 264861782 272630637 264861782 272630637
1 309733475 318675780 309733475 318675780
1 297982563 307702605 297982563 307702605
2 154414922 804627580
2 422003435 425926669
1 612277805 620461461 612277805 620461461
1 189864474 193571490 189864474 193571490
1 277894079 277967862 277894079 277967862
1 989719218 996282792 989719218 996282792
1 868313422 878299866 868313422 878299866
2 719599779 118641484
2 337253991 698613742
1 594654109 598637075 594654109 598637075
2 968713319 486868303
2 483258748 18692878
1 141906414 150658612 141906414 150658612
2 145103912 929746338
2 89227318 750691047
2 528808151 128053035
2 797720462 625814991
1 468658389 470155556 468658389 470155556
1 545284859 549373866 545284859 549373866
2 115115342 586149578
2 440908207 501870633
1 55428028 55760505 55428028 55760505
1 299382942 301372219 299382942 301372219
2 710409204 959417946
1 200331223 208757992 200331223 208757992
2 393146935 410828661
2 9287439 673903433
2 903808855 285217101
1 896633373 904877526 896633373 904877526
2 199754330 986791588
2 306030985 62531736
2 292497869 616038137
2 717186832 323737410
1 107173894 107264567 107173894 107264567
2 219712975 4629720
2 815521249 21637388
2 441506591 249405456
2 106063553 744090466
1 67542180 69236787 67542180 69236787
2 363689366 426971910
2 858200220 493363423
2 286989031 908774642
1 597102249 606911876 597102249 606911876
1 97819798 99490982 97819798 99490982
2 980706472 136598732
1 345837630 351944449 345837630 351944449
2 254564092 516123045
1 15947063 22680640 15947063 22680640
1 825593541 834236622 825593541 834236622
2 577288165 759651803
2 187670604 960569752
2 301235566 752858323
2 598014483 447921287
1 404735657 411312282 404735657 411312282
2 412963051 679545921
2 25146353 62192304
1 843990253 850488597 843990253 850488597
1 270155196 270705715 270155196 270705715
2 743706975 318467707
1 790613920 793088589 790613920 793088589
2 359791923 154112354
1 546346012 556193477 546346012 556193477
2 834335465 959253962
2 781315298 156812096
1 760058385 765166982 760058385 765166982
1 293454669 299060599 293454669 299060599
1 918253692 919740965 918253692 919740965
1 129869401 131559372 129869401 131559372
2 191677531 377104757
1 253576087 255472502 253576087 255472502
1 605294644 612319820 605294644 612319820
2 452899515 957278746
1 247588489 247944257 247588489 247944257
1 221007797 222396020 221007797 222396020
2 811266361 205330308
1 70430470 73628234 70430470 73628234
2 49500413 118374445
2 63008975 705547561
1 626669523 635206240 626669523 635206240
2 876892264 905389627
1 642196621 645257006 642196621 645257006
2 680857075 972246497
1 593971751 595148226 593971751 595148226
1 553739833 559389385 553739833 559389385
1 756561233 758014132 756561233 758014132
1 791232096 798957877 791232096 798957877
1 800740030 804178216 800740030 804178216
2 748344871 148583414
2 621399733 241952605
2 71401588 834671864
1 514282110 523985460 514282110 523985460
1 145348106 149883293 145348106 149883293
2 693891899 812085947
2 695344454 131683282
1 567284875 572935122 567284875 572935122
1 181366167 183417611 181366167 183417611
2 168615594 447911760
2 746053331 264258347
1 537865546 540369174 537865546 540369174
2 213678814 79383493
2 254279536 595920406
1 99557529 105963664 99557529 105963664
1 164597602 170826561 164597602 170826561
2 217599888 132589171
2 494537540 278064091
2 965198240 824340983
1 176474676 185117601 176474676 185117601
1 361956284 368098623 361956284 368098623
2 394074742 108980074
1 880184462 881601781 880184462 881601781
2 682602184 137175958
1 96985471 106561049 96985471 106561049
1 456729868 464462568 456729868 464462568
2 264904009 280178572
2 463351294 39290665
1 921646672 924612199 921646672 924612199
2 433353663 195477392
1 54979091 55141984 54979091 55141984
1 923790597 928329471 923790597 928329471
1 100714516 101915531 100714516 101915531
2 568761403 13476902
1 424268122 429239307 424268122 429239307
1 143589372 148240119 143589372 148240119
2 966591308 200037130
2 378942896 268815860
2 301793047 720354411
1 939223023 946321074 939223023 946321074
1 79232043 81301466 79232043 81301466
2 485517434 601214766
2 986060295 329199989
1 268370912 271175777 268370912 271175777
1 323210987 324499613 323210987 324499613
1 643934887 647316897 643934887 647316897
1 578263875 586072532 578263875 586072532
2 879104409 32715710
1 364843151 374152445 364843151 374152445
2 615086627 414217894
2 61889432 706472005
2 919022276 976043621
2 303870340 804519766
2 114494002 610618903
1 564196307 569297643 564196307 569297643
2 865859662 52986354
1 91449111 100091227 91449111 100091227
1 284651428 292586557 284651428 292586557
1 633785276 638746949 633785276 638746949
2 422433977 377187806
2 798788232 511006723
2 1819265 885763378
2 315287729 644002565
2 596738796 104352737
2 705090963 371431226
2 637075815 653387755
1 275736903 283765740 275736903 283765740
1 650461882 654555763 650461882 654555763
1 150624215 151981723 150624215 151981723
2 102200837 685830331
1 110338939 114590556 110338939 114590556
2 843686184 420587650
1 987310375 996314604 987310375 996314604
2 556998518 662966033
2 648782286 210830049
1 622740152 626681849 622740152 626681849
1 742687694 751985980 742687694 751985980
2 354195400 130264848
1 19166367 20582667 19166367 20582667
1 762700010 762937090 762700010 762937090
2 678026994 16391966
2 565402430 810479273
1 832227477 836021373 832227477 836021373
1 847541234 850923636 847541234 850923636
2 479168620 335928141
2 906651456 698996752
2 858038329 107973084
1 796550626 802966750 796550626 802966750
2 125612231 413902051
1 723421492 729768926 723421492 729768926
1 952502290 954683929 952502290 954683929
1 883599183 893038722 883599183 893038722
2 895735611 42981498
1 167244717 172069274 167244717 172069274
1 55535569 59203605 55535569 59203605
2 185535119 819147992
2 400999454 227276690
1 877636474 880160537 877636474 880160537
1 397875772 404059640 397875772 404059640
2 230176517 562172157
1 864716159 873643862 864716159 873643862
1 533116501 538360660 533116501 538360660
2 347581280 523083102
2 536307769 938804206
2 784407372 927428465
1 404304321 409113909 404304321 409113909
1 529315284 533356408 529315284 533356408
2 40480617 198353646
1 291869874 295798238 291869874 295798238
1 652944402 659513577 652944402 659513577
1 535736158 542496894 535736158 542496894
1 622517583 630765553 622517583 630765553
1 625338377 627533057 625338377 627533057
2 589748986 792893991
2 247916858 871257011
2 458418745 57984442
2 814394066 947454852
1 139971369 145041135 139971369 145041135
1 92722801 94942065 92722801 94942065
1 821273574 821905749 821273574 821905749
1 117149631 121850941 117149631 121850941
1 893074747 900320455 893074747 900320455
1 364107353 370161669 364107353 370161669
2 492301829 358230735
2 209091731 903145292
1 774977885 779409565 774977885 779409565
1 735606811 744962034 735606811 744962034
1 269569572 274055158 269569572 274055158
1 810937618 811722415 810937618 811722415
2 723741834 483938947
1 661125394 661319302 661125394 661319302
1 628670567 637289711 628670567 637289711
2 935612528 38570882
2 973517932 60305590
2 660757728 125376136
2 146855932 338492984
1 90573568 98716933 90573568 98716933
2 947723505 278667507
2 582370524 332513305
1 156100200 156495823 156100200 156495823
2 859346308 189709762
2 368093798 624089275
1 307277040 313938762 307277040 313938762
2 43129630 206852651
1 577744017 582381904 577744017 582381904
2 19013746 198365141
1 610688072 615361512 610688072 615361512
1 894683162 903132762 894683162 903132762
1 31268790 38386196 31268790 38386196
1 535179018 541880644 535179018 541880644
1 54199080 62070341 54199080 62070341
2 376262807 276475676
2 886898092 79692611
1 933023699 941416542 933023699 941416542
1 86640731 90302730 86640731 90302730
1 205460417 211234053 205460417 211234053
2 555169920 689729303
1 433972250 436478501 433972250 436478501
1 453314205 457369584 453314205 457369584
2 449021252 22966849
1 273813202 278397076 273813202 278397076
2 30669111 300785290
2 739813233 649432659
2 246090797 147093949
1 408181812 414768376 408181812 414768376
2 27174722 295919632
1 703414537 711752995 703414537 711752995
2 196624901 126981323
2 347518158 12080033
2 632043507 653303485
2 665001942 798667299
2 247738097 244771548
1 670110393 676790944 670110393 676790944
1 165039750 174552312 165039750 174552312
1 841765709 843461478 841765709 843461478
1 297657437 297792646 297657437 297792646
1 918124913 918974317 918124913 918974317
2 118529292 824687391
1 910599712 916353933 910599712 916353933
1 464792521 465521720 464792521 465521720
1 419779620 424534671 419779620 424534671
2 11315579 803090986
1 545509396 554536045 545509396 554536045
1 554211207 557377328 554211207 557377328
2 463113937 397820314
2 712422885 247127173
1 566933466 575866037 566933466 575866037
1 305906043 314792830 305906043 314792830
1 709463347 714305159 709463347 714305159
1 616524145 620022894 616524145 620022894
1 166453411 175432046 166453411 175432046
1 157718599 158105778 157718599 158105778
2 311238007 153560059
1 786686365 795002124 786686365 795002124
2 130277071 864900699
1 441061070 449747007 441061070 449747007
1 525787514 534154268 525787514 534154268
1 434910912 442565930 434910912 442565930
1 531450598 537039900 531450598 537039900
2 95998765 866925003
1 64140043 65191956 64140043 65191956
2 953646956 164422453
1 147531274 149456619 147531274 149456619
1 16133185 23182473 16133185 23182473
1 637742227 644453919 637742227 644453919
1 421042357 424201406 421042357 424201406
2 390495863 647259602
2 417787138 884577019
2 286924896 579192403
2 21506827 804934217
2 571194650 45911274
1 558357402 559662463 558357402 559662463
1 262186862 263300441 262186862 263300441
2 342127444 69316952
1 204406911 211490650 204406911 211490650
2 780069309 464284499
1 353636505 359082535 353636505 359082535
1 711029948 718889853 711029948 718889853
2 804131605 27991298
2 538091287 179941418
1 474089191 478121897 474089191 478121897
2 826604136 374449873
2 331903965 87328069
1 286515948 294152186 286515948 294152186
2 438159514 134839687
1 741795175 743851810 741795175 743851810
1 7806428 14809804 7806428 14809804
2 837332687 8470780
2 363478454 78219283
2 720041051 876822404
2 865699549 711595304
2 461265672 88094435
1 170465280 175185766 170465280 175185766
1 66407234 69246991 66407234 69246991
1 318930159 320144287 318930159 320144287
1 591311735 597066507 591311735 597066507
1 338468968 339399607 338468968 339399607
1 896371383 904077516 896371383 904077516
1 744362441 753844756 744362441 753844756
2 958872327 271430102
2 36984306 460310359
1 128994067 131459910 128994067 131459910
2 502008495 980337424
1 962443837 963676402 962443837 963676402
1 657595329 663842913 657595329 663842913
2 544558275 223348698
1 107207389 114135399 107207389 114135399
2 364438586 892719778
2 899319507 627174355
1 522461428 523868618 522461428 523868618
1 857175310 861282100 857175310 861282100
1 633686891 641763576 633686891 641763576
1 128032228 136665210 128032228 136665210
2 569525105 70026466
1 508212406 515437539 508212406 515437539
2 618910366 747635269
1 288139775 289016645 288139775 289016645
1 914250478 919956669 914250478 919956669
2 665681199 317941575
2 684222242 237845919
1 534763807 539478289 534763807 539478289
2 499945851 19744465
2 104427171 495397375
2 376934807 689236979
1 374236685 381943663 374236685 381943663
2 379113720 56204958
1 570958177 574888943 570958177 574888943
2 752575077 382445951
1 595154022 604788085 595154022 604788085
1 528506766 530766565 528506766 530766565
1 916686774 920542189 916686774 920542189
1 641834350 646259074 641834350 646259074
1 550668765 553735440 550668765 553735440
1 687719652 689185740 687719652 689185740
2 459584403 788836528
2 722663459 666518738
1 177477162 180701141 177477162 180701141
1 156886099 163074841 156886099 163074841
2 171650008 924887769
2 377539426 802326725
1 886163933 886850966 886163933 886850966
1 813901576 822675963 813901576 822675963
1 797749489 807262184 797749489 807262184
2 922667130 492423966
1 548210587 548524792 548210587 548524792
2 702177216 23470701
1 906384025 916033341 906384025 916033341
1 30171164 31693381 30171164 31693381
1 430081416 437270847 430081416 437270847
1 55001878 57909174 55001878 57909174
1 747074557 749516540 747074557 749516540
2 662645165 155106712
2 118151072 887178580
1 801535951 801567647 801535951 801567647
2 856618187 255273414
1 125863686 132977651 125863686 132977651
1 468448535 468532762 468448535 468532762
1 757640875 761905759 757640875 761905759
1 617959594 621358144 617959594 621358144
1 347010125 350348152 347010125 350348152
2 497900773 842590308
1 765043630 765307172 765043630 765307172
1 924259579 928852827 924259579 928852827
2 399259090 874381329
2 442863194 919216446
1 267430872 275967067 267430872 275967067
1 535077914 539113201 535077914 539113201
1 311969909 312617625 311969909 312617625
2 30315999 45410322
2 487295376 161564483
1 441983367 446565273 441983367 446565273
1 798384059 805321402 798384059 805321402
1 771698008 774945585 771698008 774945585
2 354848785 58201353
1 153493847 153694028 153493847 153694028
1 226607249 235097666 226607249 235097666
2 912705663 399176466
1 443138755 450831475 443138755 450831475
1 415163296 418839506 415163296 418839506
1 181727526 185005728 181727526 185005728
1 819604005 828340836 819604005 828340836
1 545886779 549220593 545886779 549220593
2 830506807 242977439
1 959979225 962219282 959979225 962219282
1 90834365 96799027 90834365 96799027
1 703266713 708655129 703266713 708655129
1 287587338 296133283 287587338 296133283
1 282969258 285519615 282969258 285519615
2 794506842 389863868
1 352784404 355887764 352784404 355887764
1 951915003 951932595 951915003 951932595
2 85593186 233009957
2 620123811 691167218
2 661561983 701001129
1 445367407 445374067 445367407 445374067
1 74576967 77104267 74576967 77104267
1 495925362 505319905 495925362 505319905
1 572928363 577399224 572928363 577399224
2 692231386 336625409
2 811038278 883836466
2 304131938 456529965
2 59362882 758340445
2 807342602 153776995
2 781718182 822842401
2 3187957 700326734
1 213263617 219552866 213263617 219552866
1 494298188 494865363 494298188 494865363
1 461836817 467767090 461836817 467767090
2 982208471 895573156
2 44842155 100780258
2 712075564 38327939
1 55387324 61345945 55387324 61345945
2 355079184 75604527
1 618451065 625906370 618451065 625906370
2 240342321 495266197
2 480267185 402802567
2 479241070 265130058
2 617140960 286262176
1 716396888 717510313 716396888 717510313
2 716575861 677449759
2 574515714 185486259
1 436637211 444992325 436637211 444992325
1 99580436 109142325 99580436 109142325
1 233505998 234552023 233505998 234552023
1 603203151 604643312 603203151 604643312
2 384118373 393381785
1 402253562 404112899 402253562 404112899
1 285801143 293444308 285801143 293444308
2 170854463 386337666
1 989908351 995023794 989908351 995023794
1 907718843 914493124 907718843 914493124
2 157675896 812787758
2 528482940 245847660
2 362378042 912028336
2 9253104 188276612
1 280709001 286790813 280709001 286790813
1 972645139 973360252 972645139 973360252
2 788132174 746817349
2 190020759 220221229
2 855838444 421011379
1 471601732 472425979 471601732 472425979
1 741427913 748994143 741427913 748994143
1 585804968 590016455 585804968 590016455
1 134496724 137695581 134496724 137695581
2 655474379 939868062
1 748807246 750476715 748807246 750476715
2 154864280 244447493
2 895290406 101971181
2 523856446 793802786
2 947666098 112552129
1 868301062 874596086 868301062 874596086
1 299313673 308064145 299313673 308064145
1 712693304 718602236 712693304 718602236
2 491510173 364664198
2 8232855 609166684
2 140674823 125051339
1 34510695 35710365 34510695 35710365
1 225776452 234536599 225776452 234536599
1 808395191 811350864 808395191 811350864
1 3700958 12421491 3700958 12421491
1 796036020 801450332 796036020 801450332
2 719352819 296295720
2 68457688 661834892
2 88247590 358905651
1 785515529 794200579 785515529 794200579
1 525585369 526481764 525585369 526481764
2 737080169 509961609
1 303330729 304640746 303330729 304640746
2 93871372 215256761
2 592958220 909690918
1 255900843 264460276 255900843 264460276
1 133678610 140700793 133678610 140700793
1 633849356 638539413 633849356 638539413
2 369858911 329636126
2 667662079 317944253
2 84987322 878604734
2 875923704 925613626
2 471765538 470929882
2 508377403 24676637
1 907023671 913096164 907023671 913096164
2 347542940 62923278
2 615389581 638115147
2 757177656 81178961
1 18417887 22076943 18417887 22076943
1 854101540 857787431 854101540 857787431
2 714118939 459434519
2 933633956 596451293
2 274930442 714530526
2 779454998 873031789
2 657086917 890467560
2 679703449 468924019
1 885226163 890161394 885226163 890161394
2 701824165 948872978
1 389372764 396183630 389372764 396183630
1 511222826 514277526 511222826 514277526
1 332238856 334894400 332238856 334894400
2 552969816 513568488
2 550743397 32552713
1 638122158 641129121 638122158 641129121
2 14637556 661932891
1 5402729 11293816 5402729 11293816
2 296206636 725325088
1 848123450 850565491 848123450 850565491
2 147266325 591971703
1 173509866 177990556 173509866 177990556
2 961390413 525674381
2 673851739 392001683
2 280185901 84758371
1 174624692 179777947 174624692 179777947
2 192381097 930763121
1 566001180 568607267 566001180 568607267
1 441696527 444598331 441696527 444598331
2 91983258 652996296
2 628596350 337997427
1 213085977 219375243 213085977 219375243
2 512666447 760556902
2 186204811 606778826
2 12132936 970385082
1 886645818 891315916 886645818 891315916
2 813209402 586510395
1 824966725 832156949 824966725 832156949
2 476254220 683347714
2 710008297 491052167
1 838659256 847516678 838659256 847516678
2 905268189 751284000
2 623823889 579800009
1 889872297 890264570 889872297 890264570
1 279447612 286061878 279447612 286061878
2 775581540 34920454
2 278495672 759683767
2 973629860 808251855
2 212976259 226062658
2 79841596 987824708
1 970488094 972217338 970488094 972217338
1 943354295 950008577 943354295 950008577
2 341338459 364721235
1 214713863 223269262 214713863 223269262
2 791399604 332340018
2 880529481 518726390
2 853139539 271356075
2 149725441 983362981
1 836334325 844541202 836334325 844541202
2 341987351 989058693
2 236749478 140034872
2 779531486 681888839
2 491586463 687409327
2 974860288 214993485
1 168462017 175437439 168462017 175437439
2 922198666 31009690
2 812743090 385067736
1 78477856 82248830 78477856 82248830
2 13932089 848317972
2 377738336 438582325
2 933024399 120741210
2 387413001 753018552
1 279169711 287343038 279169711 287343038
2 259696014 115839044
1 721643478 722882713 721643478 722882713
2 30349006 985424350
2 646135580 672639344
1 280545906 287811374 280545906 287811374
1 195913068 203226695 195913068 203226695
1 811216103 817497551 811216103 817497551
1 363947675 372757967 363947675 372757967
2 760506038 795621641
2 1936121 398262320
1 408013347 409852598 408013347 409852598
2 247767770 137939154
1 447909325 457872877 447909325 457872877
1 29587940 37726891 29587940 37726891
1 860947290 866728093 860947290 866728093
1 706678536 708802283 706678536 708802283
1 947627448 952135492 947627448 952135492
2 715368194 940208861
2 320857660 251904114
2 276032350 374115113
1 166206994 168638150 166206994 168638150
2 904257985 398283242
1 93044629 102883892 93044629 102883892
1 1659099 7088521 1659099 7088521
2 628670196 868745088
1 966474937 969479767 966474937 969479767
1 580396703 584259866 580396703 584259866
1 487829483 496649173 487829483 496649173
1 23775559 28126840 23775559 28126840
1 800451440 801730601 800451440 801730601
1 73812471 76052028 73812471 76052028
1 690196712 691132338 690196712 691132338
1 553031542 556102767 553031542 556102767
1 525288377 531924938 525288377 531924938
1 826614771 827227835 826614771 827227835
1 553162813 554580079 553162813 554580079
1 598815575 607468822 598815575 607468822
1 489612160 498910288 489612160 498910288
2 244665093 755183997
1 757231243 765052101 757231243 765052101
1 333631338 341210639 333631338 341210639
1 743996433 747536802 743996433 747536802
2 610592872 96967203
2 408484888 758674712
1 296355816 300734331 296355816 300734331
1 357090643 364085738 357090643 364085738
2 310455643 901987272
1 950276733 954654063 950276733 954654063
1 624917789 634043921 624917789 634043921
1 322520860 323641538 322520860 323641538
1 711367492 713068284 711367492 713068284
2 671662151 257825917
1 581630592 584622613 581630592 584622613
2 286443539 450629237
2 102413857 279944161
1 824895054 833834800 824895054 833834800
2 142206546 669593552
1 604469173 609953967 604469173 609953967
1 858797581 862101449 858797581 862101449
2 942965986 577773184
1 102257210 106875899 102257210 106875899
2 839232612 707954286
2 45147675 216207529
2 158563188 721485085
1 201099592 209666416 201099592 209666416
1 455719005 464034384 455719005 464034384
1 339141260 347568928 339141260 347568928
2 851858217 183335817
2 927867303 650823942
2 468761580 538099482
2 651910005 602002602
1 251774373 259841680 251774373 259841680
1 60797347 68445443 60797347 68445443
2 341620117 930791398
1 510923417 516258039 510923417 516258039
1 982550896 985089094 982550896 985089094
2 22342509 415934250
1 341549130 343914878 341549130 343914878
1 325848007 331296638 325848007 331296638
1 939824043 941132747 939824043 941132747
1 845809682 850540832 845809682 850540832
1 557686321 560357979 557686321 560357979
1 747884555 753529588 747884555 753529588
2 568672531 115946444
2 177550646 176023838
1 41588482 47918401 41588482 47918401
1 9395460 13610266 9395460 13610266
1 251136496 256397097 251136496 256397097
1 674212527 683762116 674212527 683762116
1 417159373 422816044 417159373 422816044
2 46889412 865021951
1 985284600 988123278 985284600 988123278
2 290012642 48367495
1 807814103 808505683 807814103 808505683
2 103322138 762953188
1 395617575 402889342 395617575 402889342
1 284046517 292331950 284046517 292331950
1 603494885 608365272 603494885 608365272
2 657898944 884303184
1 586605819 587597183 586605819 587597183
2 43791228 307079673
1 234961488 237958693 234961488 237958693
2 644059038 320618783
2 18509428 686195375
1 395508666 404035821 395508666 404035821
1 952185311 961965829 952185311 961965829
2 506765576 152746321
1 617540924 617920877 617540924 617920877
2 127731060 840882446
1 202765453 207189037 202765453 207189037
2 16972554 152832181
1 210791143 215772106 210791143 215772106
2 110730268 168840732
2 33093614 78991809
1 655190703 659361058 655190703 659361058
2 970181343 328726233
2 900978103 71737013
2 25021563 890139123
2 911209070 306307441
2 445550771 688941181
1 144471548 149488576 144471548 149488576
2 422915846 835043
1 653574708 660878034 653574708 660878034
2 815595741 679480288
1 494365983 501294812 494365983 501294812
2 155435046 401706335
2 790625550 267285293
1 247626651 248421802 247626651 248421802
1 518156831 520018041 518156831 520018041
2 161949471 109063623
1 736929753 738025572 736929753 738025572
1 733316453 742807720 733316453 742807720
1 156274109 163572528 156274109 163572528
1 733218420 734723899 733218420 734723899
1 616009914 622735042 616009914 622735042
2 295805898 987259036
2 648211359 107466981
2 238004681 603671896
1 257591034 261303377 257591034 261303377
1 928017759 928595464 928017759 928595464
1 461188552 466668536 461188552 466668536
2 322125520 662624804
2 76537451 759862331
1 638815961 644307962 638815961 644307962
1 174602613 176040816 174602613 176040816
2 11565067 226885304
1 947808364 957239328 947808364 957239328
2 851045706 238554882
1 286011859 286235707 286011859 286235707
1 65801509 74853500 65801509 74853500
2 360028973 376473297
1 35106060 40969363 35106060 40969363
2 366946894 968510879
1 823533465 824827752 823533465 824827752
1 400743899 410005238 400743899 410005238
2 839765277 678557728
2 663347633 196325247
1 15452037 21993955 15452037 21993955
2 879091150 893704202
2 762657975 602347221
1 739634517 740550369 739634517 740550369
1 490798863 496538514 490798863 496538514
2 240536028 403382497
2 50926815 699662801
1 352724267 355490744 352724267 355490744
2 136961782 503284934
1 731368789 740973031 731368789 740973031
1 586738444 588996536 586738444 588996536
1 710816171 717457648 710816171 717457648
1 269784524 273039880 269784524 273039880
1 921237501 927499672 921237501 927499672
2 72216729 755587382
2 392481649 976743995
1 403006389 407345677 403006389 407345677
2 902052046 741264619
1 773942853 781184986 773942853 781184986
1 651924377 654712374 651924377 654712374
1 583565994 589512702 583565994 589512702
1 810547212 818093022 810547212 818093022
1 988277447 992919492 988277447 992919492
1 176956596 183480173 176956596 183480173
2 690516391 458750738
1 111125434 114924497 111125434 114924497
2 425128401 54305576
2 488434572 855681824
2 566606018 585243930
2 816348808 459944033
1 444760543 448600012 444760543 448600012
1 705652593 708600167 705652593 708600167
1 243414990 253103009 243414990 253103009
2 145914751 616028462
1 632581513 638770323 632581513 638770323
1 265181686 273297728 265181686 273297728
2 38383343 52350105
1 244048927 246229277 244048927 246229277
1 247823120 254695483 247823120 254695483
1 753780829 763344967 753780829 763344967
2 246866367 117284215
2 162330617 18442973
1 157117252 158720268 157117252 158720268
1 42722357 51929104 42722357 51929104
2 367519255 333612554
1 133395799 135798155 133395799 135798155
1 459567521 467019165 459567521 467019165
2 537947716 443358457
1 460230360 462985222 460230360 462985222
2 121793192 607772980
1 558720295 568264537 558720295 568264537
2 574700021 777908379
2 529408194 51795171
2 710203465 649013149
1 137309306 146716448 137309306 146716448
1 741625390 746659792 741625390 746659792
2 269655854 757101649
2 801431058 231152898
2 309249493 426240937
1 854174785 860919733 854174785 860919733
2 26062070 557411535
2 261077774 203852654
1 82709047 88218264 82709047 88218264
2 560614677 189997308
2 963764796 328322228
