300
2 77 85
1 171 173 165 172
2 227 163
2 95 115
2 223 60
2 170 200
2 88 267
1 90 98 277 286
2 149 11
1 145 148 36 36
2 191 29
1 49 59 68 70
2 22 260
2 125 253
2 148 110
2 183 27
2 81 275
2 51 224
2 44 159
2 38 190
1 186 194 227 241
2 164 246
2 12 83
2 25 38
1 232 246 196 206
1 240 254 81 94
1 233 236 263 272
2 110 105
1 160 172 18 30
1 254 268 156 170
1 149 161 102 109
2 11 83
1 35 39 205 213
2 245 151
1 93 101 126 136
1 258 272 156 160
1 145 153 108 114
2 36 73
2 20 125
1 49 57 132 143
1 257 264 283 291
1 44 51 145 158
1 250 263 82 83
2 244 185
1 105 107 203 217
2 135 263
1 103 115 7 14
1 286 299 134 146
1 82 94 201 213
1 77 84 139 141
1 92 94 183 192
2 170 78
1 91 95 73 78
1 236 246 50 64
2 262 238
1 194 203 168 171
1 161 165 275 276
1 94 101 156 156
2 100 164
1 230 240 154 155
1 54 64 271 284
2 237 238
2 146 16
2 95 108
2 227 146
2 166 256
2 73 170
1 6 13 104 107
2 220 89
2 62 211
2 103 223
1 154 157 149 159
1 180 183 86 86
1 158 168 106 118
1 259 271 41 50
2 183 268
1 215 222 29 38
1 117 129 79 79
1 54 64 135 138
1 186 192 235 248
2 267 4
2 130 127
1 73 73 245 252
2 154 187
2 179 68
1 44 58 50 60
1 20 29 65 74
2 45 186
1 219 233 152 153
2 232 189
1 97 97 262 266
1 152 164 187 190
1 118 130 255 267
1 218 219 142 145
2 92 74
1 112 117 239 252
2 197 4
1 122 122 162 169
2 111 34
1 115 129 254 257
2 135 50
2 238 229
1 159 165 54 65
1 214 219 46 55
1 131 138 149 150
2 283 192
2 78 268
2 242 38
1 34 37 180 184
1 245 247 120 131
1 272 283 110 111
1 246 251 274 278
1 114 125 50 60
2 109 226
2 230 223
2 187 95
2 132 254
1 160 160 216 228
1 190 194 262 262
2 200 192
1 150 157 221 226
1 14 19 203 205
1 46 51 157 171
1 109 109 130 136
2 79 159
1 69 83 32 33
2 33 13
2 202 13
1 93 105 278 278
2 178 196
1 3 5 15 17
2 51 89
2 130 109
1 88 91 125 131
2 143 225
2 73 1
1 200 207 185 194
2 127 216
2 135 266
1 149 158 282 296
2 276 269
2 49 260
1 19 27 230 242
2 180 8
2 231 98
2 174 29
1 17 29 29 35
2 14 32
2 137 78
1 20 32 26 32
2 114 222
1 111 125 114 115
1 99 113 206 210
1 245 253 257 268
2 73 282
1 129 139 222 223
1 223 229 24 27
2 110 252
1 107 116 231 243
2 191 145
2 265 49
1 73 75 184 189
2 73 197
1 129 130 286 298
1 250 264 74 76
1 101 110 69 77
1 190 201 254 262
2 32 230
1 23 35 261 266
2 67 6
1 229 234 88 89
1 120 124 285 296
1 205 217 13 17
2 116 126
1 215 223 14 19
1 253 262 92 98
1 9 23 204 210
1 194 204 78 82
1 90 102 86 94
2 24 201
1 257 266 80 85
2 280 51
1 223 226 274 286
1 64 66 219 228
1 135 140 162 169
1 74 75 149 154
1 210 214 138 147
2 265 248
1 250 255 4 14
1 279 289 198 212
2 10 24
1 217 223 51 56
1 221 231 9 14
2 2 163
2 241 206
1 165 165 162 175
1 285 294 48 61
2 267 114
1 205 211 180 182
1 19 29 17 17
2 64 194
1 265 278 7 8
2 17 83
2 279 217
2 280 245
2 82 268
1 8 22 156 161
1 226 234 127 134
2 168 71
2 188 139
2 18 221
1 253 262 239 239
2 43 116
2 22 212
2 14 37
1 237 239 236 248
2 241 251
2 42 156
1 38 47 109 114
2 20 23
1 133 136 264 270
1 231 241 81 83
2 100 191
1 217 228 160 168
1 204 206 17 20
2 35 256
2 27 65
2 21 63
1 270 281 238 243
2 70 101
1 91 102 193 198
1 206 208 245 250
2 203 182
2 115 223
1 228 229 271 275
1 166 173 256 262
2 271 93
1 139 141 183 189
2 169 104
2 233 120
2 247 284
1 18 22 43 49
1 5 11 53 58
2 140 261
2 14 186
1 34 42 12 16
2 218 15
1 5 15 141 145
1 120 129 15 20
1 55 56 222 227
2 69 123
2 20 174
1 114 118 121 133
2 52 145
2 106 266
1 22 36 187 193
2 93 234
1 194 199 198 202
1 196 197 4 9
2 182 277
2 59 60
2 153 1
1 248 252 75 86
1 190 195 164 176
1 107 120 91 102
1 216 216 73 74
2 56 157
1 176 182 15 19
1 141 141 29 32
2 93 27
1 141 142 15 29
2 29 190
2 13 24
1 21 34 50 63
1 87 98 138 148
1 277 288 233 236
2 25 62
1 173 183 21 34
1 210 223 68 70
2 182 143
2 4 85
2 137 270
2 255 62
2 245 93
1 23 36 169 178
2 42 63
2 180 220
1 113 118 209 209
2 136 87
2 1 206
1 204 215 69 80
2 54 239
2 243 259
1 201 214 274 278
2 180 21
2 203 116
1 8 11 62 69
1 234 238 281 286
1 240 242 88 90
1 87 97 157 162
