3000
1 811160162 812537195 500300363 501180885
1 673575380 674616435 695479305 695886429
1 379143390 380016135 468750191 469890090
1 577227473 578865348 604494113 605717593
1 3635498 4944319 257441606 258489082
1 512210846 513509476 744290645 744627615
2 688593194 565288845
1 446433073 447944457 747524632 748091035
2 865760254 802139240
2 475740216 245250768
2 172850272 906889462
2 520242670 719597932
2 489915458 183576069
2 2885073 659033996
2 721302663 55282015
1 19458375 19858649 267798439 268553436
2 332771534 878944207
1 696541183 696905920 441323294 441634134
1 569680209 571575888 688814081 689614796
1 724639020 725479575 614873170 616611915
1 811960535 812733635 608368262 610247091
1 269805014 270059797 383572431 383757130
2 195124747 435699428
1 434761937 434983105 81596030 82080708
1 87867147 88171521 759071944 759547454
2 666779513 228073023
2 228676745 773156565
2 581539664 37514676
1 691727845 693695726 40341380 41034179
2 618290313 422629749
2 394847998 788955000
2 252801618 873860986
2 818979075 41087069
1 148696448 149717730 145646231 146300864
2 30101316 296015584
1 504711250 506283236 655975847 656758720
2 825008137 127496651
1 907547801 908379894 604592 1347064
1 532812187 533319423 196812057 198273277
2 714479978 118104960
2 586610057 165878119
1 945408220 946899281 115291169 117077243
2 12078439 744886134
2 870612345 709553903
2 575012617 64983610
2 205752748 860411374
1 238905081 239055787 175848701 177159076
1 896454128 898137437 431803211 433032623
2 802881660 901310151
1 332830073 332908246 872630317 873096971
2 477952218 907772727
2 231202031 630761784
2 200051692 220348698
1 70208107 70986131 227174146 228582687
1 554565079 554601580 15318789 16970382
1 970997814 971482847 32479618 34315897
1 538033659 539183582 600186030 600397122
2 692946820 176943552
1 511139528 512652041 561565767 562577417
2 754704602 200825845
2 638897257 450277818
2 637290670 698240868
1 975412237 977335981 103129169 103551254
2 181460461 509448810
2 793140593 310087015
2 11837539 239220363
1 943121635 944545903 210141208 210157245
2 835429402 685457041
2 735951538 430133742
2 243964534 261032472
1 275309045 276608918 456667154 458348852
1 530734670 532640803 869395945 869769308
2 305126172 392595439
2 403695608 699501895
1 495693922 497371246 569446331 569519842
1 547196926 547512523 764122462 765585714
2 690160335 575212665
1 283416730 284068263 227280731 228628219
2 140645082 51931622
1 348781045 349558869 565535395 566944858
1 984211347 985206815 163323213 165114906
2 281408925 937554508
1 885607080 887185719 851838976 853204712
2 115605310 994545591
1 895244055 895326846 575297716 576970853
1 402132692 404032633 428292117 428557887
2 726514608 307612698
2 896917942 537701877
2 153207437 588663331
2 772616774 826692885
2 670157952 44582901
2 457583871 436022039
1 410999593 412974134 575996396 576631457
2 481270589 333092194
2 379933442 713888238
1 979920490 980099294 615068616 615447788
1 925290770 925552716 821857477 822137924
1 105140114 105424785 590746241 591338828
1 917494637 917823928 164559287 165005638
1 908492887 909675724 483665507 484503962
2 716794391 538205540
1 701198137 703041355 550446618 552045861
2 229740544 825642086
1 183720039 184224496 649174385 650242845
2 204101344 804200376
2 27419614 369292942
1 816479519 817699127 846282334 847046499
2 658492985 76280105
1 432955267 433900355 986513506 986917318
2 253186300 515044112
2 58161521 198380917
1 820725054 822178253 857798680 858400656
1 761721732 762302320 258323745 258618388
1 757642016 758997368 130901114 131115888
1 674158082 675418233 671841860 673620421
1 638674135 640501647 40817671 41641622
1 631203532 632592442 104508981 105360842
2 861198561 316265766
1 496188817 496775110 423602932 424140115
2 510597694 269615556
1 651570002 652121275 622384418 623939310
1 638097564 639711807 138374959 138926005
2 629484787 329328327
1 294258274 294932279 126532735 128156357
2 915249155 722670221
2 154672063 206054205
2 12588466 509924857
2 341568794 456386887
1 126059637 127492831 187416965 188700688
2 758023262 930252110
2 122478257 576308067
1 382723696 383184677 171565051 171570524
1 548817015 550312437 245509005 246093974
1 550916174 552883034 400129076 401071503
1 642973071 643801583 286868268 287078451
2 238763507 939192964
2 6426927 825886228
2 202453541 808329799
1 206647809 207193013 648701859 650340442
1 285153367 285847180 901764831 902478964
1 77096060 77416173 719074102 719453163
2 631399592 243605158
1 38303081 39038536 312323214 313817167
2 967885288 56503559
2 959577290 508958454
2 346431406 119958214
1 591770146 592436691 251367894 251579165
1 13239330 14318608 968938552 970412854
2 908657533 532806656
2 338003541 478915326
2 407246946 283171339
1 386529664 387500132 660155536 660801944
1 439498287 440458596 111901857 112709112
2 853648479 753165849
2 483085032 187186865
2 570701083 633247046
1 546077893 546969950 377694593 378544747
1 9713142 10259430 113218035 114139062
2 519750680 556818357
1 310135271 311377709 416844804 417067445
2 500810572 185566817
1 953715560 955367655 306186205 307571558
1 228701929 229003495 913865596 915121951
1 16228190 18089274 844559019 845026190
2 720810047 35563818
2 933427534 744541039
2 494524734 287469227
1 197703919 198902483 301553020 302446022
1 64994626 66509775 20476273 21707362
2 785312032 338602736
2 741040005 871799407
2 473091936 368010012
2 161459813 777037538
2 124348075 567042660
2 145313709 217432401
1 305125031 306706270 624966348 626543754
2 940974817 302012698
1 867891908 868388361 153369947 154119245
1 975573013 975583239 649178011 650690293
2 352807169 88721913
2 831339215 106915832
2 646604704 133118121
1 688137111 688607765 872099261 873924579
2 653766551 555325748
1 86912621 88532775 811664333 812119650
1 767005876 768895373 351149824 352643783
1 92909996 93205014 762999651 763270420
1 700765325 702070132 549233949 551031079
1 916933771 918517461 534642623 536480716
1 539123599 539290678 8856083 10111642
2 875552944 778031540
1 638649789 639538315 87776254 89611223
2 824014119 532353600
2 870036948 975145880
2 181255223 273195598
2 38066772 960186339
2 592528400 20695933
2 713648336 239515332
1 159504294 160893629 37041299 37240486
2 688552703 158840339
2 140786437 70575931
1 588164019 588192860 685304938 686932487
1 485453049 487294984 112342787 113377330
2 892133697 294537487
2 407293584 358977611
2 570140071 597370391
1 613591399 615303444 642327224 642902143
2 181543535 941929026
1 535922326 536289701 762978118 764153266
1 283748384 284147515 158977552 158984719
2 120515131 41606208
2 848099373 368281218
1 440759547 441310388 976996190 977358351
1 481604048 482687645 464777286 465879811
1 171861433 173464084 117688532 118108685
1 604526052 605684416 493006927 493793828
2 155366358 863511307
1 920607762 921021888 347350532 348577185
2 232847756 61148524
1 668759977 669724724 251789449 251811343
1 972364467 973891795 406264676 407285849
2 60433252 697004883
1 902829959 902954539 794934448 795733622
1 967939235 968899481 362332036 364260790
1 206285602 207334806 313199831 313348583
2 583719839 180205895
2 234622761 524136762
2 146079823 144462516
1 623082126 623285855 735135841 737082666
2 598780778 886576791
1 421374317 423257623 221428825 221798887
2 325545004 691553963
1 698992604 699103333 838846223 839754503
1 693279230 695140574 602927065 604614798
1 122299493 123473538 626398865 628055261
1 371999687 372066831 565328510 565736590
2 828587648 733351066
2 703969115 113570801
1 996392493 997381552 280733963 281113258
1 112832138 114084975 246666249 247634032
2 237423319 248507806
2 833151504 478131703
1 439345913 440572876 979542579 981100370
2 330817692 486489222
2 470291596 42323820
1 310364776 311718169 451766982 453693497
2 515183589 960599369
1 724871214 726147667 330484740 330547517
1 820975714 822329779 952692863 952963829
1 881033873 882524828 892975907 893338425
1 39490996 39831374 352354206 353334796
2 335130352 254622514
1 918709078 919813211 778781191 779382774
2 78797800 946609576
1 845058493 846599578 74072433 74228220
2 329536885 160759888
1 728353899 729281603 317176299 317772875
1 700803488 702132297 760785982 761564326
1 280866139 281861625 65860347 66035968
2 541032823 189466108
2 985284750 922003103
2 171665577 461927239
2 681693015 736573383
2 453721113 885756139
2 82363136 213068915
2 615016492 405649286
1 84783230 85988079 51882207 52272061
2 137863317 509560586
2 739198077 266514128
1 770076846 770547613 32595484 34404112
2 430442469 833461339
1 479195007 481079803 971029988 972888821
2 253621760 936120643
2 153686694 476884980
1 617903938 619530085 273072097 274535526
1 206012579 207808009 61971133 63566276
2 616933081 183795139
2 251378467 512222669
1 839443501 840594340 151798900 153219497
2 153569905 824550739
1 528431138 529340676 261041689 262690842
1 546905833 548733582 492033172 492038722
1 937497021 938889319 861333649 862987885
1 488085437 489261221 531003171 532970450
2 698557291 475204450
2 510812094 760201296
1 225252863 227149528 363420102 363843692
2 154255887 804072011
2 426232121 836994752
1 850952789 852136811 944372544 944661922
1 431792596 432213606 834840397 836053830
2 651394235 143247257
1 862651698 864027922 950887036 950990952
1 363598040 365317885 251243794 252036261
2 623098361 516247131
2 860156640 827385038
1 154237482 154733846 664146274 664266477
2 7840338 387767882
1 715382595 716425040 639390033 640595121
2 184279569 918234163
1 697524117 698259696 227755956 227978996
1 559484364 561354983 398107441 398991979
2 93060926 171602127
2 38614743 37111227
1 485990189 487399898 794313153 794960187
2 61779158 706997145
2 153028180 142660885
1 185101722 186880965 175421096 176181618
1 781948760 782472265 384448631 385491771
2 161061307 412947619
2 317544328 413034242
2 860746757 167150795
1 541044360 541717009 22929123 24026096
1 942836378 944541040 128690681 129761731
1 462893972 463787245 811810096 813567705
2 801151613 90815523
1 966060169 967328321 859856180 861008905
2 458638177 487766020
1 523947827 525206976 268217046 270053660
2 192420859 169735193
1 402128858 402706837 80110046 81694904
2 609750381 726815065
1 522271299 523871310 158775880 159879607
2 764036361 796437768
2 674887728 733921558
2 832848271 72176485
2 195089805 340231337
1 149444047 150321421 861641602 862369335
1 569657438 570310435 428334845 429449225
2 823554981 502584998
1 957102910 957254256 184353554 185016884
2 19641509 30831230
1 592937919 593023991 898363409 899011570
1 924597139 926092804 295066356 296702146
2 194075601 706638827
2 59747455 101332820
2 565221655 271404215
2 262441173 484832314
1 186883326 188600374 126044731 126504034
2 395447844 802165853
2 883814966 809580276
2 476250826 404400790
1 502478068 503429682 279037367 279179472
2 335085359 390821456
2 581215833 630453699
1 50597299 50783973 216073765 217489660
2 563226697 327337232
2 814709468 919993922
1 258069590 258615021 261358713 262413082
1 512325786 513355874 729903336 730213054
1 308939396 308939492 16885455 18257350
1 83894259 85440871 610342453 611297316
2 142834310 996712516
2 658590883 969993419
2 601699688 729104017
1 334514234 335157411 245443846 247246749
1 368806532 369801577 473168293 473788481
1 24633491 25884833 951340976 952684881
2 115303266 119899824
2 309218152 499158127
1 505043685 506799068 189700634 191522732
2 207701564 88875596
2 379241242 895123209
1 855774687 855814511 84171627 84545149
1 136383002 137717876 490949268 491133903
1 580711270 582589084 527136087 527967308
2 249836977 385362914
2 481387454 230679351
2 171327286 846644740
2 698938413 727038586
2 211907581 341938893
2 863052392 635695938
1 149617706 151418073 26634120 28365981
2 753377 814358655
1 299136324 299176590 701770843 702329465
1 93046640 94704226 8207940 9884093
2 415616429 891220298
2 784001844 55218601
2 148896416 536070256
2 819803443 686385458
2 74007814 712479482
2 807270311 740506985
1 803130699 804722891 728329746 728571399
2 378588658 338234611
2 554551012 534552401
1 414355773 414364697 142629669 143015713
1 764599744 765451364 247490447 249087567
1 816681316 818075541 120368406 120519134
2 159394208 720657754
1 183342751 183808201 805913399 807454250
2 973438255 819164840
1 215176344 216646361 274265526 276193004
1 111676087 112870002 870965869 872715503
1 356103114 356913843 161490031 162102468
1 857967564 858487256 733644213 733898505
2 43123672 524809896
2 794665772 552773521
2 652007439 349397800
1 337371478 338714053 322583006 324301823
1 373599322 375104856 133002118 134585413
2 598133265 793853545
1 369507169 371393583 523986886 524789446
2 45908591 905296470
1 74540540 74748075 29759231 30941809
1 241807909 242919584 443434961 445361519
2 1668622 931778397
1 838359803 839573620 599946581 600989328
1 126347262 126867293 43407634 45343417
2 125235245 435874219
1 123510727 124400148 716293852 717785259
1 475842130 476566402 958023797 959204505
1 374252191 374474859 99713170 100033673
1 974029860 975411777 634905944 635635181
1 780611972 782524880 353238975 354601129
2 966539333 808325958
2 424159115 236883819
1 51305290 53011147 419191454 419739626
1 211274211 213198408 46295411 47910899
2 953031674 663202157
2 119338471 420792463
2 265713012 286066682
1 656456401 656872334 3546220 4453919
2 606997552 953906780
1 413548673 413621168 227511511 227612696
2 748863911 217525705
2 528681697 558359410
1 193989661 195306918 306154840 307473783
1 361829160 362855961 382427150 383259795
2 141968431 615041531
2 329519867 465812186
2 69447804 72682124
2 704305031 299252466
1 841518119 841672330 171950080 173182282
2 482925800 508196290
1 894668683 895769242 592591071 594517330
2 106228250 955846245
2 973263507 335918632
1 597467873 599442855 346304918 346699064
1 996298897 997932470 116730394 117729824
2 595901532 206439961
2 827331826 909805530
1 34547260 34557389 106981416 107527613
1 392523496 394324922 46961036 48156407
2 873116201 779252393
1 348851971 350714631 792424791 794191609
1 41481068 42168528 36378006 37758084
1 132667716 134328051 554037817 554091721
1 5196613 5444519 543728712 544620880
1 324339557 324383304 530209676 530783524
2 903500471 863983208
2 637921748 141137214
1 56992122 57562620 402028006 402708164
2 629875753 65533501
2 350266527 808405553
1 31692738 32773900 219741285 221425878
1 215339390 215998756 204856865 205177371
1 360509088 361521141 697685044 697998508
2 602500996 424119634
1 975201530 975613678 335862811 337517497
1 519090960 520312686 713071671 713156735
2 796514292 184138928
1 488851318 489910525 211181233 211889279
1 547858000 549399906 667117356 668229192
2 473940018 6701700
1 624223472 625041895 443825152 443898041
1 335967550 337553278 605002756 605119517
1 323672865 325468439 651846334 653189871
1 442463081 443924457 154486162 156133398
1 638782718 640169333 690145837 690700910
2 446486505 975257534
1 281535364 282324783 8728418 9566147
1 127717206 128621401 939675376 940356406
1 846979532 848803520 303836165 304354783
1 242834761 244525388 459688048 460570791
1 337641735 339332908 972712916 973187006
2 881197700 848766147
1 564272832 565509282 272352122 272742653
1 168372036 168768686 848399026 848863517
1 899188716 899564316 994287109 994521730
2 443408535 989271003
1 667297368 668401489 776966771 778308349
1 984299895 985378737 472026421 472818773
1 160293604 162057435 382050829 382206899
2 175168325 722775018
1 296388522 298362418 146273993 146733888
2 809295114 607886862
2 655312225 180822296
2 787474217 462202708
2 560008664 968920486
1 200913823 202367987 257900676 258879614
1 245374313 245609513 829909777 831500909
1 299328432 300917904 404803040 405080436
1 16822238 18399992 127670801 127922398
2 43300725 636849090
2 932160618 294564748
1 391038190 391499620 300323601 300579797
2 598536596 855428068
2 550510015 601185891
2 229971744 949337661
2 850866426 495705141
2 997482448 966134124
2 768425905 493368401
1 138402586 138797285 36447576 36707571
1 287578646 287893098 562134585 563312011
1 641363602 642954662 656585241 656593522
2 339704379 780312383
1 709090267 709839397 497385706 497464328
2 57622495 849718212
1 238748375 240068821 151818461 152092617
1 497859306 498991673 743217343 743868235
2 521241739 744263172
2 326877399 967508363
2 147589142 824758238
2 572844274 4788672
1 141017879 141820420 541421786 542059257
1 910373361 911156038 103183429 104972458
2 604062966 395861701
2 544093909 861964531
1 706029864 707685177 381099559 382079142
1 882275384 884034803 511192798 512315193
2 601191500 117118990
2 75824901 606014526
1 226441601 228201122 791572550 793207651
1 305157192 305759004 303392256 303873507
2 111652814 291469566
2 607745399 354484975
2 721995892 220352536
1 173269551 173501469 481415728 482953374
2 927287369 78939264
1 133285069 135143341 849846708 850956080
2 930657719 4558745
2 864656629 771059765
1 615178745 616717838 449849868 451670191
1 446174466 446724663 147654767 149058393
2 761065967 334454041
1 241099595 241844729 92536130 93847979
2 14279299 7015916
1 133410345 133809252 442070163 443894380
2 808883938 426320142
1 789591624 789603550 472221018 473912056
1 944762198 945249903 138228931 138721303
2 768278178 995808070
2 723311939 978038307
1 534984358 535927505 787154402 788620529
1 163247654 163750653 990872809 991826401
2 699778661 39378495
1 211983468 213169957 470827909 472040623
1 929635622 930121907 65339906 67188056
2 312365533 542191584
1 846383900 847195791 854605940 855220282
1 876593787 877580614 856429171 857102463
2 962123047 713392045
2 462584376 499195364
2 836989164 2822400
2 310274736 264986446
2 265457925 86810380
2 184717984 135726317
1 774316850 775344829 142513537 143622880
2 185576377 388214638
2 218182335 883581932
2 439390571 29518117
2 914211331 179741881
1 815670987 816899632 578946570 580193199
2 42175412 811091095
1 198024492 198029097 120965340 122669475
2 149758617 446509649
2 225752664 770462144
2 366792110 264235932
2 236746149 889009204
1 492035431 492832579 964355423 965590614
1 445304297 446495405 95657964 96041756
2 945354627 43764557
2 30490018 339546534
1 924134043 924547233 122795242 123602844
1 155659764 156300740 164059838 165865710
1 773038885 774918842 364905665 366671763
1 730475491 731583825 812478105 813787407
1 815695364 817567672 223183836 224624594
2 290173500 87614189
2 574401526 954646370
2 243826014 973995461
1 360256668 362048202 370063010 371499317
2 238733874 349962384
2 267879724 713690416
2 167290134 506706094
2 147364631 911534749
2 213988714 136350355
1 39432576 40622730 224559471 225500845
2 819905165 328771635
1 549629295 550988075 671860231 672363767
1 38132502 39912953 225375973 226779995
2 892028629 552922804
1 859044 2502211 205419360 205779562
2 200817239 284259707
2 381629012 457412012
1 913288210 915060954 652607854 654191398
1 718228341 719259237 857603417 857910849
1 205778769 206839704 643190873 643990382
2 660363928 198961596
2 428788074 593596239
1 968260495 969643203 740739217 742561946
2 21500341 470275833
1 268653282 270408890 702095858 703788019
2 535707697 177114898
1 996806330 997300241 814703003 814902621
1 163159624 163457662 848175409 848239690
1 86279908 88184137 324329386 324985503
1 103466410 104361570 866707699 867902684
2 610687917 273725249
1 620101631 620627448 428503033 429029560
1 881572676 882025545 472719564 473987560
1 24198222 24269466 311742183 312153108
2 625153167 531960449
1 868985487 870767610 102912947 103203141
2 578932801 773484941
1 830592079 832306641 53251789 53606969
2 352268399 431697511
1 223161834 223353433 903414414 903615921
1 421829074 422038904 736103999 737702803
1 279491706 280074027 692620530 693854181
1 471997829 472715247 111934746 113830619
1 769736422 770802393 693538163 694067583
1 34465100 36461226 622990164 623812752
1 21487720 22502884 954108672 954885760
1 60702185 61767685 295542257 296728729
2 300249432 106170714
1 898097223 898952563 130872993 131103303
2 975369385 233887674
1 259734042 259945773 484784066 485341131
1 605522439 606074968 166468317 167731958
1 771537865 772543915 710483018 712263498
2 588827227 316087997
2 626746565 406909337
2 564576675 640432953
1 816367692 818342655 273468653 274884581
2 172642130 160509108
1 197711890 198340152 238038366 239167174
2 848949817 698324374
2 367180848 876827820
1 665358813 665515982 911169360 911546655
2 62871256 176124710
1 929843722 931610049 283776712 284114574
1 190122719 191310018 814267819 815965098
1 241768207 242727829 831506965 832869598
2 528526511 169875535
1 831621431 833049699 365492239 366868996
1 42232096 42656253 248817665 250019480
2 929213326 427301689
1 684864652 685835947 2685837 3772692
2 22627800 109190021
2 398726328 151126304
1 486978266 488575193 381377129 382310240
2 705161162 696259968
2 309568355 162029297
1 59851303 61563504 462177332 462824471
1 874304798 875749280 160854860 162271145
1 761947553 763325858 300048450 301511794
2 197938288 616529120
2 572521231 889655626
1 670660207 671626627 571585572 572805563
1 524864341 526460722 543239816 545157878
2 135841160 81449207
1 173445926 174224286 127682626 129362511
1 779171869 779189301 117921895 119496466
2 542570434 808139896
2 360341668 836873133
1 831999655 833705321 210447400 212311082
2 549728249 911857182
2 926313961 477487254
2 855346776 331511926
2 481156498 663352610
2 324156693 38595878
1 144119724 145112745 332875695 333601635
1 138652682 140565074 58281603 60238828
2 636605359 518134128
2 238519578 718282080
2 944104524 842042731
1 791877526 793684451 63885518 64039261
1 541050707 541909031 59598916 61126084
1 876620324 877465976 732437139 732829514
2 795965868 555267865
2 879038957 81186057
2 835497015 947060543
1 994210153 994319246 347827781 349566601
2 665077372 521902020
1 644401288 644670173 363672288 364695856
1 800396046 801104353 311815662 311907603
2 169900393 184019738
1 432999762 433808298 315534097 316794129
2 50454016 987672657
1 16288682 17271907 271305414 272327792
2 918804204 128854276
1 29008804 30101729 82780689 82842523
1 749953125 751213739 766167843 767002716
2 863206509 892049870
2 40030280 663266201
2 454098634 6141018
1 297270707 298910617 923771662 925524550
2 464470653 856460617
2 753485890 504292821
2 549530393 742557675
1 178563411 178810141 763753836 765208986
1 941982629 943888328 831326126 832559966
2 728690452 267849402
1 370180670 372043751 71766765 72384291
1 825459754 825745858 550477710 551702069
2 481764298 415386008
2 486872510 16828725
1 743853658 744302749 157046142 158055782
2 931217783 365155487
2 169801273 13965922
1 712078209 712589249 590952007 591288304
1 435964670 437129222 100907595 101110053
2 618702141 49469202
2 707448538 558167166
2 251399988 893086224
2 574548356 474060114
1 469147723 469426566 680099268 681380511
2 771737476 894061171
1 164704743 165392238 699568222 701526216
2 935340739 602769952
1 34964606 35025876 326614587 327415663
1 973176957 973577119 252039026 253539958
2 163514548 959729341
2 435587630 210026838
1 743923385 745589648 519973889 520334621
2 181782253 442371498
1 206894608 207873661 911792407 912832325
2 728881188 584881168
2 821030439 253917699
1 532171360 532555438 406146572 406996138
2 403437375 564256254
2 57535633 264769490
2 552440418 531264990
2 356006388 131886772
2 330776703 980627890
2 400394907 39564949
1 291595151 293422030 575831964 577506064
1 9545770 9691591 893869684 893963433
1 721709513 722628378 201974804 202392765
2 316219931 8545904
2 966826676 9930715
2 683834389 583585939
1 627068171 628584076 39014937 40278595
2 772154482 526956478
2 786706094 103339935
2 423247353 429654452
1 848782897 848913993 776921354 778557270
2 735826120 881069350
1 361649574 362564140 325354151 325646896
1 514987475 516003534 74284926 75012996
2 750914526 374343779
2 77522865 816203577
2 767265957 198024882
2 775499239 477969803
1 49238771 49760949 490844637 491799432
1 930596604 932340067 322964257 324895482
1 745824967 745894457 38444118 40177454
1 931146571 932734619 438859949 439230910
1 21018567 22628520 64110611 65289734
2 63792412 441448652
2 83719001 708823887
1 446358451 447380033 634344062 635191020
2 482595885 348076530
1 532665842 532791821 425006310 425259751
2 230930745 382778281
2 297131379 655107067
1 833194155 833389724 95281398 96019696
2 581272236 467516172
1 382314812 384212473 219111807 220914031
1 96538346 96860029 172589994 173470047
2 711020073 411909866
1 837195777 838321115 218934716 219127393
2 265735395 357513723
2 229677766 245386479
2 209885809 811265283
2 552099117 110348949
1 963119855 963469571 367261212 369203926
1 268724512 269182902 180067232 180566822
1 715857011 716069354 136379446 136585124
1 959787454 960430219 989545539 990136854
2 783415338 622108673
1 501122316 501628095 757374802 757703064
1 782789874 783042454 24218707 24403712
1 36073547 36485833 676291918 676555527
1 984896399 985394124 438680287 440579948
2 72551469 580651372
2 124526694 109846759
2 504078640 244777444
1 100073268 101508932 686148259 687808331
1 94867194 95113954 344395099 344449444
2 147580423 586217867
2 288431860 948309849
1 715283931 716039242 237500161 239400624
1 463008581 463122463 709137196 710563936
2 443033429 551845023
2 922079477 523991596
1 959110784 960014763 655188163 655770340
2 747721863 137169999
1 622726181 622836974 671388867 673111816
2 577598256 156949743
1 286051374 287276712 6687590 7490849
2 309337895 798221306
2 22522022 357189039
1 95305787 96336834 231437444 231819688
2 254298057 742386854
1 636422431 637735399 729952640 731856841
1 992366546 993870166 272420258 273213170
2 224355261 135240954
2 522323055 871747303
1 514365314 515795679 536150058 537936684
2 119536407 886873710
1 31879995 32393507 501552228 503529463
1 312383469 312508554 721886009 721887692
2 20432434 222139577
1 742772957 743284652 806984768 808719388
1 507589969 508340656 219653994 220417478
2 641229436 30536583
2 323320955 351198042
1 793891907 794068551 65914942 65959495
1 586430166 588234076 438245661 439521455
1 529406954 531079587 441898843 443316089
1 732126445 733704779 676249226 677104812
1 6275524 7902830 269135159 269602858
1 971572861 973426253 176225831 177247411
2 248183736 641651246
1 152029876 152418284 325281377 325890967
2 252518937 138107218
2 14796013 700445362
2 616459755 835199271
1 270636586 271847907 726716387 727403843
1 322344416 323118960 855086500 856897783
1 779846365 781577101 897862969 898014397
1 828569234 828903685 918224812 918594750
2 336741023 266985066
2 39516251 619491426
1 76564466 77550427 396357070 397564611
2 893618313 213773491
2 308940800 997779478
1 288275020 289524024 226858677 227490592
1 366510350 366530390 10947136 11028903
2 962050042 700246656
2 348049552 267438235
1 433670022 433840144 350227785 351292507
1 95490711 97177586 709930569 710373528
2 759338190 715509070
2 641594388 782612466
2 249487784 821348427
1 794781918 795625086 825419433 826574822
1 749112579 750168795 647850780 648838392
1 465111182 466034406 8381192 8662261
2 749545731 936220918
2 748501216 226825465
1 791592393 793109043 726664464 727115668
1 157376099 157738386 759359701 760938402
1 41022119 42905665 766647320 767488885
1 510614280 511181222 79109469 80709570
2 972376410 867134475
2 676281268 364204897
1 866565166 867851719 318661305 320131133
2 172005720 476557619
1 188446307 190178812 574250172 574412257
2 976420666 363048640
2 860471339 642371806
1 506938943 506946377 15595330 16086011
2 970226450 906358934
1 131554860 132678665 977104441 978899680
2 52288636 205097629
1 39676772 39889361 842053917 843640013
2 682380416 190347144
1 235469802 235913104 527235914 529035047
2 193045097 961759260
1 272812132 273584974 55049019 56719348
1 38595415 39495036 133101282 133962836
1 660900663 661369683 671010196 671281046
1 57058435 58551019 874359506 874412799
2 940665641 853362561
2 665009408 824303676
1 980731411 981408754 58647373 60185630
1 137229051 137738713 788032364 789673506
2 235767911 843415558
1 621703688 622964452 392389276 392802803
1 818575039 818991849 272945981 274070326
1 336517296 337746797 292150485 294073110
1 80627668 81870377 137929485 139038051
1 45367777 46726433 126698755 127248806
2 48018807 140827077
2 175109801 248326756
2 140071553 295598399
1 66377959 66791978 842925112 843547872
2 732266525 853982511
1 580862991 582824899 446573667 446780677
1 732163658 734025213 909030696 910919311
2 35317454 570637831
1 905746472 907485427 827283095 829049671
2 154512004 518415821
1 53398141 55247865 528137520 529316337
2 93667076 373141275
1 202965156 204542822 368980849 369051522
2 171424305 181300417
1 590026897 591541839 871312051 871813748
2 93617530 548104887
1 469218926 469511967 446223168 447038470
2 83304813 183604202
1 305228665 306389782 493098895 493499714
2 714930739 246467345
2 707168141 311769370
1 166579842 168385996 503111120 503852745
2 452628363 841276283
2 161648693 171217760
2 107856241 324148952
1 138605037 139774497 777356608 778994631
2 274139735 78341258
1 647123431 647412084 756370791 757904089
1 635419800 636918805 693339600 694462985
2 629291118 759280059
1 650172688 651741259 329242501 330262960
2 31583073 498655666
2 115270025 463739440
2 359097144 583124933
1 909773861 910247826 194608952 195643780
2 84419550 684971179
2 752495734 823557588
2 176937798 628063341
2 712581733 668998187
1 111262766 112337054 659272194 660409864
1 241582497 243116463 521236489 521738832
2 218784621 315742431
2 108730270 862092664
2 325069812 808209212
2 44008771 868324586
2 349297432 24121116
1 127835867 127945413 161683172 161752106
1 350145831 351113497 799503168 800671598
1 592428575 594213384 985442719 986963684
1 101661204 102425795 469447890 470539103
1 64876191 66690926 514937632 515761455
1 365697755 367395689 445920578 447048184
1 507392395 508008946 92709180 92887287
2 261606443 681082749
1 756148 1336207 639280461 640114775
2 676534972 223819720
2 835910875 16390639
2 753431035 154733648
1 192486796 192675157 881956669 882859798
1 216259776 216738010 342516345 344316545
2 228005055 582000120
2 175607936 332022750
1 582170605 583538550 234356921 235710317
2 100735090 267337551
1 473914400 474981395 97384541 98485395
1 943218621 944750891 12753766 14744599
1 748245100 748594552 940632475 942627029
2 140602902 542639164
1 911397018 911544876 104853244 105847864
1 108021864 109318758 476141368 478009182
2 149578936 943992597
2 74927543 176160235
2 359228718 579427530
1 860027248 861362171 729034893 730216051
1 573465561 573519894 15555520 16842849
1 218447999 219563133 959288291 960218585
1 577060929 578058013 602790737 602886057
1 412958399 414682090 334266942 334876334
2 304694388 387922656
2 830302443 324561775
2 745214239 247539521
2 672127091 53259076
2 874659548 169895418
1 111706 868923 391771162 392661250
1 889929476 890646715 736496456 737263452
1 216478396 217322053 384761344 385526211
1 589035497 589875718 86846037 87637936
1 458049092 458926169 204983183 205827401
1 690054026 690367285 664419614 666240168
1 636334569 637158854 48985574 49303617
1 53403072 53905231 720318957 721117409
2 382795510 560109313
1 53232941 53706040 949472362 950796747
1 411167787 412453016 231831159 232533111
2 282962705 504935800
1 633579220 634641240 81308259 83262249
2 377865397 255742950
1 297261247 297667898 661076717 662407430
2 197955324 443097741
1 921100787 922678974 56264817 56639346
1 44435943 46166205 69828870 70076861
1 725826495 726408017 573296736 574322315
2 631780674 577252524
2 329151448 166727417
1 984240142 984584416 298358765 299062220
2 958113133 815087112
2 347407278 967742327
1 719174175 719308486 497164838 497304347
1 913753229 915459430 871114265 871498328
2 114989236 416282905
2 310703247 632378051
1 436337306 438300991 75060024 75564791
1 219257588 220709412 860035242 860372337
1 725422412 725426491 792908790 794270239
1 168034297 169606274 195771241 196838047
1 106388931 106628000 314744546 316718173
1 594624382 595385877 846869116 847437162
1 667736875 668811174 970830607 971054205
1 53621057 53967273 997932240 998072710
1 250645370 252133531 543002424 544617256
2 789111008 159245999
2 292978540 142903198
2 629260045 518459126
2 353909654 482628408
2 527099058 469832722
2 479032858 778427999
1 9133857 9291403 368802917 368976492
1 121295409 122140187 525492638 527144373
1 850972638 851224428 257717774 258786378
1 841839867 843485208 996120276 997339963
1 419424029 419975943 907057668 907612767
1 859854300 861793359 160516831 161677322
2 764274473 709585233
2 588328654 718323978
1 825398261 825919875 334566912 334971345
2 403055707 363136265
2 88141373 481430971
1 289211809 289415361 56792732 56951432
1 6386163 7861213 358587662 360248995
2 759668044 501700097
2 286627652 941967801
2 161122650 626863396
1 528936024 530859167 32910805 34112365
2 143862606 350794491
1 696135563 697516895 130470680 132380254
1 679451828 680496174 982729434 984570088
1 949576031 950016551 16764897 16854680
1 735460246 736297408 535380403 536981032
2 304416538 778379084
2 746425384 417686264
1 576192238 576581034 902072707 903158511
1 659745827 659978704 791225411 792630588
1 581542104 583215005 375966268 377164777
1 418240082 419091045 956492532 958161389
2 438848504 525811853
1 10577454 12399199 434165075 435861255
1 311053682 311654465 227188013 228613168
1 257836530 258735766 753990381 755157079
2 912600588 214384358
1 906929014 906969230 75533684 76305680
1 489750563 491618482 408920220 410792942
1 41339885 42482642 337977771 338480671
2 826368573 87615012
1 265354166 266267115 444468497 446160236
1 977434348 978941182 536777966 538374387
2 981669140 126459517
2 683360325 598149430
1 42211148 43092076 229515951 231205934
1 347252308 348268699 57302020 58743579
2 923025576 114572153
2 710266929 809998722
1 900277874 901902092 567198435 567922304
1 290627945 290677179 3827927 4989230
2 288172413 440859291
2 261068059 564138200
2 611887863 249303034
2 768461195 714230967
2 53727084 483055257
1 448821565 450084484 949426435 951137439
2 149936240 32685513
2 948617750 568396529
1 490375861 491141961 814813080 815509287
2 346533935 73535346
2 436550412 221515649
2 558768245 286403417
2 71095502 434255588
1 66455323 66744960 382817636 383122888
2 355869476 691097957
1 748401981 749512245 267659676 268652142
1 657215978 657871080 632661656 633966047
1 510620889 510792552 606369342 607591186
1 876016803 877898816 666042407 667913824
1 794979625 796978420 326105123 326623980
1 597434761 598048466 390598125 391631481
1 511064808 511684050 189625743 191153317
1 390497218 391071090 296986063 298209634
1 389625682 391522624 161630842 161860006
1 210801816 211911894 127967186 128911416
1 943256268 945224058 174286652 175308625
1 874308179 875370012 850370500 852127632
1 790198592 790234397 773724378 775544868
2 54128352 883526401
1 524534618 525622227 530119228 530239120
1 59438272 60619920 882218300 882352952
1 295309253 296171952 834218052 834748381
2 574135344 670427861
2 792257069 355825244
1 869553004 871359484 151539830 152278032
1 854823535 856138719 411148823 413038240
1 950653508 951357346 91875196 92384204
1 716264476 717481518 412458371 414404621
2 66083496 121791115
1 189207275 189625254 581023311 581684718
1 418285576 419666705 921022578 921565398
1 166518175 167966023 321586880 323511880
2 46594998 250584761
2 904689035 747208324
1 603939710 605127926 320712995 321844316
1 983967461 984792407 868984244 869663749
2 175036976 620204148
1 102760877 104225969 872001169 873569889
2 57883364 901895359
1 715119512 716002595 215077823 215888916
1 173190026 173850274 908259148 910054809
1 593435183 593492300 625798608 627547870
1 408798317 410557076 480350837 481565175
2 646276552 362360004
2 481162188 21842974
1 887316293 888065645 719379332 719402177
2 272114459 290617101
1 104795658 105847142 245343174 245962168
2 936354253 331389500
2 64809911 76509527
1 131051953 131766361 204418613 205889571
2 679227169 913896467
1 748939776 750753182 219136352 219203866
1 194164905 194595421 437660009 437994798
1 676588683 678018850 47396680 47638675
2 499514182 646315931
1 818321774 818482320 198396248 199545662
2 891387327 937903659
2 79305058 319033532
2 194097350 830187477
1 826724092 828536324 756326424 756771855
1 822819569 823586852 283418806 283657933
2 476415100 767535707
2 183959246 330081002
2 294250575 343487392
1 403848399 404072603 45868348 46904367
2 461057966 226313666
1 494232848 494643377 214033056 215256733
1 207252169 208100764 491260876 492891941
1 428515417 430067839 118453952 119886760
2 758617272 649879112
2 44621416 657738063
2 361463784 781986916
2 593113179 52284181
2 730035831 709242139
1 4259391 4797628 508705542 510436805
2 511440032 510796138
1 189757916 191723024 6237206 7225118
1 133422446 135000655 399739158 400736302
2 726173399 152138107
2 511360961 169897975
2 555828572 479704557
2 190434982 809909806
1 411213599 411307994 400920543 402605736
2 255817043 56919850
2 492950315 29454353
2 224357427 883821385
2 723745746 124176487
1 218117322 218823209 37034756 37769537
2 197225098 739778057
1 74020586 74657804 430378728 431392621
2 467026919 829239226
1 179086598 180491970 474831808 474948761
2 734568196 319752136
2 512686585 213505398
1 337727928 338487473 596843104 597560927
1 671731136 672819868 581537140 582141252
1 69729649 70800037 331866262 332470456
2 105659710 348909557
2 35958491 286007783
2 739681577 880092372
1 159048747 160912458 321604670 323246393
2 673135918 962105879
2 27952181 725425028
1 200428592 200699539 476851718 478850764
1 166245681 166304548 414941952 416053803
1 9511306 10183432 636888047 638287206
1 40679130 41844172 189183476 190718296
1 483256221 483634092 884424947 885913349
2 327240050 985241116
1 428214828 429060277 122965113 124559635
1 77045548 77796630 990317146 990784832
1 727067683 727863323 719571994 720735058
1 789835418 791295312 112259164 112543907
1 41388825 42453652 97094984 97210555
1 962460531 964354360 241627067 243133342
1 164524633 166082779 288143669 289584314
1 370346900 370493992 913827869 915689396
1 465826179 466573854 318243898 318312983
2 126233417 312834542
1 105123920 106244009 979309243 980194397
1 47787110 49311391 52714240 54102095
2 862889724 240660027
2 759631827 414176139
2 153490330 212676408
2 670478027 711296901
1 651981440 652124311 193233001 194558002
1 190056709 191105094 366727300 366793625
2 758372503 633644098
1 523479205 525303335 841533739 842682934
2 347205169 639484769
1 816811319 817168599 474241523 474544534
1 617583861 618433835 213887265 215251495
2 444188157 380303803
1 151616638 152550979 761876008 763687003
1 225684318 226029697 280583743 282001128
2 829032432 805660379
1 372071798 372431667 70030317 71188368
1 866712964 868022239 664007691 665292246
2 641655239 582097502
1 912359497 913198833 415019664 415092851
1 165099649 165561267 918394982 918931693
2 627432126 530232246
2 207328792 589477062
2 362315453 648131728
2 76268108 737667233
1 584850901 585540854 712473926 713603551
1 243713492 244711992 491862370 492700702
2 889755721 136352907
1 581181642 582884909 271643329 272071537
2 432510590 384071589
1 750231262 751198003 278236349 279997394
2 763562786 982779672
2 958586452 68466086
2 25398737 22730904
2 968958336 100979563
1 722443728 723362068 865248464 865491285
2 31587924 99641609
2 351169674 333536995
2 445566670 158907185
1 697656219 698588762 660143719 660442544
1 478320487 479604008 923051735 924315034
2 35702957 270850920
2 252155272 441358531
2 624619772 516611350
1 474268056 475669266 204991821 205855381
2 746323882 442651054
1 778439501 779021474 941634866 942844292
2 266147898 685615627
2 167507436 138117554
1 419295227 420909196 369251898 370880997
1 129360806 129865605 355507819 355588263
1 555054519 555704207 414497839 415815551
1 808281725 808605076 125550279 126093464
2 204962338 527766512
2 363050558 96469107
1 106790749 107078925 367251889 368351662
1 364858015 366700918 91644751 92034480
1 381241081 382551805 750859240 750914233
2 318797103 582939121
2 320095650 831022034
2 602283872 864462144
1 299409785 301033457 882273269 882743139
2 443337025 934000590
1 925499611 925916495 200252172 201751157
1 475649371 476048891 325284005 325286067
2 937031290 220568636
1 112216886 112893295 286783254 287590701
2 361333065 573526634
2 669961519 124019041
1 658871111 659801112 285956023 287049268
2 444608625 564600472
2 209290499 494453406
1 843527063 844580642 41842287 42066512
2 878294999 271536405
2 14425479 450345444
2 704942225 243265807
1 656871463 657888206 95546552 97286632
2 70733786 752536879
1 508165839 509571573 300425372 301426748
2 660887307 289867518
1 643720140 643969596 732076665 734005858
1 610776509 612079097 75722235 76987387
1 393087137 393578337 472087702 473079059
1 740948678 740971061 764079851 765289395
2 429374647 80722547
1 658360275 658997073 734564481 735324482
1 228658267 228843744 115077736 117062094
2 536515624 13010563
1 849741731 849880496 498582058 499450810
1 978319096 980019714 568091689 569457369
1 569922114 570166481 852371576 853151636
1 152071540 153801827 394425458 396168150
2 997365377 521472697
1 382862480 383971019 780885797 782681833
1 261685851 262860676 139864657 141519262
2 513391274 751735679
2 128839143 957657313
2 303325124 607474324
2 331468149 305535891
1 526712745 526903637 448936336 449484593
1 187046964 188378640 368494539 370428728
2 649022227 915698142
1 615393425 617035786 85452754 86131667
2 7503664 888195369
2 798809774 243901849
1 490742242 491693930 422926699 423897360
2 326950116 284734929
2 566449781 452574594
1 12138061 13851773 528371727 529566302
1 17986267 19810845 109489850 109789134
1 496952208 497989906 221027916 222773656
1 255705970 255725871 98231126 100070772
1 736582543 738048028 947523172 947938895
1 493094896 493570125 504424762 504949568
2 242476775 944889149
1 831898044 833592916 177163042 177263513
2 996660563 137746411
1 701553819 703026169 705876323 706835218
2 769873454 355401294
2 373565294 94272580
1 804201294 805080904 328231508 330214332
2 178661908 496841786
2 760510742 992124566
1 147584150 147743071 361979431 363422368
1 811592511 813021060 202999801 203517071
1 621375895 622930073 769604775 770560611
1 415957765 416918239 47578006 48523172
2 238781768 84956129
1 830146478 831987869 502620455 504215257
2 570841563 971029359
2 83556302 690016990
2 421298062 371178535
1 184610494 184808556 935192042 935877602
1 45111025 46457965 847792415 849474864
2 641844278 436671418
2 46651657 157612458
2 236592643 969521438
2 571546484 310151209
1 823590320 823972484 663351953 664176784
2 762397774 906715648
2 968575258 400543955
2 538086461 673428840
1 321363300 321422174 236238865 237949909
2 801950776 539619420
2 44555695 237134735
2 407766845 229458358
2 70897316 217457535
2 712906332 859888924
1 486962004 487226398 880713731 881859878
2 788583695 754299549
2 870095033 378030259
2 707864917 76468671
2 718863556 44436578
1 778594082 780122856 324790572 325022634
2 947625406 945328097
2 651925385 174152411
2 570538308 706587371
1 953712244 954435252 719277829 720653696
2 462636947 478390855
2 207550856 841369384
2 76611073 862156531
1 990247949 991715767 300090438 301476017
2 642217396 786182857
2 493110820 36397476
1 38428096 39279419 223182219 224720220
1 464143139 464930696 537935873 539424243
1 126426273 126863395 622963892 624350234
2 757703466 997887530
2 139557810 977324304
2 471935193 271331737
2 96406015 488419132
1 378478047 378907989 453142549 453428048
2 269489219 34278536
2 663452244 23483215
1 688245295 689221182 106192177 107038983
1 195830902 195961685 661971036 663617749
2 108609068 361676282
1 456923722 457645964 184435156 186423851
2 607858778 947529209
2 956136690 384408165
1 209501607 209535272 308103876 309799347
2 107084003 481894704
2 939668049 977824366
2 614881121 122403110
1 782255061 782478487 920759353 922102978
1 465355335 465418329 273257787 274623030
2 495694382 975427206
2 595143228 851122367
2 131970883 697522706
1 222448736 224443432 646106351 647190928
2 658819584 892184090
1 451270387 451398644 422794680 424329072
1 60065219 61625698 872964542 873656298
2 386924666 713867667
2 322662438 106068464
2 313049931 434861089
1 863920720 865775427 618874882 620003591
1 282568962 283981597 283566556 285314553
2 745885813 443837473
2 567877363 341126680
2 130842774 576585625
1 105028990 105188406 130137163 131179086
2 321353955 238895538
2 1507937 922896082
2 585936615 813043468
2 80842435 483118274
1 267916593 268960179 611343175 611775472
1 852100364 852695238 127949114 129410920
2 215331740 390538620
2 823785377 691094202
1 993050383 994572942 908212155 910009657
2 121339959 702773163
1 527992 749920 483006250 483234005
1 864588181 864597410 230449921 231731118
1 809318954 809590609 915992871 917249194
1 757328797 758935496 853930599 855505444
1 657379751 659000435 252363841 253909610
1 247596917 248143753 500346566 502115604
1 800560083 802301222 465976857 467314042
2 353543923 236281385
2 404885223 320057684
2 12178643 579852339
1 310261857 311738196 375393378 376741237
2 52888288 577047915
1 102745613 102925052 361208973 362284366
1 484045634 485605807 302848808 303715078
1 340308737 342228132 639229035 639608257
1 274033942 275450307 986596898 987531875
1 136819450 138622496 256234763 256604265
1 905099926 906976294 57713353 57986233
2 197469664 803362511
2 913255872 566338604
1 856552333 857238172 207629271 207663048
1 309766136 310616181 147951931 148752061
2 958349462 22981079
1 678505271 679425583 800514838 802039822
2 419122029 355829314
1 791972680 792348184 36109812 36332602
1 973699056 974815155 959876201 960817978
2 405446643 630579381
1 622001203 623082213 888752132 888920348
2 785508737 926129702
2 290217596 535045059
1 858112199 858150184 685871229 685936699
2 54516522 934345483
1 601949797 602803367 109194652 110179547
1 796676902 798566852 18227801 19919551
1 482844225 482904406 300295455 302078323
1 966798157 968332622 323607769 325177827
1 166024689 166295470 260719700 262717178
1 390207161 391903146 47384282 48700111
2 995054384 228370225
1 854543471 856092546 301773125 302055231
2 560161389 847705982
1 231609118 232464923 117348436 119205729
1 279452590 279975571 418198153 419692446
2 256496485 952917810
1 153655389 155518786 147605480 149561605
2 760347428 442795380
1 841640993 843284039 482325828 483648282
2 558281457 796993056
2 231298398 254220696
1 394330901 395349331 82749859 84403651
1 495561867 495745610 242900392 243839003
1 950938721 950970481 179599218 180807318
2 815509009 373076945
1 71114431 72259903 927927163 928304626
2 267996018 321836738
1 362188414 363311399 245220884 245332472
2 29114657 929373758
1 200011572 201377361 651036185 652111303
2 274127917 531121144
1 638024606 639276910 536144861 537776878
2 529409776 155073959
2 289800213 468675662
1 268378153 270065248 523274899 525079953
2 718248113 402467049
1 716003819 716811645 282109423 283780192
1 358045474 358527770 376379599 377106407
2 475809393 834263768
2 121826113 745822346
2 66042755 940758150
1 195304694 195946066 110557509 111814811
2 651625085 186177389
1 50662546 51140545 639047147 639381511
1 11107188 12300033 210467523 212131369
1 375934635 377470510 604306782 605343425
2 714489334 597477564
2 665961865 775411112
1 554603795 555521382 977418601 978053677
1 460357455 462345444 630225681 631962400
2 68188082 453208833
2 499306372 361785751
1 67616117 69598748 259356968 259661322
1 899346877 899636864 964202194 964935409
2 92797948 926565101
1 279847109 280867471 517392963 519190875
2 53370029 565281344
1 86163063 87880362 326350749 327859865
2 278659130 625397496
2 48138487 567093395
2 549319510 105818240
2 910605183 734060076
1 563199987 563567655 37457007 37829381
2 606325949 875830357
1 24141139 24507199 617125137 618981764
1 859328565 859881730 309937786 311254745
1 717036615 718386115 162376642 163736285
2 162492286 40977241
2 395192214 44595555
1 942525326 942860964 864447028 864912266
2 194204340 161371703
2 823109239 901285442
2 918780621 713904029
1 393218510 394161211 668519857 670421719
1 686476164 688330823 901249979 901516398
2 985209315 928592958
2 469757337 894594596
1 273746298 274055637 557595061 557959260
1 70509943 71041354 61812263 61957394
2 944118443 136067422
2 673980742 203229798
2 274335151 579044863
1 353378052 354848669 679938257 681831604
1 270123544 270397974 279199057 280827715
1 751298267 752071833 127056178 128012295
2 674618092 260004902
1 472820791 473727431 457474608 458274918
1 575295044 576527636 200923750 201771538
1 91373281 91537055 73025273 73276857
2 126361733 409643065
2 475145428 549532649
2 968654918 536563805
2 99292047 193959336
2 124816824 491334235
1 771737823 773207483 542249109 543267009
2 162610068 164867287
2 879416094 501936465
1 487298113 487754897 384781616 386416720
1 828223620 830075693 526449677 526763175
2 219237334 52893735
1 822335943 824141320 681457627 683370296
2 694917186 529811594
2 582171495 379176900
2 436494080 273102823
1 730488944 731474465 241793639 242433698
2 232193213 38711443
2 288224664 804678659
1 45491645 46676097 996838306 998121755
2 459821244 641923049
1 818171177 819081138 869108195 870965793
2 187395851 779225404
1 847768057 848175048 247263943 248228289
1 57335681 58746246 282362964 283056723
2 567051075 591107887
2 833552173 198495044
2 917739963 832638725
1 665500883 667134415 146074504 147354925
2 606272971 228191010
1 679124457 680236541 182617880 182691006
2 108500313 302435972
2 951452180 785843059
1 831672763 831990995 170869007 172330799
1 267545068 269407455 149389838 150087310
1 668548052 669010378 978754518 980422377
1 940916356 942219202 250259010 250763326
2 77208389 838143536
2 40669532 650061199
1 206199292 207168601 324942777 326666271
2 588612139 144717083
2 252566125 235263374
1 715603876 716590269 728146478 728386994
1 858292601 858514398 214144044 215306912
1 551667504 552323109 636327768 637129552
2 554557411 707365888
1 768176655 769347029 958726662 959022691
2 156569213 717182452
2 159674721 846156328
2 147976562 366562030
1 344664334 345766010 5895944 6804954
2 407703971 389425213
2 729163503 317772870
2 760783818 153734421
1 471180083 472249730 890130789 891283286
2 49258523 386796057
1 123137104 124885916 35637423 36086341
1 94996152 96825741 62744002 63659159
1 301419188 302211053 593015139 593166987
2 73063423 632875612
1 446349869 447816597 691230681 692960728
1 7531216 8728218 208652765 210113856
1 250876713 252800474 711511952 712472246
2 644840034 623844932
2 323342341 858636894
1 16892763 17655959 52107010 54018986
2 230923422 164115725
1 819752712 821585157 174005993 175371668
1 858069055 858653167 166057007 166731917
2 657567344 255276543
2 289497954 993079344
2 231649996 181091404
1 198282117 198645315 622954405 624445441
2 285209746 877958343
2 951162709 584717090
2 31090560 236324865
1 710649942 711778905 269065314 269661285
2 280016221 849601606
1 563719176 564279041 759867416 760603644
1 74275070 76272653 407987091 409676595
1 47439318 48824718 75175479 76232124
1 254794153 255519812 475929422 477530168
2 659371954 900583664
1 738305478 740057840 236513539 236920210
2 459856351 322019974
2 889687084 690822275
2 399668369 15174667
2 144833497 517681105
2 131033068 423228115
2 241882168 33358697
2 49176941 167341193
2 778017838 768462842
1 396401212 398376502 984400544 985182475
2 478108885 969121141
1 593053299 593670647 913805154 915300869
2 443364138 891674959
2 938637215 977970383
1 947493702 948148347 27153447 27683826
2 1635181 21913492
1 208218922 209558391 484758983 486183332
1 136450120 137247373 83202047 84341390
1 285230072 287108786 625374705 625779118
1 575395281 575812554 543733884 545681648
2 805604678 387444820
2 820570470 381192543
2 569990314 389937429
1 203116981 203268716 59299491 60418223
2 187771937 296210827
2 617487392 108838706
1 104870506 106602274 186349131 187230789
2 169518327 886846439
2 459112347 440845843
2 970110854 14070261
2 672976785 138270645
2 862887000 497884590
1 883842358 885218719 477337371 479085464
1 783468405 783951768 521428995 521991563
2 319577056 121016447
1 296086892 298047673 389883438 389924838
1 6722637 8626774 705691629 706497743
2 79538162 945619087
2 69744331 141719381
2 961868728 175964272
2 735449473 658740321
2 361667075 51876071
2 363601862 792755976
1 557550387 558164126 346136164 347898693
2 55614996 419882731
1 378495572 378550883 308129939 310084247
1 945453048 947380066 567223874 568129382
1 355018416 356032784 824459773 825649275
2 121889862 258723066
1 517768142 519037519 285782213 286086223
2 228213644 70547921
1 97596195 98411390 878887336 880179195
2 853859159 569791667
1 320616785 321231266 345473382 346106238
2 885636907 294971101
1 220784329 221852982 870754165 872741368
2 240423572 288314391
1 47513358 48479113 396534284 397255339
1 242730182 243663722 927371655 927670195
2 14342541 9110691
1 328498356 328723847 4971124 6854226
2 549823987 50422706
1 32857902 34027463 684797486 685720435
2 479182619 730930101
1 101927546 102301066 25059388 26138658
2 836785542 144509126
2 866156837 550062822
2 110862866 84308031
1 84891889 86033046 369850393 369925078
2 365524759 305753883
1 674856961 676429632 828331382 829209111
1 428637177 429820691 774605260 775808111
2 793773802 44718912
2 511217149 927784954
1 461111033 461185099 613727030 614654336
1 610769741 612134731 185299941 185398243
2 911299424 832722013
2 862994745 201268822
2 905319173 689801339
1 826150816 827050172 592466439 593731128
2 645940659 225136557
1 804971718 806930120 300804863 301882111
2 204457523 181078121
1 273860830 275672044 910046357 911294437
1 844761400 845763721 522880164 523799599
2 115639607 109153620
2 841620290 866027594
2 46831493 552027933
1 216364648 217375072 354028262 354565962
2 365245711 581677019
2 413361475 880652055
1 965093617 965992279 258795787 260130070
2 174003855 710061128
1 235462155 236762629 603450241 604745978
2 419547798 570726268
1 351700371 353192919 412669051 413493653
2 530171603 358071074
1 674305993 674891922 300278733 301113895
2 19062157 959971517
2 247000029 348921697
1 322522612 323593529 494891315 496443744
1 511915277 512796953 167788340 168440266
2 163321155 481133571
1 579273457 579392827 561078775 561926912
2 492169260 695796555
1 743736306 743809110 111350527 111402388
1 466228756 467275192 555166783 556848846
2 554158268 251145442
1 19620860 20506325 234965309 234970652
1 161295757 162016618 192130674 193908037
2 815023454 19236197
1 333855760 335412768 37184004 38458076
1 780740337 781578284 490430511 491057974
2 515168435 667385090
1 743770161 745197121 388622702 390020906
1 83955507 83978087 796723015 798543508
2 908367056 454732734
1 18575069 19693484 826542463 826966718
1 62047893 62255925 746116184 746575626
2 790564447 970584745
2 290191421 683440197
1 469334268 470451663 485452361 486867843
2 758144953 155261903
2 710402732 189357465
1 450215047 451334124 742133323 742493106
2 18329958 7765527
2 222737162 594284258
2 890316856 975425793
1 167652027 167659607 159313301 159582123
2 161266481 190643639
1 653780554 654093634 627284282 628092086
2 114944520 281615214
1 667979701 669216646 866477784 867784468
1 856188481 856656469 351323370 352398134
2 352191527 554061084
1 154287138 155879372 582140137 583967636
1 994399509 994815008 596283 1001891
1 600850086 602513202 303028986 303757382
2 275047582 986764638
1 256006017 257847756 419349511 420218963
2 233004731 689926746
1 381391157 381401707 60425540 62334373
2 569365067 187409655
1 716491519 717009049 269724847 270366967
2 434332414 546990718
1 476518635 477569328 353907007 354899910
2 422472674 55612778
1 717164802 718504899 376746004 378645042
2 846965508 230805413
1 631025819 632767797 114685057 115222905
2 241862391 274971873
1 274876931 276535122 164383236 165457464
2 312611780 462964603
2 550508507 666429311
1 798234194 798350866 188649411 189258701
2 792363263 803570838
1 68115295 68199501 145924155 146622869
2 439870902 374215470
2 174022150 390843343
1 294578295 294855000 877091104 878391133
2 217902556 181858099
2 695658008 59281973
2 656228653 368500923
2 878869290 317056053
1 293452564 293718243 614056658 615829222
2 525498923 890526713
1 602788179 603257392 184961002 186640488
2 96803460 50032382
2 973041283 199564072
2 844394978 795204493
2 253564262 854926967
2 729502025 251988990
1 333992644 335577749 702592897 703069314
2 830238772 62398014
2 461386857 666568930
1 301276392 301425976 25884194 26511778
2 303729829 177546614
2 921145967 822862194
1 574835372 575937410 145243345 145501524
1 152547729 153092400 166256580 166950428
1 283396841 284053483 156301824 156679382
1 75746246 77139697 330372957 331914928
2 789135857 664701330
1 249169812 250735383 459899070 461495792
2 410273463 4183977
1 893265893 894208624 222547332 223915669
2 164148083 643793125
1 533711369 535102795 149133721 149649117
1 476551175 476891306 94722292 95455476
1 651133434 651156438 525511192 526110836
2 490516922 251618590
1 359238926 359528488 267968343 269958676
2 752192145 120969680
1 203233563 204834282 977660351 979294059
2 93660168 578805335
2 507501231 452436859
1 643871785 644236125 546914850 547173162
2 850172454 640073890
2 195359991 221727815
1 56348724 57876500 322740868 322752557
1 483396314 485149711 280740900 280952704
2 623090265 767181507
1 912795617 913767671 488403637 490104447
2 873126998 325423597
2 946347158 259255594
1 697166223 698618883 383365618 384059688
2 195695699 279794932
2 375283689 414376267
2 646613945 296232818
2 970369766 252706853
2 893107586 572240760
2 450433437 932992268
1 149960692 150663530 97403992 99130724
1 687504707 688128590 253012034 253415779
1 240475483 242084100 959070170 960950571
1 288121169 288139151 613350573 614773724
1 171669512 172210943 116786614 117962985
2 537266882 247865646
1 423022528 424776029 992643527 993658985
2 124828226 65650421
1 138161412 139365661 953128636 953597741
2 949770114 108360309
2 207470055 440754435
1 122540722 124062382 465198383 466338010
2 888347813 91795478
1 573498845 574704983 788270701 788556521
1 589769859 590275470 241180834 242713487
1 337013278 337956020 677767793 678136315
2 197647984 568506377
2 638859898 10959458
2 951095401 898175643
1 76686562 76888461 676573386 676801586
2 715283133 208968528
1 146986626 148292570 862899128 863215178
1 864568426 866507463 971186020 971443333
2 643148345 859799517
2 328620633 794636667
1 392102619 392792918 507591891 509107815
2 448867463 495284048
1 980810179 982104759 98399258 99229164
1 275234868 275906783 508866673 509408102
2 937563804 171818573
1 705629681 707426185 995412628 996187109
2 617858080 186053792
1 634228980 634780145 233224650 234517620
2 972093012 705454145
1 572099308 574048284 188212751 189362274
2 142924187 182047602
2 923012079 329334002
2 612711401 562473589
2 199341945 75815152
1 615340327 616410330 227284251 227320685
1 28854919 30739662 794679312 795959707
1 428670457 430357375 539310271 540984273
1 571067069 571419610 613988294 615532813
2 993010105 9171540
1 384659643 385244070 815640442 817282059
2 298696454 835478578
1 229217942 230676309 771336243 772012596
2 721229223 246216781
1 493207570 495139201 734467718 735276123
1 58822106 59523111 396265792 397620473
1 105754003 105858330 342297827 342808700
2 693033422 971846714
1 17714038 19389414 712760823 712874420
1 400006763 400505493 865075565 866744110
2 502482501 27050115
2 842082462 449165221
1 315049637 316880661 397426209 397721032
2 673360485 237302989
2 41401598 750561586
2 96498891 404483438
1 766534740 767690882 929796087 931158946
1 737641456 738029123 605329363 606733282
1 34555773 36230784 394252726 395925519
2 933559021 956661960
2 986346322 534186352
2 640859423 57981156
2 498277090 569151005
2 850360413 895183902
1 465644740 467435929 600969000 601530413
1 848073108 849628103 93979236 94558384
2 442437310 989105691
2 324425690 514993362
2 673124930 933185749
1 713826295 714003688 80346978 80606952
1 147658947 147737515 907839086 909093080
2 716364182 6877882
2 486883852 234285403
2 631385292 439635215
2 282602283 904018854
2 970157273 611098582
1 776562843 777951153 446400512 447815329
1 697530317 698025804 924003546 925470011
2 136688345 63971603
1 212347004 213114390 597010019 597515463
1 477184091 477966296 383173303 384915569
1 539776853 541270023 158661286 158991322
1 143649756 144944395 133990512 134747270
2 739147188 227572718
1 859024918 860996399 973582851 974733240
1 160830181 161192018 417513150 418725606
2 957433964 253323451
1 486797212 486837335 202940121 203219046
2 779952000 892242985
1 157738945 157785486 181002157 181022686
2 575349143 794396384
2 276544629 211410666
1 584916254 586493207 216642111 218236240
1 632523240 633202823 826330499 828136414
1 141762106 143077535 141066015 141724452
2 450650002 672753351
2 860865958 906242706
1 530420705 531047218 561649850 562881487
2 376983387 729820694
1 912974172 914053517 363205209 363334713
1 624677216 625806460 890382691 890749196
1 800458187 801396281 776175200 777892223
1 761894452 761949573 295779492 297134912
2 351553511 188756070
2 349075924 426057591
2 35541094 73112857
2 661483259 636539043
2 883280486 386025989
1 487885215 489809773 572166328 573527356
1 49762916 50070279 533245015 533687406
1 537842422 539082689 485866125 487106484
2 118774589 170214863
1 421950523 422368559 582556319 583653925
2 317010179 748188027
1 422511257 422991402 613615120 614700717
2 49751993 104779830
2 219455797 761044905
2 193882389 617672072
2 470632695 98899658
2 925947590 839489540
1 267751578 268708656 811050359 811275293
2 322892830 293659968
1 936727278 937781768 526819877 528190696
1 885080304 885379340 651759763 653639847
1 682259032 682981118 826143636 827692989
2 408585112 326031699
1 180666391 181084917 427993506 428238303
2 629158305 369561639
1 284028368 284435491 266252345 266654161
1 188724292 189172177 384430164 385286111
2 478197630 716126603
2 54597169 623773780
1 571605931 573514564 806500660 807545477
1 25479257 26567809 763405433 763436108
1 862178617 862509706 736560226 737719103
1 923178661 924814262 28663673 29288079
1 400864229 402385729 628810360 630019500
1 25879578 26590694 388690393 388767220
2 205040835 852823297
2 752691468 980416746
2 795135188 516355452
1 771369308 772785841 251436917 253282102
2 933889101 189666701
2 877300341 256485450
1 293108157 294288085 601149280 603130469
2 532349200 3734983
1 47842316 49523348 52376121 53680015
1 950845842 951740314 586254294 586579371
2 534699337 570847799
2 59197348 842564908
2 389805569 563678051
1 593581748 593631722 579380098 580114867
2 708822402 398179860
1 447966008 448446460 121088558 121167340
1 544289405 544378180 230275179 232091695
2 638070537 182000530
2 611348242 831873141
2 650818556 302236897
1 490835942 491806174 821609448 822660078
1 27801522 29170524 870445784 871699347
2 586224050 355968556
1 111238263 112134720 664875974 666613401
1 62018324 62547356 620429297 621377659
1 84466635 85813897 137596030 138938712
2 946028506 715381861
2 30211974 322144698
1 981590964 982399289 248977562 249703452
1 768528816 768593548 433509423 433598004
1 422694789 423019804 846345658 847619163
2 73443570 196764259
1 552523847 553834752 782487699 782514676
2 680657356 120096139
1 971631055 972241523 40956244 41025303
1 757634254 758776791 204441583 204678715
2 52288187 647872975
2 811307036 813552389
1 480543494 480703316 930107595 930650564
2 139162447 283819525
2 786896274 152963083
2 985865178 292115950
2 303997928 180312263
2 825337796 521272375
1 75027931 76194035 439916978 440870894
1 362859680 363075200 734440831 735279185
1 813191307 813950356 73533371 75246948
1 227396097 229224389 169141014 170992520
1 50906037 51597992 100224599 100540603
2 319187798 982284328
1 286802696 287593813 382909999 384895798
1 987604550 989380398 281980177 283009755
2 701021450 496375565
1 416016923 418001401 579741183 580943864
2 328108772 59931768
1 851424328 853186724 543128453 543412805
1 891433818 892383512 220286816 221871353
1 204310027 205600077 759984245 761483280
1 284042960 284234057 349374148 350283257
2 643217513 918239787
2 205358442 785287747
2 341818633 608806466
1 906547898 907032060 368877479 369561651
2 505470410 428553786
2 329030587 83169341
1 542741098 543793083 186576916 186832037
2 466323861 309935411
2 30682070 697881055
1 109715667 110653134 45788011 47535658
1 484038090 484400439 155248416 155925127
1 794818640 795596124 856564171 857922577
1 871640842 872095909 595154332 596909719
1 842442979 844216109 343023881 343068863
2 806913881 753199115
2 769996459 975724587
2 135357757 372471724
1 761611394 761860531 137909471 139457511
1 1343786 2658327 971697920 973078987
1 918641887 919931442 983716336 984684938
1 140700845 141857094 426238689 428156407
2 629223939 436981041
2 935045248 716501531
1 99846264 101569282 9224894 9954962
2 934203389 465873906
1 679820762 680154087 763765951 764939853
1 413926779 415705266 739771916 741388643
2 934212801 12261910
2 81762667 478549791
1 245304685 245405580 248088310 249035106
2 837917120 920220903
1 210746501 211759469 866264854 866271035
2 742436132 146176029
2 738668246 786872846
1 464099473 465133826 141521000 142639135
2 199705266 977883697
2 336181028 494097457
1 11450256 12748419 64032810 64320925
2 274985158 957195847
1 261675192 263383343 284624615 286560465
1 626755605 628712463 736144101 736362432
2 591258437 910087035
1 662545702 663007973 538405526 539782110
2 669353904 220382245
2 487873521 801196565
1 90202610 91454443 587403541 589128159
2 20011767 310777083
2 423513279 452941542
2 359498172 558775609
2 813750054 956107309
2 71536217 843363244
1 149295223 149346675 850309878 851848165
2 226884885 44715129
1 640193744 641491549 776752059 777333702
1 906713959 908625859 635199656 635592199
1 44990037 46525097 948822758 950610609
2 540363683 709551902
2 222692218 512758711
1 543089848 544269732 825027253 826135059
2 326235883 769484154
2 723461783 968597102
1 788665031 790092451 136355560 137555070
2 361741539 248982509
1 339675447 340760770 921017381 921794146
2 752394126 163718285
1 198215389 199782613 298336331 299638438
2 128681015 870755596
1 82151954 83698939 274433575 275135132
2 676283948 281463976
1 714443616 715873708 427072438 427846287
2 681030732 324604255
1 343204174 343581611 83689588 84572244
1 580917878 582833262 939194423 939678432
1 493146513 494131080 360651004 361581841
2 516391546 881690709
1 69753724 71113243 685679391 686846810
1 355606179 357027030 569717540 571484228
1 138152206 138565155 210730912 212686461
2 472293743 666213952
1 283232557 283775997 884245484 884684426
2 744654251 227702898
1 111283545 112000740 413991084 415072678
2 265939496 70083329
1 949432590 950889333 123615467 124496846
2 591766248 205250100
1 545857677 546073341 196378473 196664716
2 218239768 651513929
1 186922719 188757515 349975744 351219959
1 67523569 67932903 269323923 269977819
1 215180821 215240883 897621733 899272515
2 69270016 873164992
1 191920213 193780568 924709370 926359649
2 411759926 140811727
2 568691437 35110967
2 870957150 52162178
1 598967191 600090250 200885722 202743251
1 260155407 261502176 689777832 690392985
2 438595597 912932013
1 494084444 494638721 325455458 326109520
1 774584256 775718966 273778453 274305127
2 456407000 359048347
2 38191816 102823066
2 39911336 330758067
2 878427926 198010116
2 379642262 270006297
2 35693806 473104342
1 219527383 220825434 51960988 53127954
2 906557561 86636338
2 743799823 257011619
2 147537829 848469905
2 657969330 649942227
2 176437899 128364661
1 224404212 225587759 643447528 645422846
1 163107156 163207415 506567628 508500349
2 803213333 708539826
1 200101497 200791439 279652836 280752959
1 62366563 64105012 722909437 724800450
2 995192820 835686422
2 854339118 18557186
1 171000640 172544153 92665355 94478121
2 837583663 898702252
2 180008307 175517198
2 788613911 171204347
1 783844490 785775570 627871977 629066813
2 728039013 82001060
2 135938046 849728828
1 852982361 853454837 835937543 836555542
2 26027668 472865482
2 345383663 189823858
2 375320497 966655171
1 946718047 947213136 491413299 492975588
1 237867430 238959803 44181171 44545654
1 839069204 840248202 393248477 394514381
1 475251207 476349588 140462850 140929398
1 198281837 198362892 79694670 81514397
1 845203525 845956322 189529781 190742887
1 576275811 576536583 872271559 873137459
1 852786642 854362602 417402430 417813886
2 123788848 699727069
1 985790448 987696988 666367501 668305802
1 848286121 849240634 989186379 990034771
1 384048524 386047201 75406718 76970624
2 85924472 152544690
1 513585871 514990447 653160645 654888514
2 634448105 22240615
2 816256826 538885114
2 267144987 556589504
2 87914525 81783224
2 541647994 927650573
2 974702083 275194843
2 636435059 721469403
1 793514719 793518618 357859351 358573045
2 59399952 939550302
2 710988957 660333153
2 928771215 700861408
1 97616762 99298315 719828825 720474440
2 805126565 665555452
1 10713000 11104584 256606621 257000778
2 34043537 285963447
1 374406599 376346951 579536846 579804500
2 507259988 499334873
2 399587320 80677154
1 205453613 207399240 768099528 769735472
1 959407671 959929307 40300764 40928602
2 296437129 827312330
1 633172015 633223797 187159171 189129813
2 309648326 829562022
2 801735937 356572177
2 815361580 244448047
2 52419902 844095928
2 326656998 471067572
1 787290279 787606841 862399662 863698300
1 825531766 826936060 852827153 853439721
1 930434331 930884507 267732429 268355781
2 159997766 394377536
2 951895830 672894638
2 22375615 90679582
1 117480136 117701302 331397743 333103151
1 408347876 409479721 707949951 709494271
2 920325808 142670508
2 739468913 813578850
2 155218128 997070224
2 472506513 586188338
2 497137927 838266118
2 35330852 546210527
2 114849143 759380790
2 338493677 158179767
1 508392318 509791753 774601587 774678416
1 600646451 602553490 452481068 452622371
1 797169186 798441212 51614680 52992644
2 412647769 766370261
1 906281928 907471113 277039025 278735612
1 33492576 35203265 436884611 438808251
1 488377549 490193276 810066993 811542549
2 97434444 203771575
1 484177365 485546856 681256139 682334436
1 589502940 591026357 975711642 977413165
2 391283321 620318755
2 253220914 79937567
2 485196672 340171587
2 135553710 754795574
2 589086209 454840355
1 880345818 881619227 294782022 294954225
2 565422006 595911109
2 479497600 602845366
1 110485635 111906579 266090263 267613901
1 216433578 217689965 411900010 413167646
1 109441913 111075833 225400383 227182950
2 293673739 44381024
1 475510560 476949667 929254099 929716283
2 27078537 203328144
1 651075844 652371656 736322516 736499054
1 112462739 114338323 947654807 948463145
1 518369913 519793101 629242730 629973959
2 917097845 353690650
1 318391192 319816256 689898160 691772308
1 101989780 103820019 297490630 299384260
2 543133225 324137323
2 687386703 272607722
1 970304764 971040403 990922814 990988191
2 154882425 921789487
2 870482727 475311754
1 199792864 200017266 309249993 310844148
1 248873819 249931477 425538288 425643363
1 53535769 53862973 657162753 658014360
2 613258233 286710
1 632283796 634055116 960658154 962075747
1 54622716 54769633 517987707 519269511
1 700271527 700736755 776795114 777308867
1 993008292 993723745 41746160 43714392
2 362100145 342392189
1 560865773 560960288 450048393 451174537
2 235906194 199689159
1 834542244 835893430 276696174 278218199
2 292747393 732128787
2 263312577 645573286
2 848778912 30235803
2 783040740 290576360
1 378921360 379441932 99068175 100401646
2 55792432 556667220
2 189231054 337417947
1 527199641 528627474 456429711 457285319
1 649019783 649107301 531037941 532904424
2 806813575 614327
2 60854923 310739353
1 703287518 703589713 379873731 380886196
1 322952948 323457065 895354959 896293531
2 408460172 231384865
1 298501454 299054933 206376232 208033666
1 551893528 552403822 898271106 899806896
2 57679700 555576423
2 926197952 111318214
1 155055040 156526615 626362505 627683078
2 892359895 714707595
1 161222895 161512036 628348539 628736219
1 619033302 619303240 75757017 76917708
2 638395136 880081315
1 148623769 149209922 15927009 17228430
1 557249139 558379073 61688269 62866999
2 625520387 433097926
1 64467192 66166995 505702635 507217119
2 16267837 420424200
1 536319844 537146906 413948793 414710950
1 799516226 800838479 757276361 757416496
1 250772593 252452059 820997916 822895683
1 239798146 241362924 418217948 418764713
1 976469210 978060908 137030388 137697853
1 960236212 962195771 246561653 247295539
2 214642774 182981725
1 178627295 179326456 646634505 647281617
1 416714603 416769492 850113577 852026837
2 665362107 437974255
2 561746962 860537896
2 268139152 497155458
2 92025235 228352932
1 940474746 941078252 502826030 503320392
1 186072495 186843233 26612834 26695481
1 20946550 22047210 688576941 689658382
1 743173876 743447303 605235203 606605734
1 885376988 885604609 411201328 412927749
2 13461714 264440684
2 54529806 548205789
1 120819037 122460003 68234464 69377774
2 847529068 250318908
2 575413944 725589298
2 386230733 150788932
2 619897771 281961330
2 478152190 444924608
2 38015783 313193652
1 80351845 81691663 810827766 812805995
1 980430075 981592021 85739182 85975042
1 781568796 781677782 123182390 125087269
1 264763186 265136204 504640315 506610849
2 771147848 938829439
2 472867319 489200962
2 267045748 389154480
2 3033849 515993268
2 805335352 112324592
1 593422963 594868443 885620749 887231386
2 948420529 121319773
2 467425688 350019443
2 317768955 499443818
1 280567371 281718459 915469869 915991692
2 171964005 235538549
2 437422041 203401062
2 231396174 444574495
1 105416582 106580180 224024833 225539162
1 250620973 252134767 846351171 847957991
1 271578184 272114746 99076102 99790232
1 182473047 183019912 38297156 39080953
1 980179138 980792516 247903923 249440612
2 512027994 404833186
2 471358100 78019020
2 318674497 614645616
1 669379573 670165239 1157328 2800132
1 648564746 648595290 18973496 20630075
2 263812079 959277451
1 50742162 52444519 166633326 167871583
2 645270281 500172208
1 11956487 13022400 74117937 75783368
1 396993383 397590274 810554523 811224250
2 142218104 697035219
1 706336013 706451246 155589599 157512740
1 290674990 292645939 791501334 793040216
2 714126538 677466808
2 922071783 225754799
2 478572246 576771252
1 57458724 58154793 430241150 430943825
2 464097488 234574474
2 110618991 517451151
1 171047830 171676845 402139549 403906180
2 731294575 937152121
1 325392866 326025411 415465444 415673516
1 770317168 771649618 866920267 867631745
1 440137222 442027034 214911529 216551576
2 529263992 444900691
2 458136958 454048098
1 907689206 907920426 571287659 572159054
2 772219119 750724645
1 879803784 880462520 712381986 712568297
1 178317422 179736606 663709491 664486241
2 198601701 443067364
2 217028815 587470700
1 52925505 53804694 296898742 298772265
1 579310824 581184605 357300510 359205447
1 48895825 50575224 188821067 190224437
1 118278405 119743879 618397650 619166314
1 148687485 149874753 727393106 728342062
1 46563864 46733198 4192083 4636373
2 814918540 882238579
1 892932758 894161694 492752474 493317789
1 138844256 139771280 283551901 284903216
2 488511990 302871966
1 448777697 450289771 108293806 108506639
2 227937725 246756787
1 254749696 255185673 298560537 298697588
1 132151885 133509389 709080024 709512907
1 468626707 469638967 260910044 261131781
2 86965766 242876653
2 654882373 321821929
1 114349206 114495092 792883893 794850678
2 834876611 327248102
2 348254109 161354821
1 427376488 428717171 409538611 409832430
1 851264155 852379411 175605168 176529475
1 24171934 24321385 489108599 490208994
1 890925998 892153017 874608367 874640873
2 607216331 114025023
1 851311858 851538712 13325627 14424042
2 861412550 310130483
2 101112946 271094300
1 818147222 819785286 950865042 952538969
1 760505499 760918858 874236178 875969015
1 649126641 650553322 550518986 552169004
2 679144511 391373242
2 499920492 317873270
1 800495779 800561261 482142263 483632755
1 357873218 359820404 323202714 324124400
2 440307604 595455450
1 442557436 442696105 512856198 513105412
2 791246558 677798145
2 612583805 489499887
2 291444051 716362875
2 434330041 515508899
1 632785934 633377105 912500406 913364927
1 421297094 422748583 241431043 242628690
1 438690348 440207537 41165632 42644939
1 90958176 91303067 971318118 972945940
2 234789597 373001362
2 478978501 399364542
2 450700244 81557876
2 9140312 201393681
2 281663917 387901879
1 934963376 935004195 132313187 134173710
2 545770278 120082132
2 536740118 769678998
1 332853298 334331269 896039308 896407067
1 240563471 240578116 662319681 664166605
2 721479214 841218696
2 971619671 469811336
1 625842710 626220241 721960666 723760588
2 163721397 824323401
2 340297462 987600924
1 91136562 92395130 18973092 19577619
2 600549582 629297579
1 137820684 139528434 369676018 371619280
2 801695356 18298756
2 41212185 529066539
2 283699152 751813369
2 705619088 165045023
2 914767768 210847200
2 235374032 590194091
1 156573133 158137387 419088781 420276712
1 289285837 290135425 485435620 486046710
1 407122541 408044520 779988559 781110865
1 859393792 861359880 756279884 757015490
1 834348368 835957743 905908794 906158648
1 318025148 319429371 726593470 727995497
2 380926300 692484045
2 592394219 13876306
2 490435065 139810400
1 144594033 146524032 200349417 200615141
2 707566972 299387732
1 210360576 211958801 112741320 113160542
2 156104839 366195593
1 188786152 189872797 150067698 150253511
1 201185363 203154612 542088382 543542386
1 254156953 255495534 953940829 955898726
1 63654185 64989961 583123137 583453625
1 135798217 136493673 707374608 708526349
2 629489547 955103081
1 145369115 145460807 147428978 149087297
1 105677350 105840736 808549185 808763477
1 252282804 252532746 522002406 522022959
1 833141521 834102397 1244984 2169350
1 475227400 475528042 516771903 517525780
2 966089281 92181312
2 213476370 292052716
2 11349643 603317148
2 203624198 987828596
1 303804927 304283150 988768633 990000388
2 989651606 219426342
1 260644783 260995177 967538258 968508801
1 394771061 394874200 795531051 797163114
1 92978742 93510107 606615133 607817276
1 139452044 139868830 28345852 28970020
1 438819028 439853709 397126765 398562879
2 853144328 514273754
2 599160709 281528528
2 707248341 948733725
1 74369409 74730696 135089692 136496279
1 47156090 47402375 652373066 653340435
2 63473935 989016703
1 641266115 641805474 602192504 602224219
2 849114259 13983906
2 393935252 350367994
1 997879764 999655029 617643190 619103503
1 256004045 257569064 35304358 35820712
2 884417424 967600147
1 590562235 591789854 566398954 568369066
1 536864402 537914347 625292623 625293785
1 76370705 76416571 175964482 177078679
2 543574507 719359493
2 238418811 657442078
1 314814039 316483688 590811849 591481990
2 332940929 114215582
2 75447404 109315810
2 483637974 469676483
1 278958402 279301363 347999177 349656343
2 556526421 447468137
2 330784620 209918087
1 245471844 246664066 977160501 977758392
2 126550490 690208704
2 396775161 286683613
1 877997370 879798871 340855470 341604848
2 340412694 87187574
2 162584013 921398990
1 348654099 349156659 993816836 995563264
1 554752781 556370040 782377131 782770370
2 21096138 755397488
1 376977081 377609171 922518149 923534580
2 231340980 99243743
2 475518413 525007792
2 434174825 888296713
2 1926832 462444289
1 948799152 949990297 422892316 424805617
2 384019476 470444518
1 749673815 751336126 492643969 492835898
1 513365233 513441893 407365120 408762107
1 4433036 5948404 796020063 796396698
1 651067526 652285359 333288404 334036060
1 952667475 953513614 736527491 737183489
1 281867845 283249931 95494142 97129360
2 707976896 756468122
1 922155067 923261234 949168909 950131567
2 890286746 533010025
2 800278912 791314412
1 635386890 635988838 452954848 453853311
1 271977284 272813805 614176793 616011020
2 900128480 885562883
1 563174770 564002551 212726836 212879480
2 508035460 451432488
2 619315543 179069212
2 412850122 61157985
2 547569232 659015505
2 807722498 151787980
1 682003256 682504084 294096762 294676964
1 107628771 108178430 713720175 714586187
1 9578128 10779911 330192381 331947694
2 95162200 661014787
2 164162266 778707540
2 122813903 249174988
2 864695382 495259917
2 79060629 12996572
1 389309778 390867566 913632442 914861323
2 748195623 383230437
1 7441034 9139604 879864016 879865123
1 744505554 744720812 421323250 422542942
2 176662318 716984327
1 173331343 173988255 478406295 479048338
2 591776727 375776508
2 265129438 811783702
2 833900477 263808096
1 80540246 81802646 76981453 77169642
1 871212978 872606328 906900254 907638253
1 417521109 419474801 621091882 621620182
1 367309898 367446849 483835911 484810835
2 603914433 321015708
1 813744416 813747630 482740976 484327295
2 459244946 253593719
2 73945690 433531163
1 471928787 473869822 490780580 491200783
1 196960109 198109423 512905833 514486330
1 772558771 773097501 283838726 284365140
1 808971045 809404919 932990628 934858910
2 142752885 322600374
1 582013384 582629491 501598148 503008330
2 130114594 552166826
1 222175733 224167962 971497379 972997798
2 187722897 860928548
1 693691181 695407307 815767045 817558339
2 76577981 743246697
2 197994392 934923318
1 986531982 987966762 389109354 390748593
2 714185714 151944966
2 765963278 178755908
1 715946423 716176760 827321403 828931168
2 71012598 603339207
1 511565549 512143042 323167013 324955488
1 239691984 240590233 310492054 311912005
1 765467258 767313257 69033344 70000307
1 9749701 10285387 533591209 534908686
2 239529000 367896134
1 106222232 108123285 25541813 26195027
2 906661127 977633289
1 629523318 631376822 418063490 418211753
1 175492919 176119936 793139084 795130844
2 726942160 527824041
1 564099533 564400387 996621441 998469573
2 91244426 32210203
1 191763936 192206321 308297122 309727937
1 118525850 120246536 527778142 528417373
2 98622272 970728967
1 535479458 536369060 304830179 305756552
2 457404251 951794531
2 151723766 406307931
1 819761174 820481552 432385573 433178952
1 423120718 425107789 638897226 640826780
2 969739768 220691010
1 126044269 127279322 216012845 217544693
1 433141349 433192879 993957472 995035525
1 153705464 154798340 367332318 369178408
2 81305719 726411041
2 810214645 64716710
1 87693598 88206947 262580692 263651131
1 101481212 102774213 911625680 912436111
1 882315787 883304574 788919402 789416364
2 812292363 928664117
2 333676952 544272220
1 334758381 335137240 536017936 537827398
2 648352284 914198894
2 286276183 73171145
1 47610718 48728379 197243890 197437348
2 679316256 899632308
2 861551275 321527314
2 451839660 438222042
2 932268530 452240722
1 392400382 393693016 255197640 256752685
1 522794925 523148870 830752327 830828408
2 301968614 552080919
2 43381659 142948230
2 957246359 371823470
2 737354789 297822820
2 925415276 470315392
1 441651377 443348544 134229703 136076118
2 217383222 141547176
1 897673932 898100931 496378790 498080755
1 401929809 403263776 456688475 457498085
2 530675739 905842571
2 388217978 679586703
2 927991706 152870082
1 877451715 878000685 181394848 181978826
2 411450620 15331166
1 169402223 169917099 331566422 332477892
1 751083453 752723814 986033111 987639358
1 26635045 27496760 962480531 963010372
1 285255756 285450272 837974518 839137606
1 173509873 174434837 111407117 112728664
2 316284967 725347024
1 411203047 412649535 631402077 632997577
1 623018961 623585959 106823855 107283759
2 105212893 50874943
1 533256603 533747253 464377900 465976430
2 206208499 371083798
2 692440617 158709377
1 549443127 549622218 246005597 246688338
2 12398198 281873080
2 127370879 566045271
2 780439592 367311432
1 984200579 984264540 989498458 991076392
2 724123370 853358049
2 804156852 413833798
1 711746624 713408867 178090458 178468323
2 579521214 327704139
1 9600559 10117976 876563510 876976930
1 291695045 292551221 808492421 810368644
1 260410280 262158270 557420520 557993690
2 339124860 759667091
2 268986262 557834083
1 515881689 516012549 664327649 665520554
2 770355523 369719632
1 174080187 175901162 656322484 657979747
1 15533714 15560465 926016685 927185144
1 731871866 731979449 699509899 700340833
2 183253608 670743433
1 219448516 220662289 256578322 258414648
1 946016697 947089315 531550547 532490921
2 199050929 6769057
1 42961956 44664868 857204006 858901793
2 725381468 253896764
1 741269858 741880634 16476018 16959420
1 158007925 159311691 219192575 219670292
1 541649231 542188328 825019215 826336128
2 578147720 651650006
2 326571563 491258586
1 496477885 496782192 227609118 229236844
2 899479099 247574942
1 40740936 41694894 627816021 628084173
2 657888088 488070230
2 278967035 812208357
2 799964791 25906096
1 238041948 238086509 116136046 116177509
1 63498510 65129311 38050051 39866235
1 244582358 245328766 241191722 242748619
1 577330710 578963590 161446534 162018310
2 95265579 779336565
1 385529614 386791728 992535557 994342877
2 295191411 126484429
2 8708843 636969866
2 574877865 513457851
2 245977966 648853532
2 835873415 462429910
2 447766318 979470446
2 760556370 543425586
2 535447650 548982048
2 134223501 280975938
1 850472467 851639907 388665667 389629816
2 913845027 474707235
2 605022722 506139183
1 45649233 46125850 141747668 143710374
1 196879731 197539269 620090250 621907724
2 419913907 918487354
2 414309644 715979507
1 414558694 415481526 149555250 151399575
2 436376768 293801895
1 144162734 145672941 190676501 191649910
1 536564547 537328462 190062042 190756839
2 588570145 248219460
1 207116695 207217689 770938839 772053897
2 82016723 352817607
1 830924635 831038398 910958593 911225960
1 953339402 954098375 645855234 647207895
2 703790572 555050058
2 215644218 307096877
2 97504822 210481090
1 51248529 53198704 593508498 594908105
2 671750830 27240339
1 942102074 943777321 579106690 580309103
2 16672140 385347784
2 774637275 522132771
2 449899430 110317817
1 341988793 342524840 493051953 494732199
2 741699173 76641583
1 71476672 71730218 536115069 536271200
2 220180911 453751053
1 669324143 670189939 594108148 594749192
2 728153369 851027349
1 536155528 536406989 172236052 174092050
1 163444634 164991227 936622930 938506109
1 44894606 45973077 148821835 149072203
2 890069490 427631146
1 759779438 759936241 124860637 126476513
1 132919515 133747838 361428450 362289415
1 791864894 793563188 861411053 861580255
2 939921142 630532661
2 439087297 587031563
1 79167578 80338004 847456351 847971846
1 181581796 183287961 789942912 790118584
2 435192574 447202895
1 374934562 376070470 125734302 125837118
2 28980257 822245521
2 627518374 355765712
2 183198722 261436526
1 610650057 611587844 966425096 968085339
2 127460285 748483029
2 712262353 975552566
2 941899421 568427121
2 685225968 265159293
2 658201037 546500956
1 58785282 59659201 697215109 697718040
2 743794576 843011125
1 907829869 908135933 44113504 45402366
2 639396698 473251334
1 765611648 767396829 369795871 370172051
1 858577117 859362433 573117051 573730539
1 168733592 169892686 503758744 505653620
1 448503767 449860234 150781436 151888170
1 139138602 139858288 997412455 997857420
2 613742455 960117811
2 291234008 156990890
2 729226985 301690701
1 295948752 296654370 963483734 964102241
2 697141217 16330626
2 846535016 409260848
1 388186238 389468434 91028118 92656665
1 170326393 170330140 757696881 759549338
1 338829030 340205981 186161364 187602087
1 990436235 991976330 32542384 33130851
1 789093901 790019089 44496983 46328710
1 361763677 363089375 398316337 398703026
2 941340878 386245239
1 767314069 768046912 144919972 145273643
1 141088567 142773325 609133102 610533255
1 61564977 63050407 220694199 222618111
2 140253224 250552001
1 530480724 531281724 834527548 836105932
2 32681836 274722012
2 82804368 19287557
1 867758871 868311636 711409858 711961680
2 156609712 975207425
1 152401322 153430228 506199314 507405361
2 215190875 320527291
2 574769083 471730359
2 613131917 710433653
1 587623329 588298850 956166651 956250183
2 761084271 93690839
2 905848387 498373827
2 288908992 531529517
2 805990695 701440088
2 118819130 104620216
2 465193776 60046208
1 932527883 932783384 855698854 857289224
2 333166876 979050151
2 233322903 485623247
1 864515441 864871185 683811690 684851918
2 924992377 347952543
2 244872048 39470345
1 142751641 143341511 235891525 236503519
1 362795855 364296038 204817280 205501555
1 848377384 850042914 422525357 423913954
2 723621729 528858698
2 96671658 984138753
1 15137360 16540699 266572269 267913723
1 206893718 207367274 264628015 266078120
2 406825282 520362891
2 466070200 989230658
1 769321087 770152652 548281687 550031666
2 544420071 847435970
1 175892020 177100751 120544324 122015409
1 439673795 439680979 683066190 683243276
2 680175180 121926058
2 139184801 413871753
2 208052633 273619090
2 608804068 878530183
2 13005696 62664191
1 954859078 956419082 226100493 227772193
1 387314100 388192996 600454545 602323197
1 952240417 952250601 252558030 253606580
1 386013215 387916236 612856392 613390531
1 357032636 358724801 343486355 344413811
2 55275768 106438724
2 958070854 776466429
2 192317411 253069240
1 42633345 44017005 107910431 108494656
2 158264238 360696413
2 595458105 346393419
2 559667706 210759989
2 862393683 614683164
2 10543052 848252200
2 491844666 303710634
2 190623825 341315820
2 642080372 891790684
1 835899822 836172831 317465569 318861185
1 930387948 930400044 63131294 65000054
1 409182373 410157909 171504817 171915030
2 870872992 235998669
2 768407535 169021346
2 232098997 243867267
2 771601522 354036297
1 976979911 978417178 664329497 665273175
2 184921743 398907586
1 856441819 856512790 467649858 469224008
1 838844894 840185591 681547462 681855859
1 878958596 879440874 113970367 114316498
2 661168086 782330252
2 904331614 462126351
2 627272126 213122557
1 15315689 17307964 111828951 112382078
1 540420067 540791271 979741170 981078346
2 94948501 284643857
1 875201915 875313424 663938189 665310932
1 153076760 154378697 629021704 630875252
2 104577125 285114347
2 653274135 63743495
1 568501962 569663100 565564695 567380137
1 680405818 681657762 565741423 567310283
1 187161465 187482802 740023518 741920472
1 632865016 633953294 349198189 350498729
2 162532850 307558001
2 10150924 515649081
2 4440635 566945160
2 287990545 300275603
2 347035733 207032549
2 673623795 1849745
2 244213219 692236185
1 934846792 935292093 56557103 57939596
2 254542843 356433407
1 181200531 182874004 280409804 280771535
2 971150057 444624774
2 716864515 101465556
2 448783680 313461334
2 317527026 348918095
2 122238064 568195768
2 591230909 300992745
2 279609544 183518878
2 773327995 582928774
1 837184562 837744076 86582097 88248117
2 820488771 229585266
2 553137481 803224928
2 652954116 585332455
1 295049806 295544945 515183161 515690159
2 569876128 907549453
2 884412895 549760572
1 7607751 9585949 760024243 760103217
1 277850101 278382549 910679316 911543114
1 185427255 186905678 985753649 985770043
1 215231056 216056211 333000963 333374177
1 734675213 735897524 814701611 815282275
1 139862632 140217124 67994035 68624444
1 680425628 681114962 891829666 891860025
2 396334100 559888172
2 747996414 917323182
1 865883490 866351088 968703045 968940826
2 934966608 590495384
2 430328029 753251152
1 449743676 450861187 900265442 901478137
2 881304010 121601777
1 602784853 604750876 564613304 565880785
2 372920484 892294532
2 165196191 665101613
2 715325197 427471050
1 688206627 689168387 411614281 413017291
2 205050103 107853348
1 473737680 474991628 171441905 172479217
1 4712444 6178788 696190974 697145945
2 107578339 334668244
2 159119868 799521461
1 162335996 164181835 664057381 665203793
2 3587893 28980843
1 778424738 778438299 299314536 301261921
1 978630069 980294158 93864019 94497210
1 140617752 141929928 299826497 300684332
2 174766144 21303137
1 310165306 310712483 196523372 197063672
2 360870678 965204466
2 251669700 111859420
2 465942855 33250334
2 333282065 789169228
2 913673321 644052476
2 64735068 880017146
2 365915925 247203273
2 138199218 953870334
1 118201841 119154362 363666262 365629923
1 218992976 219292469 329563991 331357270
2 756341795 818725215
2 974265187 304566085
2 64493190 97781634
1 114931246 115624852 660707515 661959737
2 357402038 278689379
2 595293098 789411065
2 321955715 181821613
2 62460987 313387802
2 567523770 196045253
1 367897978 369779492 233609377 234639717
2 410717777 5079775
1 762642251 763909795 15817818 17102055
2 906074275 493694936
2 973969066 847486980
2 189387219 442391366
2 912539046 914117191
1 539866276 540273183 324208720 325972179
1 661541148 662966791 370556850 372304594
1 788570960 790452809 572024328 572743363
1 477260176 479147526 369469218 371388228
1 727113436 727286678 978780390 980267994
1 532117228 533367580 83162748 83200653
2 26965928 445542901
1 346292800 346344232 649370871 649950245
1 119140788 119809907 257389948 257938453
2 580295871 522341699
1 302281784 303270897 724934510 725143002
1 7708167 8871021 72168056 74007175
1 213325094 214496529 714551555 714811618
2 572483879 845376423
2 146409127 529941404
1 527643902 528780563 2271450 3665647
1 836879184 837891318 85344939 86068615
1 929161389 930472152 560259861 561268967
1 177017474 177851581 535434900 536396072
2 533400100 769752930
1 635117267 635190182 983248412 983952183
2 636465560 943158340
1 968967947 969408952 518694793 519527794
2 450051365 888977420
2 408627457 907520503
2 739923808 69527083
1 65011871 65779252 788719703 790149879
2 940584013 882952528
1 396702474 398035964 307312317 307527760
1 887606242 888213131 802876257 804817036
2 470766557 249384264
1 400082528 400869053 461797501 462747470
1 756258838 757997500 336849975 338784529
1 810927322 811307034 823149504 825134781
1 848311348 848351640 716405347 716779326
1 321195806 323179309 273223596 273493735
2 912729490 791533664
1 182827979 184148836 546635680 548233018
2 201137620 465379144
2 940032165 433653208
2 471902051 611261016
1 623781713 625582692 70337980 71232706
2 963030000 25847533
2 765954568 841562606
2 573035449 460918084
2 84901538 190775998
2 163441293 859351920
2 338234364 670053337
1 646623927 648206294 656777372 658724211
1 17043992 17343538 793180543 793304374
2 952448885 279715469
1 414893678 416034936 825769590 827222906
1 550329668 552271601 541990666 542241372
1 852683823 853213487 837923673 838290715
1 760666921 760732174 716601989 718556464
2 1639724 69722798
2 590802284 648848618
1 10923989 12229104 489190962 489738739
2 29686286 445987547
2 275794824 969518723
1 36549643 38133467 720836670 722599354
2 499533917 921868712
2 13047343 864176253
2 226869608 39323638
1 182123493 182588784 19662896 19918328
2 487056843 379025648
1 488821429 489560785 366397068 368305695
1 119570240 121441567 463023203 464830147
2 119287149 779441669
2 234716896 18667305
1 260089346 260617754 476673516 478638221
2 356603359 423648889
1 612669892 612866367 487881555 488113161
1 119219115 119843463 823259814 823311932
2 981675909 326373141
