351 375 5
32 58 62 86 100 
8250 11051 39787 41746 46098 
370 81
50 13
130 46
370 80
350 200
370 37
280 241
230 189
290 117
170 58
20 17
350 101
60 28
170 129
200 110
210 83
310 175
110 87
250 154
50 22
290 27
70 25
80 12
20 13
170 66
130 25
270 145
80 1
40 4
190 121
190 101
250 9
240 198
280 153
160 29
120 62
230 50
140 119
150 38
10 8
350 305
70 37
140 77
60 37
190 121
80 40
350 196
220 29
370 228
340 33
190 21
280 191
290 100
80 13
140 46
340 171
100 42
70 11
130 115
260 74
60 29
280 68
140 39
240 55
130 45
320 215
120 19
360 256
240 208
90 5
350 291
140 18
70 39
150 37
90 35
340 23
140 56
80 11
80 52
10 3
280 227
140 25
350 53
80 41
150 5
190 59
140 97
140 66
100 25
90 37
330 243
100 39
170 10
160 11
250 181
280 215
360 303
160 22
110 49
270 161
200 52
360 222
260 18
360 162
310 197
240 134
180 9
40 32
170 13
330 289
270 79
290 225
20 12
30 9
90 27
40 1
270 51
200 54
30 12
10 4
50 12
140 16
260 88
90 1
120 23
150 35
100 35
360 216
100 71
190 157
140 45
240 82
160 24
190 53
330 79
190 55
90 77
80 15
50 44
270 139
140 121
350 159
290 66
110 96
360 190
260 143
130 106
200 18
290 9
90 21
320 196
300 14
180 15
260 20
40 24
130 22
360 84
150 67
350 221
10 3
200 94
320 220
350 287
180 109
90 73
260 143
370 281
120 67
190 1
160 112
330 205
330 141
80 53
100 43
100 53
270 7
60 23
340 190
290 249
40 29
280 96
350 53
310 171
180 93
80 21
270 67
200 160
210 167
320 92
250 57
220 40
40 6
310 256
200 35
280 8
140 92
100 60
220 19
90 21
10 3
270 69
100 58
340 85
350 100
260 166
340 100
310 122
160 121
180 4
80 4
200 97
180 106
200 118
180 148
70 27
20 15
190 63
130 25
270 203
80 19
160 56
330 151
330 33
30 13
70 1
40 11
310 147
230 85
120 84
310 105
170 115
70 48
210 78
140 54
80 55
90 65
340 187
60 16
170 71
10 7
340 260
220 194
250 215
20 16
340 184
270 149
250 59
150 63
110 79
240 119
130 45
30 5
40 15
300 47
300 131
290 111
190 33
110 81
270 221
360 256
60 47
120 107
60 10
260 77
60 13
270 240
290 27
30 18
100 18
30 16
240 79
330 143
60 24
360 153
150 47
300 172
110 66
200 179
190 75
10 5
300 92
350 13
320 122
370 329
20 7
310 251
70 13
40 14
200 169
260 210
270 205
330 245
110 45
340 1
340 249
200 88
200 131
230 74
300 190
150 101
230 69
370 230
40 8
40 21
370 318
360 321
60 46
100 18
280 21
40 21
160 77
320 64
90 18
150 119
330 271
60 15
210 50
170 119
130 105
10 1
240 77
160 46
210 13
270 1
230 1
350 184
330 143
90 38
340 155
290 65
360 192
130 37
140 27
60 24
330 79
70 62
350 253
190 71
170 139
130 7
280 230
140 111
360 202
340 59
60 32
130 113
310 130
110 1
30 1
320 126
200 161
