7614 7353 8
4 15 39 74 97 98 99 100 
10465 16193 55501 62824 75309 85851 96875 97149 
556 165
3046 2093
1413 436
5586 210
6274 3577
4185 2123
7021 5285
6000 3802
2976 199
1282 276
7053 5967
4036 3120
6166 2252
5949 3285
1015 342
4274 2811
6666 484
7084 3543
927 121
3066 1270
334 221
5342 3012
856 705
4451 2299
2756 1106
7210 1890
700 281
4276 1057
4964 4315
7106 604
6606 2908
3594 1933
3535 2266
6932 4150
7288 4132
7342 1410
5618 3131
6065 4079
457 117
8 5
5738 2739
6252 2234
3846 2269
349 33
3454 2881
3173 820
5101 1516
6133 5058
3618 2425
348 147
3535 2519
2616 433
7081 2161
5346 4729
1968 1629
6636 5935
336 65
2514 1402
5348 4033
6087 1705
2404 1219
430 27
976 757
6739 1515
6012 3636
2116 975
1393 512
3762 910
6366 336
6500 4337
1399 1061
5321 2395
316 241
1922 1236
2691 1022
2506 589
7153 1387
5526 85
1894 180
11 8
4504 1585
1244 976
7022 6088
7058 5413
1085 759
6338 1169
5630 2623
2922 695
5933 664
2746 1766
1875 245
1523 177
3348 898
1139 1013
3539 1353
3796 2041
4002 1281
2124 1834
810 329
1234 411
6294 2495
3546 1381
1772 689
6968 1678
1121 545
1157 538
4432 3737
4232 1769
6316 5291
1286 1104
3912 305
5266 1392
4017 3415
1742 307
310 157
4497 2665
7079 2640
4143 2363
4700 3276
11 6
5716 4487
414 313
5702 2773
2120 1331
3413 930
2680 40
260 55
5466 4737
6637 5028
2768 2170
2656 2013
4084 1741
876 557
1663 1487
7064 4600
4314 2959
6682 4190
6106 4179
2963 1293
4686 3793
7012 557
2346 874
6686 5583
3911 3197
6087 3122
3104 712
5194 3311
3103 2789
4291 2251
7183 2203
4762 3949
4000 959
4218 841
6342 4917
7180 4996
7131 2359
7032 5341
2054 1041
1362 1151
14 1
3528 1214
3490 705
5307 1906
1106 459
4352 433
5204 1723
2195 1383
6072 4813
1736 1197
1886 930
3882 117
5021 2962
4854 3607
872 573
5466 333
1254 497
3404 1407
1557 1372
1027 320
1560 1019
52 16
6095 1026
6774 5452
3820 845
5156 233
3238 1954
5990 556
690 358
6116 4611
5760 3710
2937 2385
4806 3475
7295 1224
6076 4040
1867 673
3364 1888
5284 1268
670 295
5076 3169
17 4
4722 554
2178 1841
5596 4052
5661 1990
2702 1035
5670 4800
1420 995
1826 371
920 634
3542 1829
4818 3511
2794 2465
3926 1346
556 251
1802 255
1925 253
3240 1080
2984 1760
2260 1820
1648 1382
3290 2277
4069 1623
5849 3376
5694 610
898 327
6271 2476
3770 3137
5451 4158
7030 1357
3682 2985
7087 2017
7318 4362
224 23
2140 284
6020 3002
38 11
7198 1020
3920 2471
3800 1454
9 4
1088 354
7043 1583
2836 9
36 15
1162 822
3440 1803
866 53
4780 1423
4646 331
2250 155
6539 4406
242 9
786 195
5820 1850
2728 598
5787 351
6360 2386
5812 2211
3800 1316
3972 771
6290 1125
7011 2152
2127 362
2316 1221
3732 1785
4268 3502
4427 3091
138 87
6546 3892
6995 3856
5912 550
6732 667
6887 1913
5312 2947
4886 1925
2235 2005
254 79
6798 5847
5172 1977
7 4
1050 373
4188 754
6668 2592
2224 784
1404 269
3353 1390
4620 2477
2632 241
930 573
3632 765
2790 2145
7289 3953
1331 1026
5719 3117
5620 1782
5193 4111
7228 4444
231 26
3371 793
6324 3404
4640 3301
332 189
4093 3131
534 261
4827 3241
822 476
4792 29
372 191
1090 183
7104 5402
5940 2882
2004 1109
7168 2921
1654 1341
4334 1379
6531 852
588 178
7062 3645
5492 4183
9 5
946 211
6518 1391
6783 4747
1218 762
1617 506
1772 737
3606 3120
5742 5084
5336 1709
6603 3142
5435 4256
6180 3807
4385 967
3344 2073
2372 1629
6463 561
5014 2911
4878 3313
4794 537
368 90
3350 2575
4318 2671
1748 1301
5598 439
3136 2733
4047 2289
5769 2121
3900 305
6204 1012
6530 2605
5748 2638
6171 928
6578 2144
2603 65
926 681
6688 1197
1098 651
7256 2753
6924 3624
11 1
4562 2934
3468 2781
7292 255
138 9
3026 764
2776 2179
6350 4525
626 563
6700 3635
4205 1981
7054 553
2934 1670
1700 1096
1605 279
3802 1767
4914 1531
5582 1344
837 631
852 343
2412 661
3296 2877
1860 355
7276 4955
4626 532
388 36
2728 726
2251 1828
1496 619
6682 2802
6717 4955
256 143
4976 4327
2978 681
6234 3418
2692 1163
6258 2795
7001 5173
6114 4967
6692 487
7 5
793 419
1538 1140
2768 167
4706 2171
1546 1327
3173 507
6880 1047
2604 925
4215 832
1282 359
7040 176
4784 2146
2828 1467
2406 1871
4782 2601
4392 1759
3281 1225
1844 796
2328 1651
836 226
245 151
880 141
4330 3875
2910 2297
3093 2233
5385 3981
5238 1914
3933 3154
5036 121
5038 2617
4606 3455
6554 2858
1006 715
1160 654
4770 3231
5832 1603
2442 820
1538 23
2525 640
19 4
2467 340
4834 1786
6200 4418
3786 3099
5088 4264
3496 475
3031 487
4548 3595
4935 1072
832 149
5524 4738
3754 3151
4547 2749
3594 2835
5077 1784
6381 5205
458 365
1942 296
4374 3473
6301 4341
2474 907
1426 141
1794 549
5583 1032
5679 1695
6446 4834
6834 2099
7308 1378
1798 141
6461 49
4957 1657
3037 1533
7055 3828
1820 954
104 40
7094 2857
2053 1220
4622 258
5266 3521
16 14
5484 894
7057 2891
5406 2447
4612 1920
3066 331
1478 721
3597 1192
6666 4082
572 312
2393 1465
1038 11
5908 5235
5368 2863
6006 506
2832 935
6696 1103
1230 533
5979 996
1594 1267
2264 45
1516 1237
6620 5342
3129 1601
5910 5097
6368 1677
3666 3292
1476 1281
262 83
610 131
4921 1476
6998 4809
652 127
3025 333
6439 2775
3682 1230
3952 649
5066 2852
567 481
362 163
11 2
368 8
2066 1236
1260 170
6881 649
1092 99
7040 2878
3324 1798
4340 335
5955 2669
5126 3339
2134 133
1690 305
257 127
4959 4030
6186 4444
6750 4240
3370 1090
7115 182
5778 4351
3880 2876
1150 467
1316 212
4772 4154
6098 4425
667 451
6942 2130
4609 457
3004 1110
6878 3941
734 546
4308 881
3137 2398
6970 3261
6124 2695
6222 3498
6250 634
6876 333
6860 2325
5346 3378
16 11
5826 298
3750 3250
5104 4444
3736 2775
2722 470
5745 1192
5666 3130
1002 786
398 157
1782 709
4112 701
148 90
4180 2034
4258 2737
7111 5803
3138 1897
3956 2905
3948 1533
948 119
6632 1
7102 1885
3390 1501
3442 1804
1264 1009
4200 1632
3630 1142
4080 1130
5089 897
7088 3121
5283 2026
1561 628
5126 917
5955 1839
267 231
5014 2265
4999 3482
7161 1079
4086 524
6727 3811
14 3
2976 1892
6102 4137
2980 264
1838 1199
6473 3411
6660 1643
3128 386
5314 779
5598 2472
6318 1687
3078 1142
5664 4030
6936 5597
1613 552
3652 1376
2118 983
2164 1795
1610 1
6417 1870
147 95
6878 2293
7082 78
1488 820
1650 613
2753 104
6862 301
3596 2866
1174 145
1495 1205
532 126
3516 2021
2948 2281
5174 2147
932 453
1920 882
4905 773
4536 1200
4155 3303
7184 5935
9 4
6810 3700
7348 919
6436 585
3268 865
364 85
6896 2585
6872 3897
1116 53
489 401
554 421
4725 1509
4520 1184
7237 2445
3028 2561
962 463
2218 724
2278 1838
526 417
1346 495
7145 4381
976 43
244 82
1680 1164
2076 897
4034 2789
4380 2072
5804 1341
5690 486
7200 2937
6808 4982
1456 857
6926 5389
3004 573
2205 1980
4106 792
3150 2795
4504 3632
5903 4333
730 417
7 1
1110 287
2704 2049
3220 887
4285 961
3798 1596
5688 2392
1268 769
1760 1452
46 38
407 349
704 250
327 33
3336 2109
3026 2522
454 364
3720 2818
7111 735
1736 877
7115 4480
6984 3436
6386 702
2210 1031
3810 1849
6347 5389
2340 721
2082 1569
4406 1623
3398 307
7351 544
1211 1003
6172 747
3670 1026
5302 3070
5492 166
5431 2865
2527 846
6581 2697
4702 2730
2920 1329
7 1
4714 7
1097 247
4392 1597
7213 4043
5988 3485
53 23
4942 3562
6502 1134
1864 904
609 525
391 291
7113 822
6141 4946
346 4
286 245
2804 1990
4496 1635
1976 152
3224 349
478 293
3750 451
5494 3937
4682 1549
4783 2649
214 27
3656 2967
1216 51
1534 806
976 422
6953 2125
684 134
2321 167
2017 628
3190 323
5515 2025
6304 5065
3264 320
2634 1342
5751 1166
17 3
6500 56
797 279
269 179
6547 3397
3506 1245
513 262
7012 4075
6591 136
5952 729
1415 609
4162 3579
6232 529
6024 915
2103 1581
4696 2225
4358 237
4258 3082
5928 2816
4112 1681
2465 1992
6459 3171
5873 4548
4400 457
1689 1068
156 41
7032 1705
6972 563
4356 3523
2757 460
3458 2594
6244 2233
6197 792
3992 1654
1896 1145
5838 553
4047 2263
2521 414
7162 554
2441 480
19 15
282 78
3950 199
2370 1582
1134 289
4914 1413
2908 2518
3346 2979
6782 2259
5130 1192
1825 1579
4065 2223
1606 631
416 358
5340 2412
1065 769
2076 1733
574 457
5212 2273
6094 1693
1578 577
3412 1757
4336 489
216 115
2877 1654
5250 3230
2548 847
1564 1260
5498 3054
5106 3788
5434 677
196 61
2916 405
5166 2478
6262 554
6495 1290
6036 1597
5668 2105
603 391
3914 3106
7 1
4873 448
3618 1750
6518 2821
833 491
5660 4628
7343 1009
2332 1843
3008 403
3479 1668
4374 1767
7200 5347
1236 721
4073 2899
1276 699
6180 3072
6214 3853
1022 686
6578 5611
5012 105
5796 2161
4540 3826
4485 765
36 8
210 33
4086 2722
6628 2993
5036 4169
2243 424
2818 258
2412 560
4664 2284
3074 685
4522 1163
6644 394
5172 3685
5224 1815
1110 457
2937 2631
2069 1625
13 4
7020 1511
1320 688
490 89
539 46
3398 23
3295 1058
438 206
5411 127
1506 461
2558 425
6366 4723
2678 946
2632 588
2484 409
220 182
1961 957
5180 3948
756 89
326 120
2336 624
5076 3049
3632 481
74 42
978 217
3025 1792
3559 2254
7187 2275
6286 3178
4506 1681
4876 1413
3650 268
2155 1756
7112 2309
3418 2505
6174 4973
6389 295
7262 4658
4337 3135
3356 1781
9 3
5946 2308
3374 2642
6462 2256
5336 1493
172 1
1768 768
3424 2914
1484 871
1140 987
2250 1975
934 155
3658 1544
2218 121
1794 1193
6557 3440
3672 306
4745 519
7050 2020
5325 4185
1222 408
2892 2199
394 151
802 60
115 41
7034 3137
1220 123
1961 1153
658 44
2824 1750
1302 1104
6258 5217
5492 2183
1592 1378
4871 838
6090 977
7130 2573
2681 229
1188 738
5334 1801
9 1
5260 4642
5152 1388
1218 697
4458 689
6173 1857
4250 193
2794 451
5662 936
1435 953
7020 815
5066 872
20 10
2126 130
566 130
5676 670
1236 267
5502 781
5288 3312
2579 830
3559 2088
5090 4175
4110 3102
3896 1591
2918 2344
5561 1969
1726 580
2984 869
4181 91
3392 1261
4956 2013
1996 105
7254 4565
4490 3357
6312 5527
438 217
2224 706
6928 2549
2492 1009
1455 35
19 11
99 66
4514 2373
4898 440
6158 1164
3214 1217
72 33
2656 791
1186 986
318 151
5250 717
3908 1105
2780 2369
6542 850
5581 3489
5880 3184
3904 2770
2076 73
466 153
1552 1288
1974 58
3385 2043
1368 612
2332 1603
3718 2211
4564 1285
1610 556
2990 226
364 41
4995 3826
4337 1443
6301 1302
1925 1705
2940 1608
3690 241
5596 1243
5025 3169
7150 5239
3102 1010
3878 2607
13 2
702 453
1618 561
570 177
2986 1096
3091 1690
800 333
5830 2837
3055 1970
1521 912
530 346
4652 891
504 274
3031 1525
518 201
4942 1108
3310 871
4132 1761
58 29
422 341
2750 2239
2236 1139
3972 2138
2337 76
3396 2189
3313 1860
2198 33
1479 657
3788 1822
2821 55
1843 1658
6318 180
2424 143
5696 4421
3441 1926
594 97
709 78
4386 1117
3853 3074
1540 629
11 3
5286 1973
4647 3685
1447 551
6596 4091
5190 4040
1688 1041
2318 101
4698 1025
1840 1047
1116 587
4856 2874
3956 901
2354 1171
1912 415
6176 3095
3652 1959
534 387
2929 1413
472 9
5532 1347
4818 2833
6256 4637
5102 2038
4616 2317
2813 823
6220 2192
2845 577
6024 3529
232 170
3858 2345
1006 251
4281 943
4907 489
4998 2393
3497 964
4902 3880
741 91
3151 2387
2956 1201
13 5
950 635
3060 2140
4124 1549
2892 2287
3216 2471
2052 1305
960 215
3425 58
4764 2403
4294 3361
4931 4351
1718 483
3871 424
3068 2361
7066 2206
7162 2905
4046 2802
2765 1214
7324 2204
3804 3340
6712 5451
4062 2477
6530 5225
3380 2021
2657 1990
3756 565
4529 685
6277 2339
6365 2559
92 51
3887 3344
6743 2859
668 283
3356 545
2528 1241
6434 2526
5300 3753
938 116
6776 838
19 17
3246 1424
1118 414
4010 2765
2876 2209
718 305
2322 1745
1832 349
3408 2180
6106 460
3734 2618
2862 631
2692 1254
274 43
386 89
130 6
4124 3601
1899 1614
848 469
6708 972
1412 1201
816 155
3793 1693
7281 2997
6992 4163
346 87
272 221
4646 3724
5487 293
2982 406
1700 546
2128 455
5982 2518
1430 412
1898 324
2626 1807
6490 121
6618 4475
6840 3786
4140 267
9 1
7290 2841
2884 2446
1408 870
2250 1749
860 539
1534 865
3022 31
1040 364
3492 2161
930 529
6024 2121
5524 2195
2121 389
1790 1181
3632 1497
3682 2164
3036 2638
3580 1705
2476 1805
946 750
3970 2849
7177 2848
4808 2026
7102 1944
4006 2776
1328 1064
1991 451
1526 776
3242 2216
2633 1764
1423 513
4920 2235
2718 87
6160 736
6878 3890
3389 751
934 430
1987 1250
6719 1670
19 8
2499 1092
938 661
3074 517
6645 1264
5072 946
1900 1286
4530 1060
1947 1501
1752 93
3526 304
4000 1990
2912 1809
1470 1113
3354 979
3072 2510
4300 414
3595 200
442 44
3918 2559
7242 2871
5686 4723
6542 215
237 74
2176 563
2804 274
4919 4188
2926 346
1165 904
1858 1141
5312 1669
3168 2135
2414 1843
4390 847
2866 1300
2086 1463
3474 2259
3045 1716
1246 62
3053 425
7 1
5306 1350
7246 5381
2666 722
3648 2158
2920 864
6569 3097
4390 1883
6333 3286
1130 93
1732 446
5657 77
3951 546
3542 2151
4613 354
5644 2746
3772 1467
4894 141
2786 1038
4183 2139
520 144
3763 3194
6394 4894
4236 772
1898 1177
4652 3377
6109 969
2718 46
3390 254
6052 116
4904 163
5226 1299
6520 3118
400 160
1502 482
5777 826
5356 3266
4462 282
5160 1367
302 127
13 3
5824 4936
1460 658
5231 1550
4433 313
898 35
3778 169
6106 289
1943 1377
6802 1400
7013 4477
1160 974
3877 1307
6179 2464
5396 2961
2847 1481
5558 2176
5394 2953
758 207
135 98
6917 901
4291 2872
951 399
1487 605
7342 2586
6674 2465
2193 1766
3953 736
1330 116
6505 3065
5867 4321
5502 502
6813 913
3708 1897
1276 785
1154 29
3498 1261
4944 461
5904 153
2991 1276
7 1
910 561
3204 121
947 58
84 52
6104 3357
6606 1546
657 526
6028 1570
5188 1052
342 281
522 375
3356 50
3470 2454
3094 1825
4177 2500
5258 2689
1182 155
2842 1709
1669 163
5228 1397
4364 1930
4248 673
2684 1016
4132 785
5432 3753
4206 20
2072 1331
2062 1569
5316 351
6564 5626
1128 410
1971 441
6366 2194
4482 2395
125 67
3823 3224
1806 991
5000 1507
2926 31
13 10
3470 791
1714 337
6812 1451
2980 2331
5872 2149
1564 368
56 18
2497 2134
4572 196
4072 2248
256 175
6087 2650
5326 1962
2870 1419
6186 3188
6324 5149
1004 778
3626 829
5729 4253
1743 1485
1448 408
2606 1086
3033 1638
3397 2475
6667 5614
7332 2125
3872 351
1556 516
7022 1718
708 3
3101 2647
6632 630
1786 1221
6819 4711
4800 4177
1502 123
490 321
2724 1369
6166 2251
10 1
2421 627
1996 602
6631 1412
2104 113
6448 4735
2458 2110
3575 2398
2509 255
5663 643
7180 5864
4756 1185
5135 636
5706 3905
6200 42
2042 220
3105 1909
214 181
6370 4849
6255 5331
2024 868
1844 1519
1943 85
6175 4016
2096 1710
6445 2728
6026 161
456 367
2661 1514
54 37
4813 3394
4778 1861
7185 2334
5768 2147
3574 2277
5962 3730
6466 5664
6754 1939
1288 568
3591 380
7 1
3934 2497
1638 647
6748 5267
4372 2124
7041 1234
7338 3310
6962 2926
3154 1701
4194 2857
5188 4053
5942 2348
606 497
6227 1635
2333 756
6024 5234
5424 3933
3314 2269
2453 1364
1887 1613
1867 1431
5832 4351
4542 2212
4410 2486
1846 893
2212 1642
370 17
4333 2951
7306 4982
6024 4342
4240 3073
7258 501
3962 2120
2557 586
509 177
740 104
5013 2872
1448 1291
1242 709
786 166
7 4
1350 1069
2775 909
3965 2810
1008 347
4520 3089
5834 3475
5946 1748
5412 2769
2302 1078
2126 1535
2512 2111
1173 666
1940 818
1884 1492
3656 2955
5447 4767
4455 2598
5994 1979
1944 1291
4582 598
1944 724
53 14
6376 3183
2094 157
42 29
6688 505
487 322
4884 2052
4935 589
2994 2491
1784 1190
566 61
7060 6185
2178 1019
4770 720
1602 283
4260 1070
2026 340
6464 1093
17 11
6462 4890
6362 3174
6934 391
4339 98
3242 2595
4278 2795
5824 3408
3410 1834
1996 173
584 1
1248 88
4939 3657
5940 2463
2234 331
5952 1693
4018 333
7267 5647
4770 1223
6152 573
1266 392
400 81
1128 66
1378 871
1200 199
2427 1829
4893 4355
852 186
4371 2249
5779 1005
5577 4260
5358 2950
661 565
126 97
3978 2157
7329 4503
5434 1329
6215 184
6512 3576
1066 509
7 1
754 27
3554 157
5112 3561
6176 4734
4922 3919
5223 3616
4426 2628
3329 2589
544 184
4676 2626
6352 854
4520 2321
1562 377
3260 2051
2529 819
2574 549
7248 4218
1988 243
3258 1645
7146 4597
208 144
474 135
146 129
6138 1419
3616 829
4256 421
7314 1102
6447 4391
277 74
1683 215
6154 3626
2188 1751
4368 3827
2708 1191
2050 451
5461 292
1464 971
5612 4929
4368 2975
17 3
377 77
6134 4601
188 143
2762 326
3228 2012
3068 1819
3961 665
1108 679
4490 1845
4959 2000
5682 1493
273 41
5584 3110
714 525
6852 3107
6000 4181
3068 960
3572 589
7087 3217
3282 1747
1842 159
7308 422
3269 1762
3358 2375
6000 1428
712 51
3922 2932
6506 881
7057 3195
816 558
7336 4111
3676 2745
973 714
1886 986
6974 4487
1924 88
57 1
3963 3421
4870 2814
20 1
96 18
7260 3345
1667 1011
4846 3771
5388 2671
3988 2651
2676 337
6888 920
5324 2012
4485 3361
2806 888
1298 943
2261 1657
2079 1696
1768 1222
6566 2852
1568 154
2206 202
3881 2341
4372 2693
1938 641
1632 327
4645 732
3617 2944
5800 3147
2176 184
568 204
5524 1351
648 153
598 101
6100 3306
4332 2224
1210 439
2555 374
2744 1360
1248 935
2606 361
1201 116
5462 2681
13 4
58 31
3056 761
6746 2643
46 6
2723 2213
2772 2391
3146 26
6482 4298
2652 1260
4428 390
3736 2420
2306 533
6620 750
4855 4345
2210 1310
3602 1462
5150 1523
6860 4087
4932 3225
4453 3087
1227 163
2918 2015
3445 2884
5016 2379
4303 2865
3070 2071
4390 326
1956 1181
1295 92
3088 1686
1861 844
911 802
5188 1156
1502 979
6195 1346
116 21
7170 5161
290 239
3529 1761
14 3
2307 661
975 204
3442 2108
6802 2674
5378 2080
3364 728
336 83
2570 753
940 239
928 574
5304 340
2894 826
7274 3304
3362 1738
2536 759
1312 658
2248 187
4721 1849
3084 1696
5986 1316
1459 516
2566 1542
2446 513
5342 397
5040 504
6120 21
3076 1307
3022 1742
3856 1953
1349 999
6527 879
2346 387
602 413
2232 637
3410 1651
670 273
5083 53
169 108
3696 1539
15 5
5936 2176
1176 389
4272 2225
409 213
6508 4057
908 231
4425 3846
3426 1303
6924 781
2824 386
1286 109
6248 3054
6962 1284
6038 5237
6106 2073
418 17
5340 3889
4424 835
6624 5017
188 139
511 374
386 150
3894 2459
2076 645
6542 5845
1168 31
7229 3862
2253 577
4414 3715
3873 2144
1663 959
3477 1765
6157 5204
4218 258
34 19
6660 747
823 303
5684 4093
872 748
17 4
2856 1147
3344 532
5420 1840
1334 136
1574 172
4190 517
7088 3193
5270 2095
4360 1850
5040 255
6456 901
4208 3353
6755 2070
1882 1362
1688 514
1174 1026
4457 1976
5089 4449
3402 1016
1230 337
2924 2519
4606 2636
4774 3031
3784 2507
54 25
2334 281
3532 797
1020 827
4798 847
1951 1466
3459 2218
5206 2661
6546 4455
5390 3214
2484 811
3084 1
6531 3003
6504 3496
1408 960
7 5
5545 426
1166 19
2891 1048
6499 881
4614 2897
5195 3481
3478 522
1727 621
5076 3425
1918 471
625 213
1077 733
5171 403
946 196
698 286
2836 2353
3300 814
2440 1850
1078 961
1926 567
326 166
350 247
3326 1159
1746 1190
5414 2015
1110 853
1913 685
420 222
6612 5895
4312 2477
3236 2479
4880 4057
4846 440
722 404
2010 1251
4698 927
2410 1537
6094 2803
1936 1363
15 13
5424 3269
496 371
2298 1184
528 424
5502 274
2274 1165
6021 2017
2838 495
4580 534
4093 3287
1499 438
3734 1681
6100 3917
2452 1327
3188 340
2472 57
6122 222
1882 1193
1984 781
4232 3361
2774 1812
3711 33
2402 1910
6628 1155
2402 751
6766 3789
5452 4315
662 309
1688 466
2587 2006
5650 3627
587 302
1410 469
1344 538
842 100
500 136
2152 1753
3916 3270
6848 5909
9 2
4384 786
3592 2883
281 141
6218 1201
5250 795
4937 512
4452 3801
249 20
2516 2182
6443 112
1252 1092
1208 840
3612 121
1674 1357
2344 1204
4266 2302
2300 1581
1388 736
3607 1765
6674 715
4880 2803
6509 1074
7348 5447
6412 3019
1768 1095
3414 1947
3572 2247
1184 46
6479 4035
4368 3216
6098 513
5706 4832
4940 3309
4314 823
7145 2919
2054 1607
4298 2608
1188 1007
3140 1576
7 1
1413 683
4082 1227
856 428
4964 432
4580 4005
1987 1009
5696 2042
754 413
5348 1661
5898 4449
2797 1376
4033 1026
3796 1233
3764 2608
2688 773
5290 871
3669 3197
1764 1154
4484 671
3298 2118
1814 1208
2433 1433
1012 581
1838 341
3136 927
6330 3245
7040 915
6564 481
1546 963
3668 2002
5472 515
5374 2439
2525 1097
6462 4481
690 201
4038 2169
5379 3071
3603 1107
3550 1547
7 1
6532 2113
6802 2490
5442 2271
7242 552
3618 1145
258 1
378 89
6024 1200
1222 926
373 56
1024 226
4712 333
5309 4153
7274 4309
303 255
3316 2277
4954 1213
6939 226
2300 627
6458 5213
6153 281
441 165
4300 3792
4998 3288
4022 1312
6755 2725
3605 569
5172 1929
1448 1249
5185 3374
3414 2017
2606 144
3511 3046
1132 265
2057 1405
5650 3939
6859 4682
6186 2789
3967 145
17 10
758 412
5946 3176
3091 1188
557 352
5817 1824
5318 1942
6650 304
2944 2436
5488 3355
4888 584
7001 3445
6866 83
58 41
4314 1559
5078 3547
5142 4245
4285 1921
6142 1877
372 253
1554 1273
3676 180
7104 6192
1866 1035
4606 3216
2514 1137
1400 610
4882 2463
6038 370
1752 1425
6950 2159
5148 2717
1724 1
4191 584
5626 3154
4700 2415
5004 1379
6858 905
583 481
570 173
9 1
274 172
1912 1231
2970 1098
383 209
1086 98
2968 1937
6904 258
5330 581
3914 2235
4166 1986
5774 1981
431 154
4596 3533
2962 1947
5234 4453
4214 2737
6710 4955
170 1
2462 498
6650 5841
6794 1639
2780 826
1548 391
1350 439
2536 1339
1748 1286
5004 1939
1958 518
4254 2407
556 224
7324 4075
4568 2049
2964 45
5411 4834
5264 3676
1220 18
2775 980
6271 1266
6024 4668
7 3
826 365
1987 1052
2860 783
1568 1160
2012 1591
1363 108
7011 5715
5589 1431
5810 1133
2538 836
2585 1423
5734 515
1432 449
4433 2968
4960 2829
7060 5180
6995 3448
3354 619
3658 3077
6973 2245
378 250
5684 3205
5937 714
6543 5846
952 539
6530 3105
4708 648
6880 2113
2029 355
6990 767
408 93
4610 574
7176 127
3197 1
4382 3073
4998 3461
6649 3169
2190 903
1430 203
14 8
4788 1253
218 49
2155 139
5454 2707
6196 1785
4642 3798
7042 2949
5166 2758
3624 2617
268 202
7202 5182
3154 1399
1248 1053
896 324
4542 3718
1050 327
6550 1557
6290 5481
5830 2675
6818 834
6773 2755
4415 74
2518 1651
2756 89
2450 1307
6754 5845
5892 549
4782 2102
5615 2023
2405 1743
6340 4543
522 78
5150 87
1016 169
6857 2197
1628 202
50 1
6871 312
3338 1759
15 1
6629 4229
1706 296
5592 5016
40 24
6220 4083
4013 424
2281 565
1338 680
4562 3519
5606 2440
6363 416
1464 245
7250 3386
900 269
5336 463
4184 2221
1694 1357
632 158
6762 556
5396 3901
6358 4867
2137 935
3541 1204
789 540
7004 6233
5408 4743
5032 994
1097 332
3005 193
4922 3475
6481 2929
6700 1075
6539 5854
5566 4402
932 100
1779 34
5927 414
2964 988
3244 2323
10 2
6388 690
308 209
3106 2610
6392 1928
148 124
1226 410
6330 268
2439 1104
1504 1345
2179 171
2663 1185
2281 1270
6156 4301
1006 188
7140 507
5326 657
6172 5439
3704 3186
2432 125
3688 2172
7306 2508
4870 1677
868 187
5350 4129
7011 683
5986 28
4684 2996
6010 2831
3392 2754
2486 530
93 33
6684 2707
3301 2889
3343 2053
2085 928
972 639
3074 1013
3558 2742
1920 1622
7 5
3800 2391
180 89
6530 2657
4396 2613
3544 1014
3320 2177
6200 2885
2812 1219
5925 2280
1401 1153
4850 403
6715 3633
6850 2445
3714 1492
1500 1303
2863 77
1068 306
290 136
3318 525
328 284
4962 583
816 349
3786 2966
2970 2600
2150 435
4793 2053
1518 109
3732 907
2412 1723
7052 2585
3018 1613
1920 1327
48 12
4806 2254
2734 1822
4178 2445
4151 1621
6604 4957
4390 1052
14 6
5639 146
4584 3508
6847 3871
1830 1413
190 85
3991 928
4566 3333
5496 84
626 226
6044 3311
2870 143
2604 276
748 112
6297 2344
7350 3508
6742 1020
5530 553
1288 595
1234 61
2336 159
7172 3317
7139 485
3790 2155
4663 2391
1769 1327
3712 2462
784 568
5674 2293
2186 519
3856 681
4006 3393
5582 2526
1728 1538
3623 3121
2609 2170
3970 1787
5860 5014
4150 3581
1166 369
9 6
4411 1005
1129 187
3814 1939
1736 545
2836 2073
1793 331
1966 1573
2527 1895
3902 2447
4904 1032
2293 112
6798 168
6522 3390
3577 2179
6498 5482
3114 2701
2722 100
5563 1323
362 18
410 227
1432 1051
2356 1345
3543 2921
3264 1721
735 427
1258 265
1488 1276
834 174
7227 4841
484 121
2804 1483
1392 1
6718 5481
4932 1943
4038 2161
2157 310
851 511
5960 3550
960 28
16 1
3529 2129
6889 3727
7154 250
1808 1102
2136 1103
1749 530
6801 5564
356 276
5270 4091
5456 2951
1072 392
5988 1565
1444 1240
1950 764
4947 2664
2358 795
1376 145
2718 1744
6680 1762
814 103
157 22
3478 1706
2071 1226
1570 1053
2794 235
6905 4890
5215 1062
6088 4839
4130 3669
655 243
6414 2970
6482 1639
1688 1154
58 1
4683 461
7196 3263
134 1
5528 2966
5348 2935
9 6
3761 2928
4521 2959
734 175
4110 2635
6775 1580
7071 2281
1038 471
5094 2990
120 66
2620 911
836 65
6748 5067
4740 996
1055 228
4316 3423
268 136
3472 1217
2466 2088
2094 1255
1060 634
5498 1733
5010 2667
2508 2048
2538 943
4692 25
5660 1071
3376 855
4558 3537
1928 1273
388 148
6680 5434
294 110
4494 3232
6632 3573
2041 1093
688 281
767 671
6341 1348
894 344
7 1
2372 1013
6000 4427
2218 1750
6440 3269
2934 939
3662 1851
5897 3916
1206 1036
4044 155
4796 811
3880 2544
4878 1236
1479 422
4600 2663
6438 3565
3080 901
5706 2620
4304 966
6553 5192
6580 1304
6162 22
4858 2961
631 280
3394 2534
3550 1042
7247 4329
4308 67
1680 853
4909 2027
3130 1673
4675 3772
3310 1416
2319 1788
4640 1711
1670 596
4547 965
7098 5082
3128 692
3490 153
12 6
3225 679
1436 512
2178 825
4068 3507
3703 1420
3678 1127
3956 90
1692 1296
4469 3079
2740 430
6048 3818
2894 1569
4377 469
6466 4848
7200 734
6596 3501
6510 2751
850 625
2676 303
3944 139
6795 654
4266 2621
4334 1385
2194 1417
7054 3307
7252 61
955 383
3040 2014
666 128
7141 3221
7078 1041
402 212
4348 1069
7208 92
3316 2549
5268 4565
4276 5
942 372
6440 4017
9 5
4586 135
5758 4833
2288 1209
6558 4374
2316 911
1795 1157
6748 1456
4846 293
4314 2779
2736 2070
1010 752
5568 4457
2279 1829
5935 1869
5744 538
1731 400
6278 3929
1244 689
7256 2536
5621 417
2036 206
1940 695
4462 3334
718 404
4358 3393
7186 379
3002 1771
6141 3149
100 72
1991 1693
3903 465
4692 1275
2105 917
5112 1734
5120 1556
2038 309
848 200
7038 2991
81 37
17 4
20 12
3140 321
6708 698
2588 1335
6454 1399
388 111
1428 199
642 391
3896 3256
3279 322
4801 226
478 285
1730 556
1719 1
5875 4115
2254 424
120 101
4453 2060
7060 4447
1638 1007
4955 2501
1819 1579
1312 1025
6704 2185
5234 105
3725 635
5682 2165
4316 492
1477 68
1792 1541
4096 307
4770 3153
6172 5201
3892 1331
509 261
5898 4833
6477 4236
5452 3712
4697 2366
17 1
1172 42
1615 74
2702 1329
3992 1022
2812 1876
1520 168
1219 651
6750 4344
7148 2436
3006 404
1534 610
5832 265
748 338
6280 4209
6046 3802
2611 730
4256 1999
4332 125
4991 58
5696 4624
5610 4401
880 439
3079 277
2908 2248
4941 2569
2874 183
124 106
1669 61
2108 240
5214 3298
279 101
1934 1465
1308 254
4995 1388
3635 2598
4808 2838
1148 220
2205 145
6902 5904
18 4
424 370
4281 741
4402 2470
1453 876
139 9
200 37
5424 4353
6552 1377
3288 1940
1774 1402
2827 582
6318 1593
4375 1086
4077 3208
4530 3837
4307 2395
822 383
3443 2025
1496 745
6646 4462
2030 441
4755 2488
4808 2553
1976 29
776 197
1947 257
2794 2423
1004 594
6434 3583
6518 2956
1784 1008
216 77
84 62
5824 166
1369 945
4508 3484
3708 3209
442 66
5047 2873
7 3
3980 3539
5460 1387
4300 2253
7071 3967
1787 1278
1084 621
4401 3367
2890 1419
5594 40
66 1
3119 2642
2878 266
3873 385
7324 550
4200 330
5638 1275
379 29
4096 3535
7118 707
3072 1349
6468 5402
4486 3132
2158 37
6998 5265
6846 2151
6090 4912
5549 2121
5749 4665
4538 3893
5344 4560
2490 2205
774 693
1623 618
5792 3222
153 11
3198 1075
1026 255
4374 3253
4428 1711
7 4
161 51
6662 1140
4844 4350
43 35
6774 2857
3275 1321
6077 4843
2840 593
6518 1045
1227 874
558 34
4020 2868
408 269
6892 2786
4626 1128
320 18
3416 1918
1956 821
2299 1110
702 454
5258 774
6974 4370
7348 5628
2382 2132
5112 4221
5406 4551
5821 5026
4043 1235
658 476
6850 1766
4547 2941
2253 1349
1450 811
1036 198
4153 252
5266 4370
4194 1387
552 293
6088 3290
11 1
1007 335
2229 1362
2068 1603
489 351
4673 2103
3945 359
2820 279
7191 1167
2858 1255
1723 1461
774 113
4344 3094
5148 1547
6288 4332
4708 2109
4197 1583
2486 181
4754 1297
761 279
5092 432
6355 2143
4086 1095
5964 3579
5305 63
4352 2581
3318 875
4158 2093
7088 5679
546 265
1694 591
1269 679
3084 2136
1020 823
7280 5007
2156 1127
2484 1071
2410 1641
6874 2625
5250 4242
20 2
7022 4120
3476 161
4066 2737
4932 3873
1672 595
4465 125
4478 2549
722 354
6872 4983
1300 147
1125 737
1809 1491
7098 1257
6552 1013
3429 1785
6854 422
7118 2099
4430 1281
434 359
152 19
3288 2091
4708 1255
7070 4973
6102 20
3450 2097
4180 1513
5465 1201
3198 2166
584 403
6706 5622
297 241
5324 3560
3322 2246
1046 342
324 115
6464 5481
3744 20
7102 5325
1538 1057
9 7
87 45
3432 228
1105 706
3371 2242
6822 2728
2255 44
5200 2544
3534 2341
4802 1996
5492 4383
3313 2220
1374 1025
2899 1213
5138 2643
956 273
4650 4033
5093 4096
2416 71
4702 264
6726 2747
7222 4971
322 74
1476 1249
2216 261
1388 377
2886 816
1864 517
3986 1294
1632 1247
1667 409
5703 4379
2771 982
6607 2401
1222 185
3260 1289
3311 2923
7192 2708
3428 2121
3262 2891
9 4
5452 2957
3224 1970
4910 2492
1790 939
1522 732
2918 1285
2357 476
3250 437
4748 599
4188 2038
7196 4339
7080 231
2273 171
5998 5284
4717 2831
6371 2773
3229 2831
2128 661
4748 381
7012 1381
4208 2872
1859 1273
726 298
3000 151
6137 2161
1706 1424
2226 1497
3284 363
5434 2177
1448 1118
6738 4057
2772 1769
6630 2941
3038 971
4174 815
3796 1465
4951 4120
6708 5733
2257 1055
14 7
6131 1363
3916 1635
3372 1925
5958 1259
1430 73
1944 1715
5931 609
5217 238
7084 6244
5788 3234
5198 4367
2091 170
4960 832
6408 4552
2868 1028
1516 187
4540 3386
1448 307
2285 859
1356 325
5040 3726
3983 2983
6890 5835
241 133
5612 461
5550 2433
704 457
7213 3342
4462 2566
1300 518
1576 1285
2092 746
3970 732
6518 1973
3610 1284
6786 1088
6837 5795
3812 2320
738 441
19 1
4221 667
1000 671
3334 2467
1920 379
310 39
6608 3281
3086 1232
5675 1542
1288 1113
4804 1
4242 424
3783 2633
6724 2174
4226 537
2998 1939
1742 134
4554 2984
6898 6005
3328 1086
6024 1102
3732 3175
4628 3586
2584 665
2700 512
3521 1244
5844 1291
7106 5891
196 153
1562 236
4593 3486
7209 897
6824 1133
3590 452
6998 5905
1791 1336
4884 3841
1586 35
756 313
6472 449
13 3
2490 1529
5606 776
3810 731
4390 1265
3565 2827
2802 2330
2948 1306
2746 720
5684 1612
4984 3871
5791 1706
2652 260
2204 579
7197 2920
2200 245
1290 1036
1298 809
159 27
480 339
832 305
4962 3286
4514 2293
5393 4123
126 19
6344 139
457 36
5728 3892
2566 1724
3034 2695
458 49
4466 387
6857 436
384 328
5563 2959
983 200
5388 3537
4085 2324
1123 356
3098 1250
19 12
5614 3649
2068 694
1404 412
3539 2528
3488 2019
6046 3456
4667 3331
6708 2148
2143 505
1715 1531
5628 2797
2290 1040
2038 881
36 1
7014 402
7073 4321
3112 311
1368 941
4656 2199
1366 628
1084 871
5348 4515
2990 561
5654 2341
1687 1315
3126 486
4024 118
5421 4355
2357 13
6608 886
918 46
7212 3384
4274 1105
5588 4626
6798 4605
6337 5142
6040 4747
22 4
5899 1219
11 4
974 533
3660 3208
765 320
770 551
2350 1823
5132 1049
3880 2582
4318 457
344 154
5271 2269
5388 2845
5529 4735
5950 433
4671 639
3068 328
2504 133
3538 1478
613 395
7206 3620
1497 1247
2662 229
1658 129
5768 2077
6650 4863
772 17
5346 1937
1008 690
1111 242
362 238
2900 1920
6580 3668
728 645
2376 1863
6136 2410
6581 4313
2940 1767
7250 1583
2927 936
4552 2417
11 7
1453 1274
4968 3711
4833 2731
4352 2277
210 15
364 114
4406 1355
2296 713
562 166
2725 479
7256 491
1182 704
6022 5128
6365 1688
6898 3713
4566 2750
22 14
2718 1250
5399 1161
2214 992
4862 981
2466 2175
1156 433
3915 2762
838 365
2740 1720
1882 1144
4490 1159
1992 433
218 43
6124 221
2638 1299
5222 2561
4417 366
2990 1241
1954 889
1652 387
82 30
5154 4381
19 5
1103 845
5130 2261
508 117
1460 875
6903 3665
2802 2419
3632 1464
668 460
3976 3248
3454 1537
1534 725
6145 4617
1085 618
2517 1981
1730 415
450 181
3608 435
4186 3173
907 561
831 404
5649 852
4604 2073
50 17
3671 982
3291 316
5811 4546
2761 1910
6590 56
2000 884
3270 1681
954 313
1764 1127
6722 5001
1255 454
5760 956
2510 937
536 273
4217 1068
2440 280
19 1
3075 2079
190 11
3361 967
5870 3273
1420 381
3367 391
1894 161
2886 1065
3602 2892
3060 1512
5956 2408
1178 349
5840 2813
1338 1111
4539 3091
599 505
2906 1145
4502 780
3876 2857
936 60
6684 2286
3494 2191
2635 969
6576 4372
4369 1831
22 19
2631 185
2316 2034
1040 88
2421 345
4538 1455
3802 3292
1144 184
1805 4
363 148
7256 3757
4600 1003
554 358
1996 1573
13 10
6119 913
4493 2336
2537 1081
4309 301
5061 1323
3839 2134
2636 669
3760 765
2494 1691
474 339
3490 1183
944 34
2714 1068
1064 309
712 575
760 599
2305 919
5436 2381
4031 2020
1608 966
2022 522
2948 934
1377 1184
6484 565
438 331
192 29
4074 1115
208 154
3744 1914
5144 3253
2507 753
3130 2523
2368 596
80 41
1370 1009
3160 1099
5998 3233
1312 985
7200 5934
13 10
4574 3193
3502 41
1964 187
2496 1312
6912 6121
3308 1750
2258 767
5798 4200
2262 1603
908 180
3280 2576
6532 2728
1824 469
7230 1571
544 9
3562 3006
2614 2292
5148 2717
2742 244
1484 475
546 469
5870 3117
6370 4113
4119 3356
6552 3230
1107 401
6742 1396
4496 606
5924 3742
799 477
1979 1065
2722 547
6142 1763
962 221
6490 3191
1028 325
2192 1767
4738 3761
7008 4900
13 4
2750 1117
2780 117
2171 577
5538 179
586 13
4523 2236
442 279
4049 2421
6567 5617
5430 1639
2280 1344
2414 1556
1776 1073
4532 1650
5347 4128
5448 4868
3535 1682
35 17
1468 958
5969 2979
816 515
3291 1603
5036 2775
2187 328
956 341
2558 1881
3077 2736
2316 1989
3571 2710
6702 1629
440 23
6833 475
2338 901
1048 245
1854 783
5200 2568
4131 3170
7279 5619
6588 3678
7 3
2826 525
1112 529
1722 611
5340 1463
6406 5137
890 253
2234 1771
32 23
5580 4805
5547 1363
6028 2813
2637 145
5608 2157
3915 2581
6856 2379
5640 851
1908 799
3156 2137
3010 494
372 295
5302 1316
5784 5148
3264 2609
6794 57
196 74
2243 991
3518 917
366 267
2184 46
639 395
6056 2108
2159 1520
2772 751
3782 2023
356 231
1572 417
1319 880
7164 1493
5122 4072
7 3
5988 4976
5858 1177
873 460
857 724
6479 5340
1800 589
3861 376
1574 721
2070 1823
6646 5807
3556 2385
4285 2839
3478 1681
1059 1
558 55
5919 5050
4551 26
4846 1870
502 105
6918 2259
2556 453
6650 5647
578 501
3043 1679
6998 2060
2168 730
4362 2457
4648 508
1592 687
1272 444
4145 1877
228 102
2931 1797
6908 1385
1480 695
1190 449
4701 3863
1870 1357
3370 1873
7 1
554 118
3747 248
2458 1411
3666 2098
3697 1728
3319 2611
2054 1443
2927 736
2449 1
4170 3175
3814 3223
2713 1813
5108 1346
4656 1443
1635 623
1916 505
5838 605
2432 355
1063 189
6267 5458
2134 601
4324 2188
1872 971
5454 4849
5076 1393
3582 2300
4893 281
3808 3412
5332 1914
646 236
6464 5113
1010 431
3060 997
3379 1335
6374 2889
3880 2865
3688 2679
4825 1406
2536 2135
13 3
1700 1140
4832 3787
4028 744
715 215
6736 2995
1065 1
6613 4455
5470 3
2091 1272
7258 5749
6668 704
648 123
1591 1027
2464 898
6758 1197
2481 2177
3568 3122
5772 2677
3895 1528
2454 949
7346 2420
3440 2556
5481 2344
1284 590
308 154
3628 16
4732 1450
4254 2890
6782 838
4062 1742
1100 449
2118 1817
4548 3923
206 91
5626 3957
3824 1935
2840 2072
704 259
5642 628
17 1
4282 1535
1972 1659
1197 950
5484 3334
4483 943
4524 2800
6556 1305
3492 1667
2803 381
6976 4437
2758 47
2116 1074
4215 2893
208 67
2131 591
4788 1833
777 137
4442 1667
6033 1112
5308 4006
5778 1391
423 157
2590 1375
1077 691
1284 151
4538 185
6842 1459
2187 268
2250 2012
2704 1763
4737 1176
1771 476
4544 1353
337 54
3558 2512
2264 1297
1525 337
779 692
4276 3626
9 3
2830 721
2123 561
4428 2714
722 625
6390 565
142 38
2335 144
306 147
5038 2881
1130 922
5202 1065
3502 956
5180 2715
3272 2320
2246 1267
3592 2354
5633 3864
5036 419
5382 737
6115 5159
1724 1231
6852 1323
5188 2549
5335 1313
855 614
5011 1406
7316 6141
632 436
1704 1513
738 21
2497 1100
394 193
6388 1678
77 43
2712 149
5408 4327
1142 77
4408 2321
4362 1452
13 11
4622 1036
1032 729
6458 585
6357 1704
5950 4742
6612 4053
7184 2186
388 147
5598 4582
1474 1129
244 197
7316 3617
4659 2227
5064 2017
6854 4019
4759 4066
1812 103
422 15
2686 1987
4977 699
1681 379
3634 2603
5041 3295
6258 1773
2927 2443
1356 1041
376 257
5489 3721
5132 2412
3170 1142
4614 3329
2678 779
269 111
1350 431
1341 1153
6470 667
1345 798
3458 1761
3148 675
7 4
6156 158
864 693
6653 2500
3269 1055
5604 64
3526 215
5834 4551
7246 2828
296 50
6842 5147
6901 3037
7016 2635
5650 4199
3714 1615
4370 2130
2516 1517
2619 1466
2072 1809
3263 1881
5932 2468
424 215
1927 1075
324 235
543 104
934 190
5066 2204
3326 784
3236 563
6322 4402
2219 1026
1030 243
1600 261
2395 471
2114 1423
1359 685
2596 727
1801 1085
553 139
2962 841
14 9
7324 1031
6597 4450
7123 4219
3160 415
116 39
4210 850
7252 5507
38 20
66 27
4214 986
962 575
5103 421
4340 2102
1768 1452
5129 270
1715 141
2962 676
1193 229
4754 271
1495 542
869 311
2995 472
4210 3597
2338 1463
543 276
5356 1445
7154 6391
798 243
3440 2826
3908 719
1795 1047
1719 574
6912 771
6428 707
7189 1101
3150 1527
4023 2009
5442 831
2648 394
19 16
5102 663
6980 3094
3090 2611
178 113
2650 1576
7126 3029
1150 550
694 43
2966 2466
5910 1537
2248 134
4284 3314
3866 445
498 261
3809 3171
4506 2193
3314 2627
1236 706
6422 4900
764 230
1868 162
4725 489
508 22
5224 622
4449 2753
6910 273
1242 610
578 499
4795 261
6797 1967
4644 2416
6444 3808
6956 5508
2540 2151
6402 2216
669 43
2527 925
5037 1990
3350 2337
19 2
5406 1121
1648 1014
1512 893
5554 3105
4258 1933
502 273
6551 739
40 2
1086 325
4474 2050
5333 2929
1934 1387
380 78
1578 305
1214 261
3844 3442
3198 1075
5231 414
5189 4049
2222 997
5424 4474
4696 3982
102 1
1996 1637
5055 1242
2472 872
451 264
4352 2209
4007 1099
4880 2660
5058 3302
6940 5534
5460 3962
5963 447
1723 381
6518 1965
6786 4258
1080 915
7250 4317
15 10
1095 822
4860 1255
4656 1023
2894 1924
757 166
2921 2526
532 403
4112 361
3072 1644
5106 3531
4994 3955
4229 2091
7168 857
5844 1403
4168 2947
6765 4449
1014 710
362 204
3004 1402
3198 2607
1322 775
5264 672
2658 2017
275 45
1580 1191
6029 4043
3898 1741
5896 1338
4330 1253
2041 1765
791 578
1174 259
2680 2346
3850 19
2454 153
3220 1246
4028 2245
4698 2705
1878 339
7 3
6638 1047
6832 2923
5763 841
2338 385
5382 1089
3724 3256
4256 2385
4438 2377
2623 159
3702 1268
5074 3753
1523 1187
3654 1781
584 55
5101 1681
4532 1155
5957 1650
2540 275
4018 1533
1768 978
7303 5749
7324 6067
7350 1899
3300 2647
7266 4491
4780 4163
6556 4293
1268 603
5958 4565
2709 1513
6484 5161
5128 4061
6924 1438
3270 15
5852 3863
4224 46
7050 4406
1806 671
6389 4915
14 1
6480 2286
6240 456
6018 1273
7098 453
2468 334
4688 263
6800 4381
4449 861
1564 203
2845 265
6391 1477
5987 2557
3063 2457
2690 104
2390 1233
1392 293
4672 233
3544 2586
6972 1443
1430 1169
4194 103
6818 715
5676 3697
1917 754
3036 1045
6224 2902
7118 599
4858 3749
3526 573
1084 304
864 601
2605 526
218 37
5864 5031
6733 5705
4295 2415
838 397
5697 1854
3369 1275
17 9
2488 401
4419 711
2914 2611
4378 2221
430 269
7178 4515
2164 81
2034 1251
1042 854
6166 3508
796 213
4574 2185
2711 496
4542 2304
2933 295
6728 4649
5537 1706
7120 3349
3174 193
2388 1420
6932 3577
3710 1701
1276 1075
2474 31
3490 3057
5230 1873
5084 3046
4716 2297
1276 43
6366 589
6574 3883
6662 4713
3294 2485
2341 371
2820 163
5414 2124
529 35
3620 2270
317 52
9 5
3140 111
6908 1918
2548 322
5219 771
1610 388
6461 1027
6434 3611
5740 2859
6294 2889
822 250
1316 87
5257 2339
2567 151
3444 1289
1864 372
5771 822
4462 573
1382 562
1705 524
2954 2605
324 9
3481 2741
1688 470
20 12
5909 4065
6090 2009
421 282
4732 2514
4642 2931
5527 1666
2972 847
989 687
6156 5025
5612 2649
6940 2946
3155 1925
6814 13
7135 4494
4940 2013
17 10
2414 450
857 607
4384 3256
2526 1064
887 157
952 537
82 25
3610 1345
2382 1206
3818 1497
346 77
3570 3189
4698 2311
7119 411
20 6
6944 3295
1774 169
2434 115
3687 274
3299 2053
6771 1078
314 265
4110 159
6105 743
2154 109
5705 3610
1289 551
5350 1393
2238 343
1466 1192
3410 1209
1214 817
4441 2101
2792 90
6290 5099
5372 3137
4674 3133
1388 1132
2646 1313
11 3
7105 5549
6214 5234
6830 4083
3502 2384
1101 154
141 81
6576 4079
40 14
1590 160
5938 3909
1894 985
4844 4304
2190 1799
5617 115
124 40
900 498
6764 3001
3072 2588
7252 6503
196 37
4215 2729
2858 643
880 688
622 288
6275 2051
6326 2408
6883 1058
2932 8
2388 372
6401 4906
1359 406
1536 318
1302 421
1358 295
2763 2022
1597 616
5060 4344
5454 417
348 231
10 8
5151 4164
4107 2536
5227 804
296 225
5993 3447
480 45
1810 1308
6900 1352
350 13
5273 1418
1634 1158
1712 1345
156 17
622 170
6100 4415
6244 166
2848 1214
1582 424
4510 775
5258 869
2018 1479
3496 265
4877 988
3262 1360
530 186
5795 1697
1602 830
1469 1178
783 543
4750 529
7192 4899
7129 2825
1800 590
5708 4476
1000 629
6620 436
253 181
290 251
938 729
9 1
6573 180
1148 814
1160 957
6984 647
6976 2375
6405 2909
6803 1727
4950 2665
4838 2695
4776 575
1074 583
1779 1159
5526 4005
5928 5041
5785 4421
6896 4633
34 17
6504 1387
1122 665
4650 2944
4802 870
1780 1490
5808 5075
4964 3533
6980 1264
1010 738
7292 2707
2454 1903
1496 677
2651 1846
7006 2849
3883 2932
6910 1241
544 392
5382 834
6702 5199
5758 3935
61 21
5172 2137
7 1
3379 358
4468 3661
4201 1912
746 59
2500 1632
6594 3649
3392 1527
3170 269
5326 2876
5815 2067
5195 2053
1464 499
2976 93
3258 1003
5578 4291
5595 782
1344 974
2514 2200
2561 253
234 175
3348 584
4174 517
4862 3645
2743 1123
5822 241
1464 1185
4510 873
1748 794
1722 31
2738 265
6746 2605
7027 5011
1951 343
684 61
2572 2157
5682 3523
5456 1601
6235 4046
1865 159
15 4
366 45
1495 670
1781 1283
5392 1669
3717 1681
84 3
2994 649
6424 1589
2878 2257
943 356
4774 4207
798 18
316 245
1014 235
4962 2584
7339 1129
2793 2426
3600 807
6592 2845
4602 1435
2718 2267
3485 1527
5284 3794
6067 5316
7230 667
6906 5652
2204 241
7169 1199
5960 1597
1912 1666
2344 960
1307 422
72 40
4447 2941
2614 1663
3060 1760
106 78
6068 1075
1074 809
18 8
4323 1431
5950 5041
170 28
5339 3470
669 587
6538 2701
3301 559
1602 1341
4142 1889
4730 1687
2068 438
58 11
936 157
1083 111
1838 183
3990 39
403 185
3824 2809
3978 801
174 53
5064 2782
6380 866
4901 1743
6860 356
5035 2354
7054 3805
3186 2580
1378 1061
6372 3400
3508 1387
7353 96
3476 1977
3309 2362
264 25
4457 1590
3433 1520
2000 819
2762 460
7239 2296
17 1
5187 712
1600 1266
7286 6272
286 249
418 354
3962 3144
3728 2075
5842 2913
3246 1380
2374 1690
112 46
3744 175
3775 701
6355 4740
4732 1619
5753 2370
5858 3503
4814 861
565 133
2636 786
4008 1347
4704 2891
3222 1437
1087 949
6736 2969
638 135
1952 605
3106 1305
391 298
985 17
982 376
3048 436
967 697
6431 2937
7167 4756
1163 831
1912 1465
3896 1482
2642 221
10 1
3530 1464
7104 5638
1094 657
2578 1451
4864 237
7307 5947
6379 1805
3051 409
3486 1815
2366 764
1862 1580
2666 243
2186 1703
5340 3539
856 57
372 263
6498 3697
882 517
5494 1942
7184 1585
1718 1005
2256 1399
4318 1407
5720 3355
6074 4575
2126 120
1227 625
448 168
894 712
3832 1321
5093 4017
4938 3383
4480 2147
3902 953
7248 6048
6947 5269
3774 237
4612 3279
6674 2521
10 5
3346 492
4486 2385
3155 1210
5235 3816
4290 3350
2645 2341
3504 2885
1926 1121
6126 2360
966 425
242 155
3473 1724
2882 675
5052 4158
2295 606
3944 1685
6739 625
4276 873
3968 1620
4052 3637
4070 1981
4136 2257
4192 1916
5254 826
3115 1440
6124 3290
3630 2905
5789 1925
2294 521
3877 1190
7338 5732
5806 2924
726 291
229 103
3434 2143
1546 481
6312 2952
970 465
286 55
7 4
5509 1259
1046 937
4357 2174
5442 1114
3982 3209
5136 873
4344 1405
6280 4897
6606 4409
6896 3105
4847 337
2128 1302
6634 1308
5422 1085
1159 978
5336 2794
5487 2105
5878 1431
5176 1223
2453 1505
2222 1447
2178 839
1308 536
1138 58
5646 4749
5475 1108
2015 1126
6974 2428
1074 388
6746 5517
224 94
4506 1291
5100 2951
7087 4285
1844 1352
1214 955
5790 1631
4297 2477
3124 2199
7 3
4208 3611
1747 721
2358 1379
6570 425
7202 2419
6786 4370
1471 94
3527 2338
2825 867
316 225
6099 1877
232 53
1381 302
2547 1695
606 236
438 113
7256 3815
2940 285
4776 2247
1664 217
3738 2731
444 257
4828 2292
3516 2673
514 191
3424 646
1245 493
7326 1540
3232 2353
6442 5625
3151 1220
88 26
1858 5
4159 560
6930 1101
3299 1968
5266 216
4155 3605
7134 2453
14 1
537 281
187 49
1909 267
7104 1837
7080 3810
6084 543
1326 464
1838 649
2990 518
1544 245
5852 4989
2491 2132
2579 2251
1354 318
5746 462
6394 50
745 601
3548 1298
1005 89
1891 106
1216 107
3953 1224
373 303
1824 1539
3152 2723
4466 2298
1611 881
4306 1782
1612 701
4707 3301
4657 1189
3199 2040
3398 1937
1164 364
1168 1015
5144 1449
6924 5600
7115 1672
7341 5029
7 5
6784 1597
552 347
7005 3503
5484 3734
2182 1200
5632 1252
534 196
1958 359
4446 2592
60 52
224 94
6557 2235
286 82
168 74
36 1
1322 382
7222 3870
5482 1446
3212 1583
6642 2650
1562 1066
2362 111
1024 611
4960 1066
6224 619
4842 4141
4372 1371
2899 2212
5453 2153
4216 3731
4970 409
1328 120
82 50
6045 242
2202 1468
7208 2030
3144 401
1378 1051
4822 2400
19 5
2863 733
724 214
2022 393
6878 3970
2104 682
1496 435
1316 1083
6164 2462
114 93
1002 711
1476 633
6830 427
3643 714
4564 2935
4746 3183
4592 2389
6111 2302
7050 4367
4542 635
6780 742
3217 1110
518 353
5878 3387
3340 76
72 42
356 224
7086 3792
3262 2532
4875 1338
5397 4822
1977 1745
5530 3303
6805 5118
524 429
3257 717
7148 2779
5050 2841
6585 2309
1384 961
10 7
808 116
2049 1337
1160 869
1232 297
550 349
4282 3801
5954 1977
4530 1941
6825 5216
4681 217
2784 703
3609 158
4885 3615
7306 4423
6274 4105
38 11
961 630
274 169
3383 639
1962 1577
4345 1871
6160 2508
3604 1952
4902 1203
1396 760
958 669
2284 1544
3636 1341
4975 116
3748 2605
7252 2610
2666 2276
4722 65
1274 277
694 382
6379 4792
2018 1809
7040 2017
5674 3955
13 7
7318 5345
6844 5887
5477 1630
225 61
2336 239
1169 963
817 400
1256 476
1764 1529
674 511
5533 2874
5095 3138
4896 1487
4110 2464
2733 681
1697 997
4572 2603
5866 5018
38 11
7184 3618
5408 2985
5605 1333
7144 1477
1340 627
2640 202
1222 672
3603 1811
6537 341
1370 396
1222 933
2998 1182
5706 1615
2188 732
6378 981
646 278
3615 182
1454 911
6174 1255
6202 5371
7 3
747 513
3302 1477
1468 449
570 233
3950 884
4000 2302
3353 1774
5314 3457
5378 661
2393 751
3792 933
1687 675
1170 901
6890 4057
718 519
5324 3347
2962 2145
7208 2411
3174 449
3632 2446
3817 1120
908 502
2166 1143
1825 122
4458 237
5033 2202
6879 5522
1762 766
4401 3584
6363 1501
6294 1577
2083 1141
2572 489
3905 544
4828 1701
4424 1183
1065 246
3161 1740
4424 2363
18 3
1792 853
1433 749
1179 301
271 141
5248 1954
6258 4589
6118 1155
3625 2557
791 457
3376 804
828 208
6404 2230
693 220
6138 3173
1573 418
209 162
2892 1527
6854 1222
4298 2741
3010 2477
4526 3503
2882 2593
2490 1699
1210 67
3320 578
4152 364
3912 846
6993 4060
5503 3310
1160 1029
6156 1932
3304 2335
4489 3420
5982 923
84 67
3888 2102
3350 241
187 149
6290 3031
17 1
1254 953
2212 1565
2367 511
2399 1778
204 74
2122 1805
328 116
1623 1143
2862 706
4662 3156
3632 245
3723 1853
3233 1909
1806 256
7334 1817
541 229
3252 2443
3614 3081
2394 976
3876 2377
6866 5297
4448 1574
1938 1161
86 70
3185 1177
2768 2161
3868 1371
1070 932
6753 811
1518 877
3918 2061
3423 1013
3528 285
2270 583
2282 79
3596 1841
432 230
7339 5796
4344 86
15 7
2452 1447
5219 876
1360 1041
6226 3225
5500 1758
5264 1069
2876 1921
4034 2081
3554 1205
6913 4195
3098 1837
1742 1162
3072 771
6726 1657
2135 814
326 133
1810 579
6390 3697
294 154
94 27
506 232
4142 3576
435 161
3576 2279
1188 1025
1340 535
7081 2863
3640 2293
1458 706
4474 3479
1836 765
6372 4279
5626 4114
5847 2737
1906 210
4728 2564
1934 386
1935 752
2519 1896
9 2
930 810
4938 457
4075 1378
5745 4145
2100 1405
1728 296
5122 703
7126 2284
3940 1653
4792 2904
4397 3219
5370 327
2670 1864
1992 1318
899 343
1412 693
2722 1431
6346 4828
6364 3710
5699 4880
7152 3477
1186 510
2621 1105
5993 4070
5324 755
1092 545
6823 5577
592 418
3664 200
3382 1422
342 271
858 717
272 193
1178 866
216 75
4352 1123
6559 3277
234 193
756 466
19 4
1219 50
4768 3352
4601 745
5692 4063
4106 392
3065 1415
1046 484
5786 4593
1452 309
7184 3085
640 408
4556 425
7175 5036
4352 3222
3959 3424
2990 769
2004 1591
1606 221
701 171
2186 904
4381 97
5788 2950
5640 4468
4994 250
6960 4122
1839 340
4150 1055
914 703
194 67
3387 1436
2884 2326
2244 275
3958 1715
4088 1762
6295 1321
5240 668
4280 543
1347 49
4912 502
15 1
356 76
6148 5484
1208 26
4266 2652
4246 3598
615 306
6588 3760
3494 1654
5928 1336
7335 2325
2067 1085
2492 2056
4438 335
3256 1101
6014 1112
3043 1378
414 249
320 270
6994 1207
6860 1622
2786 502
4166 1275
3522 1195
2008 915
5702 2214
6865 5955
888 506
5208 60
156 17
1682 716
6860 4140
4212 2117
3955 2202
2366 1871
4066 3068
5970 734
1611 1378
2408 710
6689 2957
7 3
7002 1
6163 3309
3612 1041
1720 621
1971 345
3804 2301
4684 2464
2366 42
3352 1304
64 4
1610 1057
1250 140
6518 4951
1290 181
7214 1585
4611 2608
3844 1384
1903 987
4586 2771
582 145
1972 519
5630 2353
970 18
4112 1931
4159 629
5800 529
2454 609
2356 1631
5104 430
6561 97
1576 656
4937 2287
4102 3065
5270 4532
2876 1735
98 79
7090 3616
3507 195
1198 652
15 3
4458 242
1276 877
457 79
2060 72
1288 525
6330 2646
3210 2288
6146 483
6436 5057
470 151
1508 59
2122 231
2290 17
3652 503
6638 4365
7208 4357
32 10
1571 918
704 366
3708 2825
3160 2137
628 151
2862 1700
7048 3448
5388 2458
4750 3631
2159 1190
4518 3628
7330 715
2345 1731
3850 2288
7232 1969
146 104
6279 4623
5577 2914
6936 5013
838 599
1416 827
4354 2383
7 6
5456 1595
704 590
2128 39
402 39
5971 2814
1416 213
6616 3919
126 28
5778 4274
1616 475
30 9
439 201
4598 1942
1782 526
7157 6103
4368 2164
3330 289
1372 397
7316 3855
75 24
6154 1537
2138 923
3600 1941
5028 244
1554 970
344 4
7108 4622
430 103
5480 4133
20 8
3209 1376
3432 1218
3586 278
762 2
4161 1740
5614 1833
222 139
6483 2098
5400 1450
9 1
7157 1179
4922 2073
3208 2559
6736 4537
4676 3579
1748 287
656 589
5195 2017
2992 2414
5699 797
2125 123
2548 2040
5187 4283
2434 1691
2052 1275
3418 2257
119 34
5134 2609
7300 5643
6642 2969
3850 137
2166 1800
5443 4319
5078 1572
1048 626
2328 1942
4505 3738
338 109
4915 3698
6554 783
5662 2479
3112 1535
2672 754
1836 764
338 153
7270 1939
818 516
6912 2441
5955 1275
17 7
6773 1448
2752 2348
2158 1510
3048 2313
2291 1233
1985 979
2265 189
3880 197
5969 5305
195 39
2189 727
720 393
2116 1527
2660 73
6557 3913
7256 1980
1878 302
7259 5885
5052 2479
1654 1185
1597 772
2394 2105
3990 605
3554 2341
3669 805
2915 627
3764 425
1268 375
4485 503
3182 804
636 312
4800 2752
4935 1314
3288 2500
4753 253
2550 2285
2971 2616
106 51
4860 1646
10 5
5002 4210
2136 153
2987 1123
3248 143
3664 3259
6560 2675
622 65
7111 5263
3388 1032
3016 1154
1420 282
6892 557
1810 489
358 57
6844 3103
1901 418
118 99
1736 1555
4374 657
5754 631
4545 1339
4964 2516
7062 1427
4264 946
3340 1046
4132 1729
6968 869
1148 402
4652 781
2980 2112
3372 23
4190 3511
6396 4113
5012 3343
5250 637
4756 3726
3468 2811
6402 5641
354 57
10 1
4269 1973
4132 1874
6411 1813
1738 1503
2225 1994
2274 1072
2682 440
6210 643
2934 1441
7012 3996
3940 2861
772 561
4358 1697
3276 1208
4506 1142
1176 143
2100 909
4030 2971
4628 358
7278 2325
4188 387
3164 1015
4342 356
3004 2227
770 473
1234 913
2036 1207
3829 3054
6344 2266
6947 751
126 22
4287 2635
818 41
2392 1278
6448 823
3981 1039
4723 2895
60 37
5444 508
11 5
4276 2353
5596 258
1650 89
3782 908
5462 930
5657 596
1073 189
5042 1327
3458 2911
290 173
7112 5361
4112 1153
3925 2969
6578 859
6594 3140
1481 811
4891 2860
6786 1018
4244 2388
74 43
3535 1348
6138 2241
1635 516
265 177
2309 83
6936 4393
3738 1185
1614 454
3992 2185
6533 4514
3714 1905
716 369
5588 641
2062 1681
3018 238
5044 2623
2440 2183
4048 2856
6352 1842
14 1
1012 699
6138 2753
5206 4422
1798 1341
7003 3373
4830 3991
5093 3114
3134 1765
3712 3319
4652 2419
879 243
270 185
2124 539
3506 1587
1778 653
5828 1916
655 384
2133 46
1424 886
4084 1066
642 91
4580 2537
6210 2637
4318 1699
4417 1685
4563 2883
2194 887
1461 709
6152 2047
3876 2497
4536 588
5587 3495
4314 436
3257 2563
4292 2806
4516 219
2622 1064
6959 1183
2078 1807
7 1
5208 1620
1167 885
1810 598
1994 1036
4081 2089
3540 2712
6316 1537
7240 3027
4234 1876
5652 1752
430 23
7050 4735
3042 1088
7335 2853
184 136
1757 1412
3255 1853
5330 2729
3516 2913
3154 1893
1398 893
254 101
6763 4689
5449 953
4202 136
6502 5759
1815 503
6352 4236
2728 1162
4996 4135
2444 1481
6070 2035
3042 441
7108 2382
310 63
6168 4775
3138 437
72 61
452 139
18 15
2690 2113
2182 1367
3106 561
7298 53
2376 1358
4474 277
6816 4969
4903 1105
2570 985
6604 835
6182 382
2945 2461
7250 5408
355 309
4282 2781
1209 879
2706 1283
1064 754
6094 3370
7284 3945
6988 1313
3302 1494
4661 3397
4144 2947
194 45
5834 3179
259 206
1094 34
1355 345
7040 1706
3694 2239
7170 3872
4090 1921
4388 237
1688 1269
5184 4445
5264 3721
2741 275
4222 958
7 5
6620 1592
4433 1994
2280 2048
2399 2001
2207 1279
3820 2437
6668 2228
510 362
2871 1219
1552 361
562 203
2493 1090
5702 1136
2072 543
4460 1340
2900 880
2215 1572
3892 1590
1576 49
2892 1492
2393 2128
3393 217
2518 1282
2355 209
6438 2547
6328 1397
5942 4882
5540 4553
1147 710
6632 3287
5889 1883
3252 2759
1996 137
4722 697
253 10
600 166
6458 981
2691 220
115 23
8 1
3078 815
4086 980
5713 425
7198 2962
5883 3203
6600 2987
1670 1095
212 20
1824 295
4975 3239
2986 1101
496 207
86 63
6295 4632
1881 137
5388 2164
7258 3049
3926 1243
6424 529
5543 4777
6684 2125
198 134
5812 2871
2710 561
780 566
5968 99
5518 4281
936 719
4461 2319
4890 535
2324 994
6219 3513
3678 1589
6482 3772
671 128
3305 421
1710 1164
5181 117
3368 392
12 1
2578 2185
1868 1438
6616 1353
6864 3636
1122 8
193 127
5205 2561
6296 130
7276 325
3680 2968
1218 893
976 119
360 21
1585 1300
5053 582
1952 1635
5586 3706
2006 1296
5272 463
493 83
1776 63
4314 3277
1521 19
3364 459
6666 450
160 39
4008 382
6986 4490
4770 1777
746 370
1594 736
3708 1229
5110 4442
713 292
2722 921
1194 48
780 349
590 421
6310 5594
14 1
7265 3301
6798 3045
2357 414
4215 1234
150 99
1712 253
6909 2933
2147 1393
5197 3618
1924 1354
4923 3891
1598 139
1118 386
6550 511
4692 1527
766 329
2794 689
6301 4976
1123 157
3315 590
6580 280
1858 1126
1266 987
7134 1273
615 437
7107 1603
91 81
6820 1520
5580 344
4353 3158
5697 4747
6673 5506
3390 1715
5346 3578
5848 936
99 78
1616 740
6052 48
4668 481
15 4
1076 595
946 399
1982 1402
4742 1454
6088 198
3866 2778
6440 433
6884 5095
1524 1030
2718 449
538 287
3708 396
4457 3379
3920 1534
90 41
662 518
297 155
2180 1
1352 875
1768 14
4130 3188
4420 1597
6078 4173
3880 712
5570 763
3135 2678
1692 1135
2448 1374
3292 2513
3420 1684
2538 899
3675 3090
5940 464
4333 932
1150 727
4658 3628
2544 529
4594 2725
139 72
15 6
118 79
1132 149
3556 654
6578 2463
6440 4113
1940 689
2820 2279
1848 83
5174 4225
6900 2273
258 128
538 321
273 125
5322 1503
4839 1757
2334 1051
7329 5312
5684 4067
5478 4583
2739 445
6746 5349
1152 255
44 19
4758 3133
2624 1832
2169 236
1510 259
6791 2389
1560 171
7068 4536
2787 937
4548 748
1470 725
5832 344
4474 3341
6616 1437
6442 3155
6140 1732
2450 780
15 11
3320 4
3919 3454
6588 5606
3325 41
7182 1540
6663 4141
4126 2090
2330 857
82 46
4042 479
1255 440
1318 1085
4918 1668
6537 2002
888 205
4783 2209
2300 2027
4881 889
2244 1337
6634 1607
508 276
5807 2007
6626 1393
5230 1271
4269 2338
590 516
6168 1795
510 424
138 56
5202 2833
2552 1856
2211 616
2680 195
464 382
4868 431
1384 1093
3818 2724
4391 3448
4076 1825
17 6
2003 1475
3970 701
3354 751
1618 921
3810 447
5714 4897
4809 1545
5414 3826
3465 583
1812 619
1364 286
6061 451
6608 5541
4296 1772
5326 3032
725 121
3597 2592
2948 2614
1836 921
414 97
6618 4491
3093 45
4086 2636
5750 1607
2456 963
6405 4931
110 23
5584 3218
2890 1127
6020 1175
1278 11
4592 2277
3754 2495
5776 5171
3474 1129
3385 2772
5979 2400
7068 5366
4201 1877
19 1
1687 815
3714 1871
6542 31
6478 1577
5258 984
250 17
6858 3107
720 290
5128 3989
1463 1111
5547 1063
6192 4755
3169 1000
2737 271
486 335
5927 177
2161 1681
2335 1270
6434 3358
2166 187
4335 117
4352 13
518 321
5038 3413
3180 1913
6215 3648
6716 4367
236 189
3846 2595
3174 291
6837 3871
3020 741
1362 981
5921 2863
2901 721
2194 375
1239 453
7251 4649
4906 2006
15 5
2727 453
2250 109
4828 1032
6342 4410
6180 3846
3448 2074
3194 352
1124 73
2134 1766
3794 2111
6650 4206
2548 1928
5676 1059
1502 1148
2206 1702
3136 2028
1804 850
6266 4804
5090 4098
4813 3675
6727 5217
870 562
2340 1491
4482 467
1919 916
6631 2194
4182 1897
2480 1150
1514 1252
602 7
2848 980
2756 1260
1478 876
1330 1132
2596 13
3934 2887
2104 492
52 38
5921 35
19 11
4486 3933
2770 761
695 82
1272 845
321 11
2790 247
153 101
6180 417
5679 2234
6718 4135
1010 69
2736 1323
6162 4976
860 304
4904 1353
2515 537
880 268
5484 2431
6362 3393
1654 1199
2454 673
2324 2013
954 721
4650 688
2583 2021
651 199
4845 3271
3838 3100
2980 1684
2376 755
7104 5473
4127 431
6012 2153
5270 2799
2604 2168
4670 4121
4241 568
3626 2757
1228 673
7 3
3280 19
4092 3151
7068 1431
4074 1327
2410 3
379 129
5674 3817
1120 771
2635 1427
1694 486
4076 2446
6319 102
5872 5025
440 294
1770 450
2654 1588
7158 3395
6844 381
5491 1643
5344 4432
2460 1971
259 193
509 98
4904 685
6468 840
406 306
696 446
6616 4999
2560 117
148 43
6912 5195
3810 1046
284 108
4504 2662
387 89
1848 1656
2358 739
4325 113
3432 2973
15 1
5018 4240
7043 5057
4720 3156
6936 2822
1462 491
2474 77
5469 1
6277 2966
5374 2094
7310 2013
4160 10
523 287
236 12
144 22
6000 2946
6369 2874
264 136
3380 2552
3503 2569
2074 1048
4704 1278
228 120
6341 3772
2194 329
5974 3841
3338 1535
3858 1585
6613 4824
3442 206
6728 1990
34 16
7255 4299
4120 91
3174 627
3782 482
702 224
6138 1473
194 108
1832 774
13 4
6474 5589
4754 465
6962 1128
4004 1710
5600 3252
6454 1963
1044 150
3498 2305
6090 4341
5920 635
4459 1914
490 401
6255 524
4010 1501
432 161
2364 1272
6931 3127
2802 862
5760 3513
2208 1100
3418 1923
6032 2469
1236 1107
5055 3025
2841 236
5834 3197
5284 2941
5382 2685
6269 4093
4731 2674
2454 1601
3386 746
3970 3202
6228 3944
7290 2961
3001 201
1593 1253
6990 379
2722 694
7 1
6370 733
1584 319
2790 473
1114 898
6083 4693
7126 462
7216 2741
4364 52
544 461
1150 386
1304 337
6993 1951
6494 3265
1621 445
3456 976
7065 4213
6529 4202
7084 2592
2072 1415
3706 1854
3722 2642
7102 4432
5473 496
131 19
5588 3191
6786 4472
422 185
2010 531
5236 4052
78 38
1757 1273
4502 3536
937 241
2170 1835
4276 3294
3478 1325
7004 5356
7044 1493
7228 5300
13 2
5696 2776
419 25
3296 1314
869 698
6349 3663
355 138
4073 2633
5372 1393
4108 370
3756 2569
1010 829
6566 1196
1048 247
5590 2341
2381 967
397 288
4668 2183
6247 5293
4627 715
1008 422
1452 565
3162 2730
1032 466
96 65
976 547
6196 2177
843 458
3267 1927
3220 95
6385 1652
4114 3019
3268 529
4833 2608
2376 855
6430 5193
3034 2524
7016 137
2748 2053
2733 828
7 6
4764 727
1903 758
6680 4980
4951 1164
5012 2847
7326 3136
6276 4773
1568 996
2978 805
4530 2805
4997 2234
1585 717
6062 3385
1628 1
1612 19
7125 841
6455 2482
5797 3073
4284 3680
6424 5738
1647 964
5584 4225
4865 3882
1275 211
522 225
1923 71
1396 1021
1516 761
3730 553
1375 1152
4666 2951
1039 247
5636 646
1578 159
22 12
1125 949
6763 1803
5266 4435
7030 3597
7 1
4943 3941
3259 2581
1064 796
923 776
1381 713
3537 2445
5116 4242
2056 1811
1414 1195
4266 3754
6602 3667
5022 2535
460 98
6476 1363
4422 2283
6265 455
242 29
4682 3500
2452 1378
6852 765
885 537
5678 687
6612 1876
99 36
3054 833
6030 2057
582 466
1918 961
1488 1034
6416 2165
6220 1931
6730 3418
1248 253
5544 2085
5139 4366
6548 3708
1673 1018
1182 572
3086 1533
13 3
4046 2336
4852 3752
1241 745
1741 1129
5652 886
5988 3846
7020 5171
5268 3017
3180 104
6824 3775
5316 1179
2436 741
835 521
4910 3833
3217 468
5080 2592
2604 1178
206 144
5513 624
2569 1394
2122 921
2686 1437
6425 1205
6996 6243
1388 145
1758 1485
4519 1858
628 198
3008 808
2795 2451
1026 27
976 532
3430 1159
3630 592
6251 1272
4790 169
6414 2
3626 292
1338 1128
7 4
3106 2022
2621 1683
3032 1553
6517 3052
742 118
6054 1519
4492 271
3330 913
4084 1088
6182 2816
1870 1527
5952 475
3125 2605
6068 5238
6879 5591
6107 3769
6234 1335
4066 1778
1237 1105
5258 1541
3557 718
2532 509
1441 57
2720 1533
5892 2202
3708 904
5748 3116
576 437
4604 487
1521 377
6576 3124
1647 1015
6466 2055
6090 3337
5093 1858
1446 1120
2709 109
2832 1351
6518 2745
7 3
4931 3004
6601 2591
1064 112
818 677
5463 1885
6570 3143
6240 4961
6422 4282
2048 509
3896 2741
3414 673
7304 3550
4409 2649
6042 3139
5222 1575
2866 294
4542 1626
2722 1154
4200 2731
4842 889
1906 1472
7148 6133
5043 3971
5608 2108
882 586
6855 4292
1634 1180
4588 2298
5554 4717
1860 771
3455 3035
724 632
3605 3226
830 701
4940 1501
6385 1919
6264 5144
282 92
7316 2432
9 7
3913 2924
964 47
2354 2011
3668 2897
1974 1120
6300 1612
750 539
4216 2439
7246 2212
311 191
3525 100
5313 2263
3772 1721
4757 1555
7142 5878
6678 3159
3610 775
6214 5107
6316 862
683 432
1096 626
653 319
5617 3888
6930 16
6823 5581
580 299
4998 2121
4766 2352
4054 2961
6403 2615
3000 2234
3219 2182
2698 2305
2260 1
7030 2720
934 764
1895 1536
4888 2666
2065 1401
7 1
5960 3943
4493 12
4353 2518
750 319
7038 2505
4294 2302
4148 3503
372 32
2930 2210
424 205
2164 388
2136 1045
3668 1531
5436 4809
771 484
6770 1166
6160 4051
6280 971
6943 3048
807 87
3952 730
6852 2377
2312 1619
2390 1165
4244 858
2389 237
4114 1801
92 3
3240 1525
3829 65
6207 1332
2256 1864
4118 125
7310 1727
5208 2108
4581 207
3188 886
2176 1525
5443 379
19 1
7088 5687
3386 862
6426 4170
4737 1177
6006 2632
6024 1075
1414 973
3510 1794
668 160
4386 3270
932 174
3170 2764
5302 4403
6546 5671
1010 433
5864 5218
3725 162
824 274
3658 2493
5329 461
2195 390
2002 237
4618 4128
2843 155
5731 2563
3952 3115
6166 1190
4918 594
3758 2129
72 56
3344 1259
4252 3563
3444 31
6118 5079
788 266
7095 6063
742 284
1680 679
1820 1606
7 6
7038 79
6018 2432
1907 983
5840 880
6770 5929
2740 2218
3492 957
1229 533
3086 1270
6808 1116
590 509
3246 947
6533 5644
1820 904
590 402
4944 962
6812 3311
5701 3444
5733 2913
3500 1692
4784 3556
5577 2833
3282 2348
1268 1103
2736 950
157 28
197 151
3046 1202
5918 2956
1778 1217
6082 3940
6176 927
6834 5651
5236 3028
534 141
4326 1035
3098 1339
4246 1114
532 395
16 6
5702 1059
5114 2911
5909 3065
1150 211
4022 3188
518 5
6901 578
6304 3626
3150 107
2018 855
141 11
4441 215
6696 1261
2358 145
3722 1996
4336 3125
348 51
7092 1407
412 179
2462 1720
2784 1181
3250 540
734 605
2935 2593
1188 765
614 439
1620 19
6645 3325
7225 6158
4650 3145
3268 314
5004 3356
6924 1645
3197 2481
6206 5107
4388 2959
6069 1065
3612 1383
2322 548
19 11
1792 859
4415 986
5305 580
5959 5175
7047 1926
622 13
644 232
756 672
2774 2241
867 169
4368 1971
2841 241
6496 1682
7284 5902
176 22
6216 869
3290 2353
2860 1363
6998 5553
90 57
6679 545
6718 3713
5570 4533
3354 2243
433 43
7320 3606
5211 409
936 545
7330 1487
4268 1948
4480 1625
1878 1242
4224 1464
5068 2409
476 89
4568 3076
2594 1845
5500 3888
5132 3293
19 3
2740 518
4550 3030
6967 1449
1466 781
406 106
4504 235
2493 1698
6679 4453
5488 3245
3668 177
3582 1699
1613 669
893 633
5056 471
3496 1
2636 288
5522 2711
708 609
1294 749
4026 619
2683 177
5396 706
5964 11
2642 2370
5254 751
4038 3185
280 76
5676 1353
4550 43
1104 70
3650 979
3498 2603
3442 571
254 41
4969 4095
6486 3324
4614 3673
5156 2541
4789 1131
19 14
558 242
3288 1518
974 677
3418 1145
4245 869
5516 3505
163 129
1636 1203
1192 671
4102 967
1785 1022
1405 475
5674 5016
5884 2359
7277 3941
1496 701
3732 3331
844 322
6755 2906
3164 1272
174 76
3930 433
7132 5455
6097 961
846 560
7104 2567
4121 2493
4913 3691
3630 1247
4254 3325
6647 1220
5486 4728
1013 742
997 568
2823 1705
1958 725
5479 1619
4882 1081
84 44
11 6
1057 127
6812 3551
5722 4605
7273 528
5056 4310
5544 843
4862 3592
5714 3939
1334 697
6224 3484
1468 534
6316 4313
6614 4441
4156 1982
2681 613
304 148
2416 1953
440 268
4825 7
1385 717
2484 1957
2802 398
6269 1319
3985 965
2493 1136
1999 74
3882 251
690 69
5987 4938
6962 1966
6718 337
590 505
74 51
5074 285
2040 294
710 631
7012 5211
3494 358
5227 1681
18 1
5592 2069
666 57
6900 3647
4691 2789
4314 2797
4887 1677
5506 4508
5266 4382
6450 2453
5245 1051
1782 308
476 282
6272 5013
7176 5671
3354 361
5211 2143
502 386
2894 900
828 148
760 187
2836 2192
6849 5749
2420 915
7338 1439
1227 481
7272 3034
304 253
4502 2062
180 50
7044 2555
590 239
4624 3460
1885 668
4651 1061
252 117
707 241
6910 4937
2170 1945
2856 2004
11 6
4096 2617
454 13
5160 2255
5234 2599
6158 2381
2502 942
348 71
4102 3390
6583 1961
3114 1047
5422 2129
3909 587
6976 6061
4382 228
1160 625
1836 1187
3798 349
5473 2676
7204 4186
6364 2621
7056 1977
4194 3305
7010 3955
3004 1026
6108 827
6502 208
3865 2591
2705 829
6292 1581
4998 3839
7051 4693
5030 882
5411 3148
1660 190
7187 1665
3508 2084
1148 346
3574 2850
3318 1155
11 2
1470 293
3680 141
506 365
4182 3516
3109 612
4763 2065
6552 2669
1766 1461
4078 926
1192 219
7004 4672
5124 3847
1053 467
840 363
4314 1937
6248 3880
752 69
6370 839
6502 2199
763 435
623 406
1635 485
2130 857
3648 2764
6615 4162
4744 2466
6006 931
4948 63
5728 4073
5758 728
7238 749
3258 881
6374 2177
4081 2659
6696 4665
1634 1373
5492 3613
628 546
1534 769
15 1
1390 1136
6648 3556
3960 1713
929 557
7012 2623
6315 3274
5228 808
3238 1672
658 467
1312 1142
2642 115
5688 4359
7002 3630
7186 5990
3754 1081
1329 1080
828 401
1422 475
4620 1879
7108 4623
5226 3300
4684 2748
2034 1636
2454 518
5926 982
5212 1468
4708 3858
2751 2091
4048 2606
3713 1880
1330 859
1124 787
2349 1283
5777 2578
5342 4662
3569 2630
7136 5458
736 307
6840 2532
18 9
2648 1226
3382 2064
956 857
6186 4260
4298 2286
4813 2915
6198 1597
1164 85
4895 2752
6475 1984
5906 5121
6807 5128
3774 4
3810 763
6467 4345
6233 89
7221 400
1282 1089
382 174
5691 4180
3094 661
2675 293
5386 382
234 190
2242 687
4316 3848
172 47
5347 1721
6212 1619
2143 745
6652 1387
2756 2125
2760 509
655 431
7088 6176
3057 603
1752 553
7198 3111
4570 1711
9 1
720 89
6642 3727
149 61
6774 1
1818 1158
6288 4316
4043 3091
1213 432
3770 2254
4404 597
6939 424
294 34
7088 5798
2237 1180
1480 331
4017 121
165 35
3400 2688
2744 55
5137 1993
997 604
2074 1033
4353 2320
6710 6007
5416 871
2814 673
5566 1231
6060 3938
2148 1827
7171 5365
7202 4982
6684 4979
783 97
3974 1116
2520 126
6412 5255
4528 1455
1368 285
4578 1129
11 7
1476 949
1322 525
2436 255
4534 313
2836 59
3638 2521
2408 1781
793 649
5264 999
5074 3451
2413 1511
678 17
5555 689
408 263
4404 3551
6566 3786
3716 1339
2316 601
2289 1093
49 7
3992 821
279 146
2978 2171
2547 475
3322 498
409 333
352 232
5835 1453
1833 545
4800 1114
4470 1708
5548 4844
4314 2553
6342 4185
35 26
5174 283
2177 1632
4128 3476
5608 612
15 5
1112 593
1508 1221
6246 1189
6118 5501
4709 2561
2277 193
6368 2278
1319 486
3993 812
1930 1698
20 8
6952 3909
2907 409
290 49
794 541
4010 1961
2916 255
1905 909
3560 2290
3088 28
4390 3297
5791 329
4554 1534
1158 916
6784 770
6916 6171
5958 1611
2244 1047
5892 4151
1646 1399
7293 1006
1985 800
1542 731
4203 149
4694 4129
3290 413
568 74
6043 3254
236 209
17 10
3147 1625
3570 2073
4042 1567
5282 324
6825 5075
816 50
2808 978
6824 3423
2100 1512
6050 4096
232 9
6129 1013
2562 2061
6034 3621
2424 2046
5625 3925
3815 3057
7121 6049
2992 165
3686 2003
6423 3023
845 185
3420 88
2140 1384
838 211
6713 4622
1301 1123
3646 1317
178 60
5613 3982
3124 60
3805 593
5365 4601
3642 691
7016 573
5075 2146
3724 2626
6974 3571
6946 2944
9 1
1867 101
512 81
2933 134
5384 2624
4969 2425
4016 3481
5476 69
5330 3307
104 91
2408 953
5226 1689
2682 866
3438 1000
6728 2336
4700 1304
3717 1407
2370 1587
1082 554
4234 3401
6660 1274
5370 4061
788 141
2432 294
334 79
890 264
1922 951
6309 1501
5502 3919
1320 363
971 770
5277 898
7280 5571
3392 1768
6084 2392
3090 117
6516 4292
4828 4156
20 14
3232 2401
7 1
7056 3272
5050 2273
676 260
378 11
1352 1039
5280 4028
2922 1629
2381 1611
5184 1064
2748 1067
3569 146
2679 340
5815 1374
4759 2292
274 184
793 162
6050 3637
3047 1255
2512 1114
1922 49
5154 2677
2832 1716
6042 2742
4041 869
6100 4118
4314 3171
3086 103
1842 1328
3817 3317
2288 934
340 54
6354 4163
3212 2351
1048 682
4146 701
966 327
4300 2595
3730 2497
1937 802
17 10
4602 236
2490 1446
2661 205
3880 2535
768 90
5660 3991
3194 919
4965 837
2215 1004
5074 172
7008 885
2842 422
5371 2571
2507 313
5068 1914
6488 2604
5910 1073
6697 2783
4112 1925
2204 526
3002 1375
397 169
5872 5047
1801 1335
2300 1881
1640 719
1425 999
3695 2190
7308 5965
192 25
448 100
4981 1
5670 2314
4950 4114
7314 4165
1333 665
4449 2398
2961 1573
4443 3321
19 16
7292 4375
4286 1740
5444 4242
3553 1220
6329 2144
5233 834
187 40
6466 1746
5082 2294
830 365
3786 2767
689 618
2390 829
3098 2065
2554 737
1178 69
7089 2666
608 514
3028 1565
1806 137
6532 4155
5333 3771
5868 3007
140 58
1154 194
1285 977
1496 419
5248 1575
324 139
1416 747
182 107
6802 4951
1348 34
5556 1841
2532 1119
6898 3345
834 694
5304 4732
1677 205
7 5
1843 224
20 9
483 377
3366 1897
1540 1061
1660 1077
6164 2064
1623 1389
5371 4611
5070 4231
1749 629
6693 1927
1537 238
1704 88
6442 852
7318 606
4090 2561
3957 1200
1564 436
2328 1215
4950 2815
1892 129
4191 548
3169 1463
4459 254
3084 1801
1992 1541
5340 1223
3348 1288
5634 2107
7238 970
3744 2419
1088 588
1184 791
6945 3123
370 177
6570 5031
5141 831
6102 2205
10 5
194 55
4896 3839
3301 2427
1424 526
30 13
6095 2819
5910 18
2940 353
6538 4013
1524 847
1766 1554
1525 627
7052 176
2362 916
6106 4301
6622 4875
1562 796
298 113
4156 3162
5013 2272
5936 3982
4395 2529
3344 87
6336 3204
5636 3399
6116 4121
613 433
3472 540
6526 2205
5337 718
5470 3969
3426 1773
4778 203
2414 655
1736 848
1315 1157
780 313
5871 1234
4492 3321
12 6
964 118
5191 3080
2928 1046
2286 1889
5670 799
114 97
2059 87
4494 1
761 41
1346 578
4236 66
4402 1493
1870 11
5167 2883
698 9
162 102
100 32
110 49
3692 1283
6276 731
3066 2281
4648 2302
648 551
2704 311
5116 4245
3729 3197
5356 921
4676 4145
1118 159
4523 1426
7251 6059
3178 99
5904 3550
7095 4748
1980 1469
6608 2009
2200 1438
5098 3217
6694 921
10 1
3758 1335
3737 2350
1622 1384
2104 874
2844 2473
5881 4357
1840 1494
5506 4771
5120 2486
6792 753
715 196
4816 1851
5744 2475
5008 235
5556 213
5190 4381
3566 3059
6101 3098
168 130
6901 2443
4852 4164
4196 2475
1962 566
70 7
926 469
5201 3121
185 33
3120 2555
3981 739
1352 913
6480 3809
2820 2349
1407 436
6728 4452
1698 1468
2520 1686
6501 881
3753 864
5182 1715
10 6
5758 3472
6380 4216
4612 3429
4438 1573
6200 3200
7167 5469
576 457
1995 387
3370 1316
1954 333
2553 1778
357 215
3272 1151
2040 816
4692 1661
2768 148
442 318
2676 1249
1518 795
5744 288
1528 464
4428 2685
2572 833
3931 109
2556 1921
6208 2369
2510 995
1340 1150
1279 328
5682 1527
4144 349
3794 571
1799 755
7118 5939
7036 3218
5620 965
6062 2562
1654 593
4037 193
7 5
1313 578
4396 3341
6807 1417
2964 572
4907 3727
5833 2825
4424 3916
1987 564
7145 1065
710 323
4378 2787
3276 336
3269 62
2480 179
4880 1616
1371 243
6056 4315
166 86
4060 2492
5150 3665
1116 584
903 503
5194 3985
6469 3019
1572 1201
4740 3390
5517 4411
1731 685
4154 1582
3936 389
1983 1295
324 77
3550 2613
6172 2275
5424 532
6468 2477
1713 1261
3371 2913
161 51
11 3
4995 3201
6559 1416
3073 1239
3887 61
2169 261
7140 996
102 66
750 445
2114 598
5110 1137
2718 1985
3645 1926
6242 426
1430 517
6385 4678
3405 341
7050 6303
6659 1082
6730 3641
1002 730
3555 1677
4940 3676
4472 3827
5734 3507
3584 262
4780 1593
4320 1990
4808 3276
1884 1149
2022 882
4282 1870
1066 533
1390 185
3898 153
644 246
6044 4404
1624 1237
6420 4093
5424 3227
9 2
1806 251
5148 1109
5366 4795
1244 748
1269 681
995 284
4318 693
3711 442
2300 1998
7114 1485
763 645
6693 4101
4796 2008
4151 3711
7314 4483
158 121
267 160
5101 3561
3516 2571
6228 884
2527 962
6237 937
4848 431
4335 131
6731 4341
2516 2145
3896 1244
1564 445
1140 211
6170 581
291 46
1947 1633
6536 421
1756 1366
3193 1045
4910 93
3594 541
2574 106
4111 2560
17 6
3142 1029
3798 3117
1819 59
4548 3503
1460 283
7088 1332
628 284
3624 178
1748 895
1663 1351
4188 2738
3521 37
3076 72
4954 1118
1782 107
6946 2631
5378 3807
1171 283
485 422
680 439
646 472
126 25
3754 249
4460 2756
2882 57
3076 1387
2534 718
6643 3941
3664 1182
223 195
4410 529
1206 665
4689 2843
3108 1105
6217 667
4482 2290
1760 1353
2320 132
1765 973
14 7
5932 1961
1617 271
3158 2689
1352 757
2977 2182
456 386
530 321
2954 1667
7036 3699
7188 4884
1692 1289
5966 1612
6290 3185
4218 895
4342 3140
6746 4641
1757 907
3816 2625
44 15
5606 3829
4286 2969
2232 1619
2084 718
884 190
3696 3181
4320 2710
6628 2331
6353 4930
6032 1330
673 411
2310 971
5542 3005
4283 2246
7190 1419
3048 1636
3206 1545
899 423
6957 1290
3269 1559
17 4
337 148
172 47
565 485
368 18
1611 1127
3733 1788
3598 1699
2662 1891
2122 407
125 89
410 337
6833 511
3784 631
50 9
