1000000 1000
668325 71827 668325 71827
60882 301222 61037 301467
880539 681238 880542 681238
983279 162826 983279 162829
388283 346079 388295 346249
966934 427208 966934 427208
289332 750120 289333 750121
524680 562984 525180 563012
411095 908033 411096 908033
402591 995236 402595 995236
51335 689108 51335 689108
796186 605632 796186 605634
643683 128945 650901 128945
225596 379939 225677 379968
482613 843903 482613 843903
788854 449536 788854 449536
888749 262256 888749 262256
839738 589752 839738 589752
764208 813691 764208 813691
988715 37381 988715 37381
840435 930595 840435 930595
366369 940100 366370 940101
745996 190686 745996 190686
646432 483633 646490 483633
592327 781921 592327 781921
405681 698122 405683 698123
753971 941547 753971 941548
742148 194028 742148 194029
860268 613085 860269 613086
418622 690836 418623 690836
929372 301686 929372 301687
448298 845433 448298 845433
888446 158619 888446 158619
25513 685018 25516 685019
707464 673622 707467 673625
116571 646941 117319 646941
482458 809011 482462 809011
65171 806068 65171 806068
271389 887779 271392 887782
765474 364225 765475 364225
307384 682183 307384 682184
593263 565500 593299 565512
143118 175660 143159 175678
613494 714081 613494 714081
605049 867837 605050 867837
936420 935809 936421 935810
292557 331397 292617 331515
728977 299077 728977 299078
445944 876175 445944 876176
274475 746496 274476 746496
833049 742599 833049 742600
603923 753014 603924 753014
899922 991754 899922 991754
397402 686681 397404 686681
715338 836808 715338 836808
374490 878400 374491 878402
622069 946572 622069 946572
676211 962919 676212 962920
641291 814729 641291 814733
119587 962564 119587 962564
852195 241900 852195 241901
397318 100382 397362 100460
677280 744063 677280 744063
11732 116165 11812 116167
33050 887826 33053 887829
110204 187852 110221 187899
384857 712636 384857 712637
461476 681452 461477 681452
667268 704599 667268 704599
815192 986653 815192 986653
379125 90342 379178 90389
923564 635928 923566 635928
987588 687648 987589 687648
518795 121610 518891 121610
681651 299147 681651 299147
395907 833776 395909 833778
386670 767636 386670 767637
700347 563338 700350 563341
643327 158948 653116 158948
567434 679236 567434 679236
276075 956165 276075 956167
664910 558034 664911 558034
913292 620570 913292 620571
691582 354068 691582 354068
991421 865254 991423 865256
837334 77610 837334 77610
960353 756901 960353 756901
214814 741359 214814 741363
485706 765999 485706 765999
408204 815412 408206 815412
515816 449903 515822 465106
533 275022 599 275872
709931 840228 709931 840228
270522 436472 271087 436517
942110 645483 942110 645483
94249 127841 94285 216898
124871 965223 124871 965223
591152 232570 591181 232650
271504 712526 271504 712527
907861 620762 907862 620763
10055 900945 10058 900948
689716 990665 689716 990668
745219 668639 745219 668640
151714 747302 151715 747304
813142 95841 813144 95842
263396 752755 263396 752755
909816 379639 909816 379639
859694 667221 859694 667221
593530 681889 593530 681889
984864 640990 984864 640991
963398 445105 963398 445108
742894 446093 742896 446095
917761 185628 917761 185629
363460 674004 363463 674004
959125 13997 959126 13997
983166 926116 983166 926117
143704 195641 143718 195651
631323 328943 631326 328943
987485 432305 987488 432305
581200 782956 581202 782958
845114 47904 845115 47904
747790 142301 747790 142301
813536 444579 813536 444580
405490 740552 405492 740554
637867 632671 638781 632671
52833 705663 52833 705663
429348 870724 429348 870724
541046 976355 541046 976355
189725 755775 189725 755775
737610 98356 737610 98356
398445 994732 398446 994732
669502 876140 669502 876140
374398 627849 374398 628389
968013 393010 968013 393010
661738 532941 661739 532941
870256 587766 870258 587768
289570 923623 289570 923627
426857 460730 426972 534298
713992 716207 713992 716207
138060 582022 138130 582473
913522 3923 913523 3926
467529 871792 467529 871792
161638 806522 161640 806524
557887 855349 557887 855349
832259 84529 832259 84530
742260 434680 742260 434680
452747 833625 452747 833626
380211 289031 380308 289116
285137 700386 285138 700388
804934 682426 804938 682426
194005 737032 194005 737035
718298 908100 718300 908100
123227 729710 123227 729710
878749 716510 878752 716513
134230 435721 134286 435788
409858 805919 409858 805920
366836 952103 366836 952104
298083 723917 298083 723918
146012 959782 146014 959783
815150 978388 815154 978388
24350 851813 24350 851816
964031 162317 964031 162317
741828 92561 741829 92562
437519 778226 437519 778226
988227 904706 988227 904707
957470 371392 957470 371392
862632 79347 862632 79347
313309 844171 313311 844172
616183 272899 616183 272950
638340 942190 638340 942191
259329 776699 259329 776699
617228 875051 617228 875052
721440 120395 721443 120398
858707 945686 858707 945686
350358 817321 350361 817322
77523 647928 77702 647928
977276 579077 977280 579077
881641 804810 881642 804810
71711 554110 71758 554146
947550 731726 947551 731726
842819 756854 842820 756854
900022 4405 900023 4405
795224 40770 795227 40771
599664 713609 599665 713609
693424 883890 693424 883891
140900 889548 140900 889548
226151 755258 226151 755259
775822 619855 775822 619855
926398 979418 926402 979418
62163 768758 62163 768759
524709 861764 524710 861764
812729 923895 812729 923895
831415 98743 831415 98743
430636 721785 430637 721785
318623 806450 318623 806450
238406 713834 238407 713837
285270 704123 285270 704123
452125 961689 452126 961689
698133 848291 698133 848291
911361 52437 911362 52437
576518 382003 576755 382004
723550 114415 723550 114419
699329 587233 699329 587233
761997 292499 761997 292500
506114 891360 506114 891360
777690 483839 777691 483839
536179 162080 536252 162088
839907 472632 839907 472633
843262 350939 843262 350939
975630 896215 975630 896216
730177 894358 730177 894358
356242 791547 356242 791547
972914 451407 972914 451407
815773 699904 815775 699906
400357 940312 400358 940313
683736 809340 683736 809340
277979 706086 277979 706086
776342 328236 776345 328239
762378 797570 762378 797570
872834 647820 872835 647823
250566 619390 250566 619459
343139 697322 343139 697322
615996 975257 615996 975257
926486 796853 926487 796853
751026 168288 751027 168289
257392 786478 257392 786478
913365 900242 913365 900242
247176 764725 247178 764726
332276 504501 410749 504586
316731 927106 316732 927109
978294 189173 978295 189173
913293 128923 913295 128923
877743 178579 877743 178579
828312 425949 828312 425950
767778 876808 767778 876809
810727 348256 810727 348256
874738 946935 874740 946937
652702 561015 652732 561015
64378 879533 64379 879533
886732 777777 886733 777777
931630 339470 931631 339470
830286 655526 830286 655526
168237 686190 168237 686191
819375 899022 819376 899022
714137 278612 714137 278613
415072 613122 415072 613507
647705 582986 647764 582986
60855 939432 60856 939432
315372 868684 315372 868684
176738 887019 176738 887019
607224 848005 607228 848005
310129 363149 310169 363151
509928 993742 509928 993742
851774 116754 851774 116755
751668 347391 751668 347391
586324 639721 586324 639721
620139 144617 620139 144688
28434 960390 28437 960390
357355 596413 357585 596455
739940 531850 739941 531850
767218 781220 767218 781221
647498 785853 647500 785854
56997 833068 56999 833068
175821 877621 175821 877622
703539 920966 703541 920967
320243 487618 320304 487866
933568 594460 933568 594460
177936 704268 177936 704268
981383 26291 981383 26292
662493 168633 662493 168633
691258 274323 691260 274325
768286 40688 768286 40688
326129 815725 326130 815725
695802 319819 695802 319823
714205 965016 714207 965018
782102 148869 782102 148869
696825 73916 696825 73916
281172 188640 281172 188676
196871 739291 196871 739291
695673 321451 695676 321452
338342 881866 338345 881866
278992 866392 278992 866392
203780 292502 203940 293120
817935 752853 817935 752853
846879 372838 846879 372838
851571 353011 851571 353012
318062 888311 318063 888312
601736 190058 601736 190761
790327 458816 790330 458817
381974 814839 381977 814842
61917 246400 61957 246678
271415 654605 271455 654605
303578 875356 303578 875356
961216 48798 961216 48798
826820 6773 826820 6773
983420 206624 983420 206624
690633 269677 690633 269677
467997 917068 467998 917068
845108 181161 845111 181164
929274 180012 929274 180012
816582 141943 816582 141946
375237 739937 375240 739940
332556 71499 334944 71563
783674 775239 783676 775240
496749 672988 496752 672989
41222 749164 41222 749165
764121 228762 764121 228762
158909 348857 158965 348880
263753 719935 263754 719936
348116 730445 348116 730445
741262 850482 741264 850484
458947 812377 458947 812377
329325 790932 329325 790932
4560 893035 4560 893035
759335 6143 759338 6146
774089 553691 774089 553691
481069 432782 481513 432875
664217 670245 664220 670246
557312 838636 557315 838639
960589 968345 960589 968345
270077 991196 270078 991196
980650 896696 980650 896696
698174 696004 698175 696004
542127 883322 542127 883323
816200 109863 816201 109863
231417 341697 232401 372113
810595 234643 810596 234643
416047 924155 416047 924156
838168 524121 838171 524121
690357 132936 690357 132936
398073 657074 398164 657074
88742 681448 88743 681448
588498 892682 588499 892682
645754 135558 645833 135558
810861 323531 810862 323531
78430 862882 78430 862882
656586 212844 656673 212844
222710 471480 222741 471629
335346 761247 335348 761249
367146 120495 376961 120565
892257 128188 892258 128189
233121 952785 233123 952787
839700 204004 839700 204004
537159 58325 560450 58891
358342 660974 358342 660975
903836 776613 903836 776616
974913 73668 974913 73668
690326 764948 690326 764948
361823 412032 361833 412063
752538 674947 752538 674947
816914 387782 816918 387782
321274 644069 331064 644069
14644 138 15232 573
279109 940259 279110 940259
820605 903780 820606 903780
884457 638147 884460 638150
198103 945181 198104 945181
837074 873898 837074 873898
766412 214733 766414 214734
726037 128311 726039 128313
551963 774327 551963 774327
643050 830088 643051 830088
714755 793625 714757 793627
348137 895432 348137 895432
501742 540507 502457 540574
950042 141697 950043 141697
660511 910166 660513 910166
406629 870200 406629 870200
950378 202030 950378 202030
280709 814910 280711 814912
484691 183420 484737 183446
558503 189335 558572 189351
330069 356933 330124 356968
404407 995569 404410 995572
742823 604387 742826 604390
200791 859484 200791 859485
176994 827349 176996 827351
897032 677129 897032 677129
739297 773603 739297 773603
284050 844083 284050 844083
747935 614211 747935 614211
895026 972090 895026 972090
781761 474076 781763 474078
832621 841595 832621 841595
963667 294878 963667 294878
519382 625033 519382 625542
305780 767200 305781 767200
470559 992698 470562 992701
589357 933152 589357 933152
468461 651199 468506 651199
147920 680120 147920 680120
859846 197427 859847 197427
271861 856429 271862 856430
122174 886247 122176 886249
994256 686599 994256 686600
881177 264549 881177 264549
634204 179203 634247 179203
770766 340035 770767 340035
829170 279470 829170 279473
354022 34021 442906 34039
812476 947848 812476 947849
82231 756927 82232 756928
617519 852186 617520 852187
629840 684482 629841 684483
900986 374454 900986 374454
380261 762767 380262 762768
943239 525458 943239 525458
850597 467335 850597 467335
635416 982947 635416 982947
689934 988597 689934 988597
525250 999280 525250 999280
906537 884113 906539 884114
201726 539554 201744 539628
552047 851621 552048 851622
750060 857227 750060 857227
953940 652100 953940 652101
672931 69978 672932 69978
799009 465014 799009 465014
722692 777415 722693 777416
924305 571955 924305 571955
787281 841031 787281 841031
695368 166640 695368 166640
939734 536909 939735 536909
939930 836735 939930 836735
810175 222246 810175 222246
954703 726065 954704 726067
924258 529881 924261 529881
947828 710092 947829 710092
460393 272034 460482 272049
878853 694657 878853 694657
549344 990259 549344 990259
711657 218491 711658 218491
963139 488159 963139 488159
89849 835388 89849 835388
817840 103637 817842 103637
604130 776260 604130 776260
361978 971621 361978 971621
915440 639192 915440 639194
930490 422671 930490 422672
120829 901694 120829 901694
680508 119192 680508 119194
457507 888530 457507 888531
75907 77926 75945 77946
734436 926699 734437 926699
224286 256075 224310 256931
171133 872464 171133 872464
776069 775332 776072 775335
270228 423176 270268 424030
739497 275588 739497 275588
266627 770971 266627 770973
659721 873869 659721 873870
600761 986866 600762 986866
806371 650601 806372 650601
631088 821278 631088 821278
599499 961499 599499 961499
64412 700369 64412 700369
798532 512483 798533 512483
837709 949849 837709 949849
985129 156239 985129 156239
290795 763622 290796 763624
171985 847625 171985 847625
258658 725770 258660 725772
142357 905274 142358 905274
52149 28624 53092 28823
831853 276077 831854 276077
777914 936171 777914 936171
142211 775240 142211 775240
791391 525038 791391 525038
613724 964167 613725 964167
784812 518693 784813 518693
472211 698963 472214 698966
55275 621509 55275 621541
571620 936398 571620 936398
702101 492766 702101 492766
881812 629480 881815 629481
779082 293196 779082 293196
357479 904134 357481 904134
43454 819486 43454 819486
729237 460353 729240 460356
10220 728111 10220 728112
513510 902189 513510 902189
130689 775215 130690 775215
635398 8790 635409 8790
299499 986203 299500 986204
236373 916651 236373 916651
311403 926218 311403 926218
973432 673026 973436 673026
343469 691996 343469 691996
706609 242884 706610 242886
351855 868603 351855 868603
726585 176198 726588 176201
872273 626714 872273 626715
964752 563819 964754 563819
816143 751371 816145 751371
152497 791708 152497 791711
572573 921035 572574 921038
965383 780228 965384 780229
60635 732694 60635 732694
968865 266110 968865 266110
814192 249997 814192 249997
934825 407841 934825 407841
975171 81123 975171 81124
696172 214140 696172 214141
362249 670886 362249 670886
706400 220213 706401 220213
845789 250063 845789 250063
740085 417955 740086 417955
686123 467760 686125 467761
318083 457054 353323 457088
339201 133724 339214 133757
317403 790970 317403 790970
165178 126001 323974 126034
20163 960996 20164 960999
830235 781243 830235 781243
112192 886425 112192 886426
641514 686776 641514 686776
714795 151341 714795 151341
909687 880882 909687 880882
958170 125364 958172 125365
458630 882384 458630 882384
479521 842754 479521 842755
823385 410153 823386 410153
311449 867739 311449 867739
792390 493953 792390 493953
143127 909770 143128 909770
72112 856505 72112 856505
916522 464136 916522 464136
888247 976966 888247 976967
562185 974088 562186 974090
97935 617357 97935 617392
363983 704496 363983 704497
222510 882139 222510 882139
361545 108139 448469 108698
627846 969785 627846 969785
381896 681586 381896 681586
158610 11911 158626 16458
607854 964614 607854 964614
730107 970234 730107 970234
20507 511267 20787 520867
596305 416372 596371 416373
403793 870300 403793 870300
82870 677914 82871 677914
925355 677143 925358 677143
613560 173873 613560 173944
351577 816235 351577 816235
973759 11999 973762 11999
724407 238980 724407 238980
768171 754585 768171 754585
336169 661486 336169 661487
749329 34510 749329 34511
636831 967443 636832 967444
195463 410854 196372 411234
879200 216510 879200 216510
834545 668091 834545 668091
56334 40721 56384 56440
184022 759498 184023 759498
625936 344282 625936 344338
19572 712800 19572 712800
199995 718187 199995 718187
896105 601002 896105 601002
876650 730972 876651 730972
319744 842185 319744 842185
989398 962148 989399 962148
123506 994958 123507 994958
852765 379124 852765 379124
904881 946936 904882 946936
253268 661341 253271 661344
715103 599347 715103 599347
497158 249402 497925 249441
348351 927112 348351 927113
618868 611133 618868 611887
64861 842506 64864 842507
870161 493716 870161 493717
323828 907279 323828 907279
327231 638437 327298 638437
329220 621347 329220 621409
545779 343181 545869 343266
886153 842921 886153 842921
98086 843956 98086 843956
688351 356873 688352 356873
231247 787500 231249 787500
988268 666944 988268 666944
884096 506749 884099 506752
661713 497478 661715 497480
504651 777315 504651 777315
621618 620017 621618 620073
96861 844067 96861 844067
631363 990155 631363 990155
940042 149786 940042 149786
156728 220648 189196 220678
941959 427369 941959 427370
313361 777269 313361 777269
198182 886681 198182 886681
399123 277704 399855 277739
252479 679817 252483 679817
457372 967764 457372 967764
716159 804272 716159 804273
663210 356683 663211 356685
465328 946760 465328 946760
978967 407396 978967 407396
874877 340481 874877 340482
311722 630407 311813 630407
324818 556068 325415 556992
188944 732311 188944 732312
738573 577226 738573 577229
838317 93621 838318 93621
844784 402430 844785 402433
216952 816803 216954 816805
820556 325379 820556 325380
581542 724228 581544 724230
725054 6410 725056 6412
346499 546702 346719 594933
614591 641045 614656 641045
985472 223416 985472 223416
734856 168867 734856 168867
729779 99632 729781 99633
459361 172483 459379 262125
372815 720590 372815 720590
169987 50543 259214 50628
999679 975450 999679 975450
389173 854619 389174 854622
786545 922263 786545 922263
731478 857913 731479 857913
226542 999716 226545 999719
425466 600325 425466 614998
260817 741057 260817 741057
374226 719343 374226 719343
781233 948820 781236 948823
952673 112702 952673 112702
176871 507011 176948 513755
258329 942042 258330 942042
933748 89864 933749 89864
213148 405072 214077 405158
153656 853181 153657 853181
810111 948252 810112 948252
399037 70903 399066 73387
31866 695547 31866 695547
604227 144654 604227 144746
358846 522900 358864 522926
599766 927303 599766 927303
468162 489390 468228 489477
832619 888463 832619 888463
614925 150126 614925 150992
243259 699550 243259 699550
619494 232605 619494 240268
622639 718676 622639 718677
667299 575247 667299 575251
216570 390 216619 410
987207 323061 987207 323061
476080 676141 476080 676141
694264 704258 694264 704258
670791 925894 670791 925894
236354 25174 236896 25999
835555 625629 835555 625629
379830 782059 379830 782059
400055 890165 400055 890165
771930 302486 771930 302486
693783 683066 693783 683066
840494 679275 840495 679275
407535 418999 407575 419090
770713 50596 770713 50596
801525 480678 801525 480678
790389 760754 790389 760757
849320 962691 849320 962694
770993 29689 770993 29689
288205 765927 288206 765927
150548 641112 150596 641112
686097 676958 686099 676959
436882 278273 436950 278330
27935 835020 27935 835021
915056 987192 915056 987192
543518 931847 543518 931847
239095 366862 239113 367639
134724 514201 134803 514974
291521 544719 291538 591882
373770 786419 373770 786422
957715 665040 957715 665040
320459 97080 321261 97139
164091 809030 164094 809030
909560 532293 909561 532293
979883 92874 979883 92874
909754 873346 909757 873349
270621 358434 271197 358497
40366 976363 40367 976365
644113 909615 644113 909615
248256 920693 248257 920694
153862 820865 153865 820868
519411 999501 519411 999503
989354 33154 989354 33154
810090 431266 810090 431266
129017 994929 129019 994930
747723 364736 747724 364736
939122 761366 939122 761367
773076 927316 773076 927316
875501 209169 875503 209169
993119 94358 993122 94361
741866 107526 741868 107528
476983 221037 477076 221039
529642 848755 529642 848755
503993 795236 503993 795236
812132 12244 812132 12245
33180 948550 33180 948551
81905 697839 81907 697839
742459 333369 742459 333370
674626 357337 674627 357337
965898 937406 965899 937408
893965 747275 893965 747275
373998 672945 374000 672947
13451 213948 13657 214026
183238 87161 183257 87526
944520 277623 944520 277624
530580 861420 530581 861420
468044 224335 468120 224396
792759 137342 792759 137342
29206 840828 29206 840828
686941 21026 686941 21030
121592 128056 121636 128137
638815 406579 638882 406579
665220 201006 665222 201007
875851 984791 875853 984791
123162 974242 123163 974242
845207 286178 845208 286178
739314 164843 739314 164843
904867 748201 904868 748201
485146 745597 485146 745597
538924 968660 538924 968660
565492 978547 565495 978550
344276 840647 344276 840647
488310 484297 488343 484335
786668 460065 786669 460065
689314 806303 689314 806303
479668 111029 533642 111115
381160 640212 381228 640212
658296 503653 658324 503653
351793 852842 351794 852842
714289 517637 714289 517637
468428 659900 476723 659900
714266 374262 714266 374262
454116 959444 454117 959445
156635 794579 156635 794579
109353 97149 503379 97232
343809 791175 343810 791178
700139 88789 700139 88789
863408 931772 863410 931774
973905 724691 973905 724692
726759 949369 726759 949370
467137 846641 467137 846641
731237 630184 731237 630185
672173 611829 672173 611829
861057 676028 861057 676028
508908 91516 508911 91602
581911 474860 581912 474886
797567 344506 797568 344509
970366 577987 970366 577987
79458 266460 79490 267004
985366 639503 985368 639505
603703 193938 603703 193960
922592 101547 922592 101547
894210 680999 894212 681001
557139 809482 557140 809484
952259 990842 952262 990842
904029 568961 904029 568961
344710 842958 344713 842958
750948 456064 750949 456065
526899 750398 526899 750398
999969 856439 999969 856439
425897 799801 425899 799802
809117 944781 809121 944781
977632 778561 977632 778561
520420 702154 520420 702155
675244 476437 675244 476437
122349 213095 122433 213876
37392 722992 37393 722992
486707 262158 486759 264635
883144 181856 883147 181856
963906 573598 963906 573598
543135 999462 543138 999465
604225 570419 604225 570436
854775 984781 854776 984781
315125 132877 315220 132971
697836 163330 697837 163330
286187 953933 286187 953933
762794 525990 762795 525990
911800 578436 911800 578436
336251 897841 336251 897842
924251 405255 924251 405255
617487 139724 617487 139792
779759 939714 779759 939714
984978 175455 984978 175459
365 686145 365 686146
750048 496061 750048 496061
682863 633548 682865 633550
6878 722871 6878 722871
283473 712123 283473 712123
886187 910076 886188 910077
694412 628459 694413 628462
853510 938530 853510 938530
33767 724217 33767 724218
327326 486324 327603 486418
506784 768222 506784 768226
91729 61802 91773 61899
806683 822420 806683 822420
839412 93132 839412 93132
541127 824246 541128 824246
634925 778442 634926 778442
174309 438339 174363 438397
442283 844730 442284 844730
794237 959142 794237 959142
435568 805947 435568 805951
713007 47550 713007 47554
236315 688934 236315 688934
747757 318251 747759 318251
674439 684903 674441 684904
805724 283501 805725 283501
900777 651636 900779 651638
596758 616981 596758 617067
234649 203135 234729 203339
281126 809280 281126 809280
668350 219464 668350 219464
784035 834597 784035 834597
38622 822690 38622 822691
226391 814011 226392 814012
270859 801998 270859 801998
336519 835225 336520 835226
567558 480505 567627 480730
838489 473595 838490 473598
820582 212505 820585 212505
921481 528742 921481 528742
41060 892987 41060 892991
729180 172211 729182 172213
573895 725850 573895 725850
815664 565036 815664 565036
599324 935208 599324 935212
960136 312530 960137 312530
168292 847569 168292 847570
72395 667556 72395 667556
757368 484887 757368 484887
497216 934228 497218 934228
247858 483669 248698 488945
683193 692184 683193 692184
485631 909352 485631 909352
682023 827147 682025 827148
711875 9611 711878 9614
824892 517331 824892 517331
17511 899529 17515 899529
79235 810495 79235 810496
756062 30997 756062 30997
617415 93590 617415 170123
386276 685801 386278 685803
389295 214082 413925 214082
976633 440187 976633 440187
920315 896304 920315 896304
370858 775372 370858 775372
102532 625513 102532 625567
859497 900589 859497 900589
243324 360877 313935 360925
831626 47142 831628 47144
960339 412024 960339 412024
763959 862920 763959 862924
903833 112062 903833 112062
765976 654822 765976 654822
891014 540647 891014 540648
582305 837804 582305 837804
680543 25792 680543 25792
195904 701329 195904 701330
379810 977277 379810 977278
103163 922286 103164 922286
590224 668304 590225 668304
962668 456072 962668 456073
688842 772694 688843 772694
866474 990744 866474 990744
529741 738604 529741 738604
625601 559708 625601 559762
256487 499555 256583 499651
830166 94297 830166 94297
571988 486767 572060 486796
621346 188915 621346 188922
758206 509010 758207 509010
387626 814257 387626 814257
637013 380523 637031 380523
702660 433738 702661 433738
571824 847148 571824 847148
959642 858339 959642 858339
602518 879647 602520 879648
942679 166580 942680 166580
791454 721791 791454 721791
8165 731367 8165 731368
939838 226028 939839 226029
880382 855086 880386 855086
832872 777644 832872 777644
610101 177927 610101 177986
163169 411248 163172 411265
642219 660456 642219 660460
914856 66222 914857 66222
792283 233329 792284 233331
812484 434681 812485 434682
941093 360859 941094 360859
407194 559646 407211 559695
376156 958179 376156 958180
674239 720104 674239 720104
857742 547480 857742 547481
306613 679661 306613 679661
979831 979742 979831 979742
683478 496086 683479 496086
726477 976052 726480 976055
686198 803308 686198 803308
466612 970462 466613 970462
642123 470023 643020 470023
809130 906924 809133 906924
999957 166825 999957 166825
755350 782196 755350 782196
392197 604971 392197 604999
889176 952561 889176 952561
580708 354025 580748 354102
818312 522072 818312 522072
584110 992238 584110 992238
942916 729225 942916 729225
313868 661832 313868 661832
284432 935972 284432 935973
389228 701545 389228 701545
891507 80993 891508 80993
863690 991808 863693 991808
836612 324767 836612 324767
939157 667355 939157 667356
883545 58539 883545 58539
127520 936608 127520 936609
200627 909801 200627 909802
14679 980148 14680 980148
814459 357186 814459 357187
482763 751427 482763 751427
761451 27615 761453 27617
125310 621817 125310 621851
766961 209494 766961 209494
685298 502991 685298 502992
860607 43019 860608 43019
873179 535056 873180 535059
792060 976506 792063 976509
724748 540398 724748 540402
825986 680339 825986 680339
519190 455598 519258 455839
407073 894283 407073 894287
532821 667868 532821 667869
920117 311663 920119 311663
681888 341158 681888 341158
261330 57945 261394 58006
676042 432361 676045 432364
68472 86294 68560 86358
924388 993730 924388 993730
673371 302246 673375 302246
988929 295503 988929 295503
726155 867602 726156 867602
183365 979405 183366 979406
276872 686564 276873 686564
732349 131691 732351 131692
319873 642736 319948 642736
366913 807714 366913 807715
353979 880800 353981 880801
394733 455293 394742 455316
267165 807219 267168 807222
216093 107619 216818 107650
970469 201457 970469 201457
861409 671867 861409 671867
656207 979027 656207 979028
799151 571527 799151 571527
967150 960245 967150 960249
169503 829595 169507 829595
38166 862329 38166 862330
747680 132468 747680 132471
778463 36683 778463 36686
826127 312504 826128 312505
870038 525301 870038 525301
410575 595025 410615 595270
877178 918762 877179 918762
823816 264134 823816 264134
737638 432447 737638 432447
564632 351111 564703 433123
217961 748178 217961 748181
622821 925460 622821 925461
291632 635911 291731 635911
763103 625925 763106 625928
804958 240343 804958 240344
579064 995253 579064 995253
304675 870463 304675 870464
39380 757227 39381 757228
912651 307341 912651 307341
828242 283291 828242 283293
949038 906758 949039 906759
484986 820790 484989 820793
734899 959129 734900 959130
783717 725719 783717 725720
154384 623692 154384 624289
692681 223358 692684 223359
287478 785887 287480 785888
465250 72118 465348 72128
670218 776296 670218 776296
362229 405493 362554 405561
235191 907394 235191 907394
231385 897812 231386 897812
519906 293908 519962 294120
907044 237795 907044 237795