5 314 500
1 2
2 3
3 4
4 5
5 6
6 7
7 8
8 9
9 10
10 11
11 12
12 13
13 14
14 15
15 16
16 17
17 18
18 19
19 20
20 21
21 22
22 23
23 24
24 25
25 26
26 27
27 28
28 29
29 30
30 31
31 32
32 33
33 34
34 35
35 36
36 32
32 37
37 38
38 39
39 40
40 41
41 42
42 43
43 44
44 45
45 46
46 47
47 48
48 49
49 50
50 51
51 52
52 53
53 54
54 55
55 56
56 54
54 57
57 38
38 56
56 58
58 59
59 60
60 61
61 62
62 63
63 64
64 65
65 66
66 67
67 22
22 68
68 69
69 70
70 13
13 71
71 72
72 73
73 17
17 74
74 75
75 76
76 77
77 78
78 79
79 70
70 80
80 81
81 47
47 82
82 83
83 84
84 85
85 86
86 87
87 88
88 89
89 90
90 91
91 92
92 61
61 93
93 49
49 94
94 95
95 96
96 97
97 98
98 99
99 53
53 97
97 100
100 101
101 102
102 103
103 104
104 22
22 105
105 91
91 106
106 107
107 108
108 109
109 110
110 38
38 111
111 112
112 38
38 113
113 114
114 115
115 116
116 35
35 92
92 117
117 118
118 119
119 120
120 121
121 122
122 123
123 124
124 125
125 126
126 127
127 25
25 19
19 128
128 129
129 130
130 131
131 132
132 133
133 134
134 135
135 136
136 10
10 18
18 137
137 126
126 138
138 139
139 140
140 141
141 44
44 142
142 74
74 143
143 144
144 140
140 47
47 145
145 136
136 146
146 19
19 147
147 148
148 149
149 150
150 47
47 151
151 92
92 152
152 153
153 154
154 80
80 155
155 14
14 156
156 100
100 157
157 52
52 158
158 24
24 60
60 80
80 159
159 160
160 64
64 161
161 162
162 163
163 77
77 164
164 116
116 29
29 165
165 152
152 166
166 167
167 168
168 41
41 123
123 98
98 169
169 10
10 47
47 170
170 171
171 172
172 29
29 173
173 174
174 85
85 175
175 176
176 177
177 178
178 168
168 82
82 179
179 180
180 181
181 128
128 34
34 36
36 182
182 51
51 183
183 184
184 185
185 186
186 57
57 28
28 187
187 188
188 11
11 189
189 190
190 191
191 4
4 192
192 104
104 37
37 193
193 17
17 22
22 64
64 194
194 3
3 70
70 195
195 13
13 196
196 197
197 86
86 181
181 176
176 198
198 35
35 199
199 64
64 62
62 95
95 189
189 20
20 73
73 195
195 200
200 55
55 201
201 202
202 203
203 121
121 204
204 44
44 73
73 191
191 205
205 200
200 206
206 207
207 26
26 52
52 159
159 208
208 209
209 126
126 99
99 210
210 211
211 212
212 213
213 214
214 149
149 215
215 216
216 30
30 217
217 218
218 219
219 220
220 196
196 221
221 222
222 223
223 224
224 225
225 226
226 9
9 227
227 228
228 226
226 229
229 125
125 230
230 231
231 232
232 233
233 234
234 36
36 235
235 82
82 236
236 174
174 205
205 237
237 238
238 216
216 239
239 240
240 17
17 144
144 74
74 241
241 103
103 151
151 242
242 243
243 244
244 245
245 246
246 26
26 64
64 247
247 248
248 249
249 250
250 15
15 251
251 246
246 196
196 252
252 55
55 30
30 253
253 77
77 254
254 255
255 256
256 257
257 258
258 259
259 23
23 260
260 138
138 52
52 8
8 150
150 259
259 261
261 137
137 246
246 170
170 262
262 86
86 263
263 264
264 250
250 2
2 265
265 266
266 84
84 267
267 205
205 98
98 268
268 269
269 270
270 152
271 1
272 1
273 1
244 1
210 1
10 1
145 1
274 1
275 1
159 1
276 1
277 1
278 1
102 1
279 1
137 1
259 1
280 1
281 1
282 1
251 1
66 1
283 1
284 1
285 1
104 1
18 1
286 1
222 1
36 1
67 1
201 1
215 1
263 1
185 1
287 1
165 1
288 1
289 1
290 1
219 1
291 1
252 1
58 1
292 1
194 1
181 1
293 1
7 1
265 1
142 1
143 1
169 1
294 1
224 1
295 1
8 1
296 1
297 1
237 1
45 1
73 1
298 1
299 1
35 1
300 1
255 1
301 1
302 1
173 1
303 1
92 1
100 1
304 1
305 1
107 1
127 1
306 1
234 1
307 1
308 1
158 1
241 1
309 1
229 1
310 1
133 1
33 1
121 1
110 1
197 1
3 1
311 1
64 1
312 1
239 1
313 1
227 1
247 1
314 1
