6 665 981
1 2
2 3
3 4
4 5
5 6
6 7
7 8
8 9
9 10
10 11
11 12
12 13
13 14
14 15
15 16
16 17
17 18
18 19
19 20
20 21
21 22
22 23
23 24
24 25
25 26
26 27
27 28
28 29
29 30
30 31
31 32
32 33
33 34
34 6
6 35
35 36
36 37
37 38
38 39
39 40
40 41
41 42
42 43
43 44
44 45
45 46
46 47
47 48
48 49
49 50
50 51
51 52
52 53
53 54
54 55
55 56
56 57
57 58
58 59
59 60
60 61
61 62
62 63
63 16
16 64
64 26
26 65
65 66
66 67
67 68
68 69
69 70
70 71
71 72
72 73
73 74
74 75
75 76
76 77
77 78
78 79
79 80
80 81
81 82
82 83
83 84
84 85
85 86
86 87
87 88
88 89
89 90
90 91
91 92
92 93
93 94
94 95
95 96
96 97
97 98
98 99
99 100
100 101
101 102
102 103
103 104
104 105
105 106
106 107
107 65
65 108
108 109
109 110
110 111
111 112
112 113
113 114
114 115
115 116
116 117
117 118
118 119
119 47
47 120
120 121
121 122
122 123
123 124
124 125
125 126
126 127
127 128
128 129
129 130
130 131
131 32
32 107
107 132
132 133
133 134
134 38
38 52
52 135
135 129
129 136
136 137
137 138
138 139
139 140
140 141
141 142
142 143
143 144
144 145
145 146
146 147
147 148
148 124
124 149
149 150
150 151
151 152
152 153
153 154
154 155
155 156
156 48
48 157
157 158
158 159
159 160
160 161
161 159
159 162
162 163
163 164
164 165
165 166
166 100
100 167
167 168
168 169
169 170
170 171
171 172
172 173
173 174
174 175
175 176
176 177
177 178
178 179
179 180
180 181
181 182
182 132
132 183
183 184
184 185
185 186
186 187
187 59
59 188
188 187
187 35
35 117
117 189
189 190
190 1
1 191
191 192
192 193
193 194
194 195
195 196
196 197
197 158
158 198
198 199
199 200
200 147
147 201
201 87
87 202
202 186
186 203
203 204
204 205
205 206
206 207
207 199
199 208
208 200
200 209
209 210
210 211
211 212
212 213
213 148
148 214
214 215
215 216
216 217
217 218
218 39
39 219
219 220
220 221
221 108
108 222
222 223
223 224
224 225
225 226
226 227
227 138
138 130
130 228
228 170
170 229
229 202
202 230
230 231
231 232
232 233
233 234
234 58
58 235
235 236
236 237
237 238
238 239
239 240
240 241
241 242
242 243
243 244
244 245
245 246
246 247
247 10
10 248
248 249
249 250
250 73
73 251
251 176
176 252
252 253
253 254
254 95
95 50
50 255
255 19
19 256
256 257
257 258
258 259
259 260
260 261
261 262
262 68
68 82
82 263
263 41
41 264
264 265
265 266
266 267
267 268
268 269
269 270
270 271
271 272
272 235
235 273
273 274
274 275
275 276
276 105
105 277
277 278
278 197
197 279
279 280
280 281
281 282
282 283
283 145
145 284
284 285
285 286
286 287
287 288
288 289
289 290
290 291
291 265
265 292
292 293
293 61
61 294
294 295
295 296
296 297
297 298
298 237
237 299
299 300
300 282
282 301
301 302
302 303
303 304
304 305
305 306
306 307
307 308
308 42
42 309
309 310
310 311
311 312
312 308
308 250
250 313
313 314
314 315
315 316
316 232
232 137
137 317
317 318
318 135
135 319
319 150
150 245
245 320
320 321
321 322
322 323
323 324
324 325
325 326
326 327
327 171
171 328
328 131
131 112
112 254
254 329
329 330
330 320
320 331
331 332
332 333
333 149
149 334
334 335
335 336
336 337
337 338
338 339
339 8
8 143
143 340
340 341
341 342
342 343
343 344
344 345
345 346
346 347
347 54
54 283
283 348
348 349
349 244
244 350
350 351
351 352
352 177
177 326
326 353
353 354
354 355
355 356
356 357
357 358
358 142
142 144
144 359
359 306
306 360
360 109
109 361
361 362
362 79
79 363
363 364
364 264
264 323
323 268
268 365
365 317
317 366
366 367
367 368
368 369
369 370
370 371
371 372
372 373
373 374
374 375
375 376
376 377
377 378
378 122
122 379
379 380
380 381
381 303
303 382
382 383
383 384
384 385
385 271
271 386
386 387
387 388
388 360
360 389
389 390
390 286
286 391
391 392
392 393
393 394
394 395
395 161
161 396
396 98
98 397
397 398
398 399
399 400
400 401
401 402
402 403
403 404
404 405
405 406
406 407
407 408
408 291
291 336
336 195
195 157
157 96
96 409
409 410
410 411
411 412
412 413
413 309
309 414
414 304
304 415
415 416
416 417
417 418
418 213
213 40
40 419
419 420
420 421
421 422
422 423
423 262
262 424
424 218
218 425
425 398
398 240
240 426
426 151
151 427
427 428
428 429
429 430
430 431
431 432
432 433
433 434
434 435
435 436
436 437
437 4
4 438
438 439
439 440
440 402
402 441
441 442
442 443
443 444
444 445
445 408
408 446
446 447
447 448
448 449
449 450
450 212
212 451
451 452
452 453
453 140
140 298
298 454
454 455
455 456
456 457
457 458
458 272
272 256
256 413
413 459
459 460
460 461
461 462
462 194
194 463
463 371
371 231
231 390
390 464
464 465
465 13
13 466
466 464
464 467
467 319
319 462
462 468
468 469
469 120
120 104
104 470
470 471
471 421
421 472
472 384
384 183
183 473
473 233
233 274
274 474
474 475
475 310
310 476
476 477
477 361
361 478
478 225
225 354
354 211
211 479
479 257
257 480
480 358
358 481
481 482
482 483
483 484
484 485
485 167
167 72
72 486
486 228
228 316
316 487
487 488
488 219
219 489
489 490
490 491
491 357
357 492
492 214
214 300
300 493
493 494
494 495
495 496
496 497
497 498
498 189
189 459
459 3
3 92
92 499
499 494
494 500
500 498
498 501
501 318
318 121
121 502
502 126
126 503
503 446
446 504
504 94
94 505
505 506
506 507
507 505
505 508
508 509
509 288
288 315
315 205
205 510
510 511
511 512
512 513
513 192
192 220
220 116
116 514
514 330
330 515
515 516
516 517
517 281
281 518
518 519
519 520
520 66
66 521
521 522
522 146
146 123
123 484
484 224
224 430
430 523
523 524
524 520
520 414
414 55
55 275
275 525
525 526
526 527
527 528
528 346
346 529
529 226
226 136
136 530
530 531
531 532
532 533
533 352
352 20
20 77
77 534
534 56
56 535
535 472
472 401
401 266
266 127
127 536
536 155
155 285
285 439
439 537
537 538
538 248
248 539
539 540
540 541
541 185
185 542
542 543
543 544
544 333
333 545
545 71
71 546
546 547
547 115
115 548
548 287
287 549
549 550
550 551
551 552
552 553
553 554
554 468
468 555
555 556
556 557
557 558
558 559
559 560
560 193
193 415
415 36
36 561
561 562
562 222
222 560
560 563
563 369
369 564
564 565
565 566
566 510
510 567
567 568
568 461
461 569
569 118
118 465
465 570
570 571
571 546
546 572
572 573
573 534
534 574
574 575
575 576
576 180
180 29
29 577
577 578
578 579
579 580
580 581
581 239
239 582
582 583
583 579
579 175
175 584
584 432
432 367
367 378
378 234
234 74
74 389
389 585
585 586
586 476
476 444
444 418
418 15
15 141
141 580
580 397
397 587
587 588
588 589
589 590
590 591
591 174
174 198
198 592
592 331
331 387
387 475
475 311
311 593
593 463
463 405
405 210
210 392
392 594
594 43
43 37
37 595
595 111
111 596
596 373
373 597
597 598
598 599
599 327
327 600
600 45
45 601
601 602
602 573
573 603
603 604
604 322
322 605
605 259
259 606
606 607
607 507
507 301
301 608
608 383
383 592
592 593
593 609
609 133
133 110
110 558
558 173
173 610
610 477
477 585
585 562
562 611
611 83
83 25
25 90
90 612
612 9
9 305
305 441
441 613
613 490
490 614
614 469
469 372
372 172
172 500
500 615
615 616
616 617
617 618
618 619
619 575
575 606
606 555
555 423
423 53
53 620
620 270
270 297
297 621
621 84
84 577
577 215
215 622
622 566
566 623
623 624
624 625
625 626
626 101
101 627
627 628
628 629
629 630
630 631
631 448
448 419
419 632
632 633
633 480
480 328
328 223
223 634
634 455
455 635
635 164
164 442
442 424
424 474
474 636
636 168
168 637
637 638
638 128
128 639
639 640
640 623
623 249
249 641
641 642
642 643
643 364
364 644
644 645
645 532
532 433
433 646
646 647
647 447
447 648
648 514
514 649
649 324
324 278
278 184
184 258
258 650
650 629
629 554
554 651
651 24
24 652
652 581
581 653
653 654
654 69
69 655
655 458
458 634
634 656
656 657
657 503
503 658
658 659
659 660
660 600
600 661
661 598
598 662
662 347
347 642
642 114
114 99
99 584
584 522
522 663
663 350
350 664
664 622
665 1
