-9 12
22 3
-7 19
-8 -19
7 -6
33 -7
4 2
-9 14
1 3
-41 -13
-16 17
2 -1
-3 2
-2 -2
8 -10
-3 -21
-9 5
-6 1
-2 3
10 22
-1 18
6 10
-21 -6
1 12
14 -37
2 10
22 4
-1 -15
8 1
-5 -8
5 0
-9 -2
-2 7
2 2
25 -14
3 -2
23 9
-1 7
6 3
10 -7
5 8
8 0
-14 -14
0 -1
-1 3
-14 -5
0 6
3 -1
8 -4
-11 -4
-31 19
-30 -27
1 -15
3 3
7 -5
-17 -6
6 -8
7 11
9 -5
1 2
24 -10
-27 -30
5 -11
-7 9
3 -6
5 8
5 7
-7 -22
-32 -39
12 30
-5 -4
1 9
0 -18
-3 -24
-12 1
-1 2
12 -7
7 4
-8 -13
4 0
6 -2
-1 3
11 3
-6 -3
-2 -1
0 -9
6 -10
-10 -1
13 -15
1 10
-8 5
4 -8
8 -5
-13 -11
-13 3
5 -5
0 6
11 -27
-4 -11
1 -6
8 2
3 1
8 8
30 12
24 8
-20 4
2 7
-7 36
38 4
5 8
2 1
-45 -8
-42 -4
14 -2
-21 -29
1 4
-14 9
9 -10
4 -7
0 4
-13 15
2 1
11 -2
23 23
4 10
-10 1
3 9
-8 1
-12 0
0 4
-7 -13
3 -18
-6 7
9 -10
3 6
15 -2
-1 -1
10 5
-1 11
-2 -4
-7 6
-8 6
-19 9
-12 10
-6 -24
6 3
12 24
-3 11
-5 16
-19 -10
3 -26
12 0
2 -2
-4 0
13 -11
-21 -15
0 15
3 2
8 -1
12 -24
18 23
7 26
3 1
-9 0
-6 5
3 12
-4 1
-6 -43
9 5
-3 -8
-10 -2
-1 6
-4 7
-5 -9
-3 -15
-6 0
-1 -17
7 4
-7 -4
-7 -8
-1 -17
4 6
0 1
-14 -5
-1 9
-2 -2
-18 5
0 -1
-27 -10
-4 -10
-31 -15
-2 1
-6 -8
-13 -8
-16 14
12 -29
6 -1
-9 0
2 0
21 -7
5 14
6 7
-9 -22
-1 -1
1 -6
16 0
1 -3
8 0
-11 -11
20 -6
-15 -12
-15 2
22 -7
0 7
-34 -5
27 -4
-7 -1
-8 -16
24 -14
3 -28
-1 -20
24 -15
-6 1
-7 0
11 37
-5 -2
-44 -6
-3 0
-2 -7
4 7
5 12
2 6
-8 1
14 15
-5 15
-19 19
-21 -12
-9 15
18 3
2 9
14 16
-13 -13
-10 -9
-7 10
-7 13
1 0
31 -4
-19 -11
-14 -32
-43 -12
9 2
-1 2
28 -2
-18 -5
5 15
-22 -2
12 18
0 19
19 -16
15 31
-21 -7
31 1
3 -23
29 -3
38 -34
1 2
12 52
4 49
42 -23
-3 -5
-15 43
-20 -26
-1 12
-9 13
18 -30
14 25
1 33
40 -17
-1 1
8 -8
-9 1
4 -19
-2 37
-30 -8
-32 5
-20 -27
13 -3
11 -6
20 4
9 -24
-7 7
0 -12
16 -3
33 2
2 -1
30 3
33 31
7 9
-10 1
22 4
-27 1
-3 -5
34 -3
-1 1
13 -3
-1 -12
29 4
15 1
21 4
-4 -1
-3 -3
-21 28
8 9
13 -2
0 -10
6 -8
21 -4
-13 2
7 21
-23 7
-8 -17
-3 18
-8 8
-12 -3
1 2
11 1
-5 43
-1 -11
1 -13
0 0
2 27
10 -1
-23 20
-5 21
-13 1
-2 -36
-1 11
-10 12
-14 7
0 6
-10 4
-13 13
-4 6
-5 9
4 -6
-5 -8
-6 -3
-1 -28
-3 21
-27 -9
-19 4
-3 5
-18 -6
-2 7
29 -3
5 -11
16 2
-28 34
17 32
-1 -12
41 -25
-5 -26
-10 3
-3 -7
32 -19
-20 17
3 -5
36 13
2 -4
-1 -9
-20 -19
14 6
-15 8
6 4
-9 3
22 19
16 -25
-27 -14
9 3
-36 6
-14 21
3 2
-3 17
19 -42
23 -39
24 5
-37 -12
38 11
-1 14
-38 7
-16 6
4 25
-1 4
-17 -37
5 0
3 -24
-3 22
-6 -11
-1 -4
-10 10
27 -1
-19 1
3 0
0 0
0 -10
-3 1
7 9
3 -7
-46 -4
9 -7
-6 4
1 19
2 1
-22 -31
-2 3
-19 -3
6 -1
18 -9
9 2
43 3
-20 -2
-8 -9
10 -12
4 -4
-1 3
7 -17
-20 12
13 5
-12 -21
-3 5
4 -3
0 5
1 7
-12 4
-2 -4
3 -8
2 13
-5 6
13 24
-13 9
13 -3
10 4
1 21
20 -18
10 -12
-12 17
14 -6
21 16
-13 4
0 -1
32 5
-11 -15
2 10
9 -3
10 4
4 -6
15 -10
-23 4
7 3
-7 10
-3 13
-3 -20
-3 -12
20 -34
-3 -10
17 -37
18 13
-25 -10
19 -14
12 -15
-13 -4
-1 11
-23 -2
0 7
-2 -14
-14 -24
11 1
-25 21
-4 4
-8 -1
-11 -1
-6 -2
0 10
-11 5
-23 -3
3 17
4 10
-20 12
-7 -1
16 4
-6 27
19 4
-24 -6
-8 -37
1 -2
-7 1
-24 -17
-2 -1
4 0
-6 6
-4 26
1 9
-11 2
-8 16
2 11
-4 -7
25 -34
4 10
10 7
-8 6
-5 -26
15 11
-7 -4
7 -2
24 0
5 2
-4 -14
-28 2
-19 5
2 -7
0 24
-1 -25
-30 34
-3 3
-21 -23
18 -9
-9 23
-4 23
1 -2
-34 -30
1 -27
-10 28
1 7
0 33
-25 9
-12 34
-23 -18
6 24
29 -12
12 14
19 3
-12 -11
-13 5
2 8
3 -24
6 1
6 28
0 4
-2 -17
-15 -11
38 -47
-1 -11
22 8
-5 -29
-31 -4
12 7
-10 -17
1 -15
27 25
9 16
-19 8
24 -3
-24 26
18 16
-7 22
14 -13
-11 9
6 6
3 24
-2 16
-44 -10
4 -13
-16 -13
-11 -10
4 15
-23 -1
3 7
-1 5
8 -4
-2 -16
-2 35
-20 -3
14 6
-1 4
39 9
51 -4
29 -10
-19 -36
-9 -61
-8 2
11 27
12 -6
7 1
-8 32
-45 23
-18 -49
-4 -43
-38 -3
-28 2
40 9
-34 -9
-4 4
14 8
-41 2
-44 13
-16 5
-1 -15
13 -34
13 -16
31 -3
-9 -27
18 -48
-22 1
48 24
-16 19
-33 17
10 -4
37 -1
10 6
-8 -16
-42 -8
9 2
-6 -4
0 -48
-11 1
-52 18
6 11
-14 9
5 11
7 15
-3 -7
-9 -9
1 -4
2 -2
0 0
5 2
1 -29
8 4
-8 -11
-1 -8
-8 21
-1 -4
-6 2
-16 0
-3 23
-1 -25
-6 8
11 4
3 2
5 -4
-29 -12
-14 -17
2 -40
24 8
-11 27
-13 6
1 5
15 -19
-1 1
29 -6
25 6
-20 -9
2 16
-11 16
-15 36
-2 -19
-10 14
-2 16
-8 -25
17 7
-2 -5
21 -1
12 -15
-22 -6
-15 -13
-3 7
-6 -16
12 -2
-12 7
-8 10
-1 -6
-4 -11
6 -13
4 -12
-16 5
11 -24
1 -4
2 1
5 -4
-2 10
2 -22
15 6
-7 -4
-11 5
11 -18
12 -18
31 21
-14 7
-10 16
1 22
8 -6
3 1
3 4
5 -33
7 -3
-6 -2
9 -1
1 -3
-1 -1
-7 -3
0 0
5 4
-37 -8
-5 -7
29 -15
0 8
7 -4
-47 3
-2 0
-3 -33
5 -7
44 10
46 -3
15 14
-12 -1
4 -11
-9 -2
0 6
38 -16
-10 24
15 13
0 -1
-13 -3
-2 18
10 8
6 16
-1 -12
7 7
-9 -15
12 7
-26 7
0 36
8 -1
-17 29
8 -35
5 2
5 -11
14 -8
31 -8
-15 -33
-16 6
-9 14
1 -30
3 0
-36 18
-16 4
-23 -22
-6 2
-11 -16
0 -11
-11 9
-9 24
5 -9
-6 -28
22 -5
26 -69
-5 24
-16 -2
-3 2
7 11
-35 -24
2 3
8 -16
19 -18
39 -1
11 -13
0 -10
-1 -4
22 -51
-3 -1
37 6
11 2
-11 17
-37 10
17 2
15 3
-18 -6
-10 -17
25 -19
-5 18
29 20
28 -24
-36 8
-10 14
-2 -3
18 -11
-4 -1
-55 78
6 -1
5 -10
-29 24
3 -3
43 29
-12 -9
-8 14
-13 -5
-10 -31
26 1
19 1
4 33
24 -7
-5 -4
3 -45
21 2
-6 7
-50 33
17 48
-7 18
-26 -6
39 -6
1 0
3 35
-25 -14
10 -16
6 -5
7 -31
30 15
5 -3
-8 17
23 5
1 -1
-29 29
-25 -16
17 -41
30 21
-31 -20
-1 0
25 7
26 5
6 -18
-17 36
6 -7
8 -9
-17 -10
-6 -12
-10 5
11 -1
-22 -16
-11 2
52 1
-6 1
9 12
-13 -16
5 14
-1 10
-1 3
-2 -2
35 14
-29 -23
-8 6
-3 1
-1 -12
1 1
5 -5
-5 -34
-7 -6
16 6
-13 22
-7 -6
3 0
36 10
-5 41
-32 -1
-3 -9
10 10
-15 -7
29 -20
-2 14
5 30
-6 80
-50 -37
5 -9
91 5
12 -14
-4 -13
10 -5
-3 -10
3 3
-6 1
-11 37
4 2
-14 8
4 3
-24 22
-3 22
0 1
-33 -17
-8 -6
9 16
2 5
41 9
-11 -28
38 40
-50 -50
9 7
-56 -44
14 11
-64 38
-2 17
51 -29
-79 44
-11 14
-7 12
-9 8
-22 31
-8 5
-13 -2
38 -2
-3 -6
32 6
0 1
-6 -23
2 1
7 11
2 47
7 -43
-33 23
7 9
-27 -21
19 8
13 -11
-8 -1
27 19
4 -15
-28 -30
32 1
-15 -20
14 -32
-1 -3
-5 -1
7 31
-41 -16
-19 0
16 -13
-21 36
11 -41
55 -4
-19 24
41 5
7 16
-1 1
42 -22
-23 -27
-14 -3
-7 -28
10 3
-7 -20
4 41
0 -9
-27 7
-6 24
-11 -6
34 -9
-7 14
37 -6
4 20
-25 -7
2 1
-10 -1
33 47
13 7
12 -43
-11 14
-4 -18
1 23
33 -28
14 -13
32 0
30 -23
-1 11
-2 -4
2 11
-2 -1
-13 -10
-23 16
-10 10
-26 -15
29 -16
11 -4
-7 9
10 5
-8 33
-23 -9
-20 29
46 2
-45 17
3 -11
-14 -1
28 -16
-13 10
-17 9
25 -41
6 -49
-15 -3
-32 -25
22 -41
14 -6
28 37
-6 -3
0 10
-24 -8
1 1
-14 -26
-22 -13
-13 -16
-6 -18
35 34
10 14
1 9
-6 27
19 -16
3 3
-15 28
-48 -16
-33 51
56 28
18 13
21 6
3 12
-30 51
4 -3
1 9
28 -38
14 -17
-8 32
-6 -8
7 -32
-10 -4
7 -36
10 -25
-4 -4
3 5
-5 0
8 -19
53 4
4 46
7 -8
-8 17
-20 -21
11 -17
3 5
30 14
-20 -29
-26 -15
23 32
-12 -23
44 -41
4 16
-13 -13
-12 -18
0 6
-23 -13
-10 1
49 12
25 -44
15 -26
49 29
-31 50
-14 31
-15 22
67 36
2 -15
-40 -15
51 -21
14 -13
1 66
49 -1
49 7
-44 11
24 30
-6 -77
20 2
0 2
4 30
-104 17
70 -86
0 0
16 12
0 -56
24 13
1 -26
27 -67
38 -44
-43 -27
34 -36
-62 19
-42 10
-58 44
-17 3
-53 25
-28 18
23 -3
15 -13
-46 11
10 45
18 35
7 1
31 -5
0 3
-56 -35
33 50
30 -35
-34 11
23 -23
20 -8
-30 28
8 -27
-11 -4
34 32
7 12
-2 -3
-27 -9
5 -9
31 16
-16 25
-17 23
-1 -16
40 -14
3 26
-2 38
-19 -4
0 1
17 15
4 21
-4 29
12 -9
8 -41
14 6
16 4
30 28
-12 -48
28 34
-13 5
44 21
-38 -2
-21 -10
-16 2
13 -48
8 -24
-3 -28
-11 21
19 23
29 9
-21 -19
5 -3
-24 -11
8 -7
-7 28
14 -1
-24 -41
-24 5
-11 8
-1 -44
13 8
-1 -12
0 -3
27 -18
30 23
-42 -4
26 -31
-49 21
-10 -3
13 -7
-31 58
21 -28
-8 21
-37 -8
7 6
49 23
30 -30
26 -9
11 -14
-10 -13
6 8
4 22
-6 -10
24 -49
22 -26
-5 4
4 -10
-1 1
-8 25
7 -37
-5 4
20 20
29 9
-1 -4
-6 33
38 21
-15 18
-1 4
8 21
1 -21
11 1
19 24
6 17
-3 -11
-16 34
13 -3
-16 5
5 2
37 32
13 -59
-77 -16
7 8
28 -12
-6 31
14 -48
2 12
-6 2
24 7
1 -86
-18 22
-71 3
-2 1
-11 -3
-3 -73
4 24
-15 20
21 -5
10 -2
23 -36
14 -62
-12 12
-18 22
-12 13
12 -7
11 12
-53 5
-13 1
5 9
-38 5
-11 -14
-27 11
-31 55
2 -7
-19 13
-34 37
-23 23
-51 8
16 8
-21 22
9 11
-50 47
-7 37
-29 -35
-11 -70
20 27
-53 -2
10 1
5 5
-16 -15
-26 0
-20 20
-24 -12
20 -5
37 -3
-38 20
-38 25
-26 14
30 -21
13 -40
43 -1
13 -3
18 -22
19 -16
34 -5
16 -44
26 -5
6 -31
-21 13
15 -7
6 -2
6 -18
-28 -9
56 33
-10 3
-19 12
-34 -22
-37 -38
1 -30
-8 -15
-1 -3
7 3
-9 -13
-2 -7
1 0
-10 1
-18 18
1 -9
-27 -5
11 -12
-16 -9
-5 21
10 33
3 1
-3 5
11 11
-16 25
-2 -34
12 28
15 -12
-15 55
26 37
13 -58
11 -28
2 23
20 -13
5 1
-18 4
32 8
-48 9
-6 0
2 25
61 1
-19 2
1 0
-3 -53
26 13
-39 22
-3 -1
31 12
-15 5
-39 -32
6 -11
38 3
-13 0
-1 1
8 2
16 0
-4 -54
23 10
16 -21
-5 -40
-1 -45
-20 -3
15 -15
0 4
-27 -18
-5 -8
-7 -15
8 -3
-22 -12
-15 -1
8 -6
2 -18
0 0
-13 -4
-7 -28
3 8
-18 -6
-23 26
20 -37
-9 -44
-1 8
-3 -1
51 4
-14 -40
-45 7
8 28
-8 -4
2 10
1 -14
43 9
5 4
-23 -22
-68 3
11 17
-17 -7
46 2
48 10
3 11
3 20
-23 14
53 31
4 4
-32 8
31 17
-49 -33
-6 5
18 -14
-42 29
-3 3
-17 21
9 -47
-11 34
32 8
-25 -4
-24 18
-16 -38
-19 21
-10 -14
19 25
8 -14
4 13
-1 -10
-25 -5
-37 -6
-10 -18
8 1
4 -11
-9 67
-1 -8
-11 -7
-1 -9
11 -18
-13 12
-31 -5
50 -25
-9 -8
-6 9
-9 -57
-25 0
0 -14
-45 -26
23 -14
8 -26
20 -16
-23 39
13 -25
12 1
-15 18
5 -9
13 12
-6 24
40 12
-12 -6
14 -1
-9 -8
-13 -30
-40 -33
19 -3
11 57
-97 -21
29 -77
-15 -23
13 -16
-3 -2
-45 -9
22 10
34 2
12 -65
-34 -40
8 -66
17 -4
-10 4
-28 -48
-15 1
67 -2
-37 13
26 0
0 -2
5 4
4 9
33 -13
14 31
-51 20
-1 -24
-28 -40
-21 3
20 -41
-20 -23
-43 21
-5 8
5 8
34 -26
-5 -2
-14 -13
-28 27
-13 21
-41 -19
6 1
-4 -29
14 -1
1 0
-11 -10
-27 -2
7 8
6 26
14 -9
-3 -13
-34 -7
19 1
-4 9
32 -18
20 17
-2 6
4 -8
9 -2
21 12
-37 -10
26 -34
17 -3
-14 35
-55 -32
31 -36
-7 -14
34 -34
-6 -12
-7 9
9 -21
7 -4
5 4
-11 -17
-3 -20
-12 -11
6 -25
15 18
-11 -16
-12 14
-5 1
4 -8
6 0
-4 16
20 5
4 -13
-7 -35
3 16
18 -20
-1 -10
11 -17
-5 -1
14 -9
-10 10
-23 -8
20 -10
-11 -4
-20 -28
-8 -10
-20 -8
-52 -4
-3 -38
-6 -5
-39 17
-29 -21
-17 -7
25 -17
-38 -2
9 15
-4 -45
13 -14
-23 -10
7 27
11 -7
29 -28
-26 7
38 -18
4 12
7 -11
-10 1
8 13
-13 16
-63 6
-21 -25
-9 50
2 -36
-35 -12
-2 -37
38 92
-5 -1
50 -49
28 33
-17 -28
32 30
7 -4
33 36
2 -1
-17 -47
-5 22
15 1
8 4
10 -4
6 10
2 7
-7 -3
-3 -2
10 -9
13 -1
14 -11
2 1
-27 -20
-6 -10
19 -26
29 16
-45 0
4 43
-13 21
14 25
-10 55
-50 2
-9 -1
6 -6
29 -14
-9 0
9 -36
-13 16
16 -27
19 -49
1 18
-20 21
37 -16
7 11
40 -11
-11 5
-43 24
-6 11
-8 -3
-20 -9
-37 2
29 -23
0 -6
-25 -34
48 -22
-4 9
5 2
-27 29
-12 -1
-29 -3
-15 6
-49 22
34 -24
-35 43
-2 -4
16 -15
-22 -8
-19 15
8 4
-34 -17
18 6
10 -43
35 27
26 3
-10 29
20 -12
33 6
0 0
-30 -7
19 -48
-33 -8
3 -20
33 14
-2 -1
0 -3
-17 1
-14 -21
2 4
17 1
7 -14
43 10
0 -1
17 -21
16 17
-17 -18
9 17
26 -53
5 21
-8 6
-1 1
3 -9
-25 -13
3 5
5 3
12 4
48 -15
-23 22
5 -2
11 -1
42 -8
-23 -22
-10 19
6 6
3 5
-10 -1
15 9
2 -4
2 5
-16 24
14 -23
-27 0
31 -8
-2 -1
-7 5
-14 -11
16 -21
-13 -17
1 -9
0 -2
-8 -1
18 -20
-5 10
2 14
-2 3
2 -3
9 5
3 -7
-9 14
0 20
-5 -2
-22 5
-13 4
10 4
3 -18
-5 -5
-12 4
13 -28
-8 34
-22 26
12 8
-17 -14
14 -34
-7 -10
6 0
-9 1
-9 -2
-8 -10
-5 1
-42 -13
3 5
-35 28
29 14
27 7
3 -1
26 -14
-9 -70
-9 10
-16 13
9 -9
11 22
-13 -9
-19 2
-1 -26
0 0
-22 23
15 -17
-3 6
-9 -3
2 34
-17 -24
-2 -1
21 17
-23 -12
1 -11
0 9
30 27
20 -8
18 8
11 -19
12 -49
41 15
-24 -6
-19 -16
7 3
8 2
-8 9
9 15
-19 -8
16 -16
-9 -5
17 -4
0 12
15 10
-6 -6
7 -11
7 -10
-1 12
1 -9
14 -3
3 2
11 7
3 -32
-6 -23
-11 -1
1 -20
-20 -16
-22 36
-1 24
6 -9
-2 -15
-31 -14
8 -13
-26 0
27 10
17 13
-16 26
-35 11
3 7
0 25
40 12
14 -11
14 1
-19 10
-35 13
-12 8
-6 7
-10 -8
2 -12
16 1
13 -6
-10 21
-5 11
4 -15
26 4
-24 22
-2 1
16 16
15 24
-8 3
-4 2
-23 -19
22 -29
-27 13
-3 -2
-21 -20
-15 1
16 11
-16 -12
9 12
36 -2
4 -2
8 2
27 9
8 -1
4 -1
17 -13
1 -5
16 -9
4 -12
3 4
0 12
11 -4
-14 6
-1 0
-1 2
9 -7
-13 2
11 -2
-6 -20
8 0
-9 0
3 0
-8 -17
-19 1
2 -17
28 15
5 1
-18 6
-22 32
5 -6
17 -20
17 14
38 21
-11 32
-7 -7
4 -9
-17 22
8 22
0 -17
-4 1
-5 12
1 -3
-10 13
4 -13
-21 -9
-15 5
6 -9
-9 9
-8 -8
13 11
19 -9
1 -9
-13 7
2 -18
-3 20
5 4
3 8
-16 -5
-23 4
-16 11
-1 -9
-8 5
-6 -6
-13 -9
6 12
16 -2
11 10
-18 10
28 9
-12 0
-11 -3
6 38
27 -4
-20 -4
-13 9
24 -20
15 -9
3 -31
-31 -3
-1 1
45 6
8 -20
-1 13
2 1
-7 10
-9 21
-1 -21
21 -10
2 3
7 0
20 25
15 -6
10 1
7 16
-42 4
11 49
14 7
-7 -12
-45 13
3 15
0 9
-29 5
-14 5
-11 14
19 54
17 45
8 -18
-49 8
-3 3
55 -30
44 21
35 -10
15 20
27 -30
-32 50
-12 26
-17 -19
-23 -34
12 17
12 -16
8 7
-29 23
-7 0
27 -47
18 8
-19 -31
-2 -19
-18 -37
13 -14
17 -50
0 -31
43 14
-32 2
15 11
-14 13
1 12
-12 9
-22 11
-23 14
-33 -8
-25 -10
-43 7
5 1
-6 -68
-9 11
8 17
-41 -15
46 0
-4 26
-47 7
-4 -2
-6 14
0 -22
6 3
-2 -31
-5 30
5 -8
2 24
-24 -9
-4 1
5 -1
-13 13
-8 -15
33 -36
-12 -11
6 -10
-17 4
37 -31
11 -14
-2 -12
12 5
-31 -13
22 3
6 38
11 2
4 6
9 -23
45 -23
18 -2
-5 21
-4 22
-16 -29
-6 8
5 -6
0 13
11 -4
2 -32
-49 0
-43 -33
-1 -15
-5 16
11 7
-29 -8
8 -4
-21 -14
-14 11
3 21
-21 53
-6 12
-40 -15
-11 -9
-6 -15
22 1
7 3
8 1
1 -9
-6 -1
-1 3
-9 -18
-19 15
15 1
1 -1
-21 -13
-8 -1
-9 -4
-7 2
18 7
6 -9
-2 -15
-5 11
-13 20
4 -7
16 1
25 5
-7 -11
-3 -15
-2 -15
-8 -9
5 -19
-1 -10
0 6
-1 8
-2 26
2 2
-3 -46
-18 14
18 22
14 27
-34 18
1 -2
-6 16
-21 16
11 21
-41 -3
-3 44
-6 3
-8 -4
-17 18
-22 3
-33 15
-17 0
-5 -27
15 30
30 4
45 40
2 8
0 0
2 1
-4 4
21 25
-10 8
4 2
-12 -14
-3 -1
12 0
-16 -7
27 3
-4 -6
-30 9
9 -2
-13 5
-8 -8
-12 12
-16 29
1 1
-4 11
-8 5
11 17
10 -5
3 4
-15 9
-21 3
18 6
-17 18
-14 23
11 10
3 22
17 13
3 -4
24 15
-7 6
-28 -8
-30 -7
9 25
2 -18
3 1
-8 29
1 -1
-11 -5
4 11
7 -19
-64 11
-18 0
-15 61
-2 -6
-5 -1
-9 -5
32 -69
-19 46
-31 74
32 -53
6 21
12 -41
0 48
-49 32
11 17
-12 -5
-44 -56
38 46
83 -41
-10 6
-81 46
25 -19
29 25
17 64
2 -1
-4 -6
-64 20
19 -25
-2 -4
-38 -40
59 21
25 -5
14 -4
7 -8
16 48
42 -4
-44 7
43 -36
-62 -10
4 2
6 -39
4 -5
25 12
-2 -14
-12 1
-4 9
7 -20
-3 30
0 17
-27 30
5 -10
-40 4
29 -7
-14 19
28 4
12 4
7 0
10 16
20 -8
24 9
13 -3
8 23
28 0
0 -16
13 -32
-19 45
2 12
8 -43
-49 -8
-30 5
-11 -9
-7 5
12 12
24 17
-28 36
7 18
23 5
-6 10
-34 -20
23 17
5 0
9 -21
-34 42
-8 15
-20 -9
14 -38
-16 -5
4 -12
-52 76
29 -3
-11 3
46 17
41 -11
-2 5
0 11
-19 9
-28 -27
-10 42
-13 32
9 1
8 0
-7 0
14 -8
23 -11
-26 -26
16 -12
-5 -11
1 -1
0 -4
-6 32
57 -3
39 -21
7 -1
1 0
-24 2
-21 58
27 14
3 17
-76 9
-4 -14
-21 73
-14 49
1 -14
-5 7
-1 6
8 5
16 18
-1 -3
-12 -25
-20 24
-7 14
14 20
-18 -19
-27 -22
29 -22
0 1
10 -45
22 -10
-16 18
7 -3
13 8
-2 -4
-21 23
1 -8
12 -16
37 27
22 12
17 17
50 -16
-7 -4
-8 -4
20 -9
110 26
57 47
55 43
48 38
3 14
3 -9
-13 -12
-47 58
80 43
-49 18
5 4
28 8
24 -42
-1 26
15 25
34 1
14 -50
0 10
15 0
-39 7
10 -13
25 30
-49 -14
3 48
-8 7
14 0
30 -12
-7 -30
-3 -6
0 1
-4 14
-9 4
-12 -3
-26 31
11 15
-4 15
-1 -14
18 -17
16 0
-2 -17
11 -20
-20 -43
-9 22
41 61
26 42
-5 -21
47 -40
-36 -33
21 -51
-7 14
4 10
-12 37
59 51
13 -26
-28 -7
-15 8
-2 38
5 2
40 -14
-6 -17
10 51
-31 16
8 0
15 16
-19 -30
11 4
0 0
27 42
-34 27
0 -4
-10 -16
29 13
10 -8
-13 50
-7 12
27 -16
-37 6
26 17
2 -21
-5 -14
-19 29
25 5
2 -21
-3 26
10 4
-13 -27
32 -1
-13 -29
28 1
27 -10
9 27
-18 5
-4 -16
15 15
17 3
2 -9
-1 -10
-5 5
6 -19
-5 28
-17 7
8 -29
22 9
-4 -10
-12 12
-12 1
-22 5
-12 -15
-3 -7
-15 1
-3 -27
17 4
-11 -41
-2 12
3 2
-8 -8
-2 0
-16 27
-17 48
-25 47
23 15
-16 6
-44 21
39 21
15 -9
-12 -29
15 31
2 -11
-5 -36
-30 1
25 52
4 -5
40 37
-4 1
-1 -3
-10 -4
0 -9
-26 -7
-2 3
-10 14
46 6
14 -14
9 -8
-18 22
-11 -4
8 2
29 -36
18 -20
21 -32
8 5
17 -3
-1 -10
-28 -17
14 7
16 -14
-16 -7
8 12
5 30
-1 -20
-25 29
-1 -3
3 5
-8 0
5 9
19 0
-23 12
0 5
15 7
-11 10
6 12
8 -53
-42 -9
-1 17
21 -53
3 28
-3 -1
-8 -7
18 -54
0 8
2 15
-6 1
38 -3
26 14
-25 -7
16 -29
13 13
-18 47
-9 -21
20 -50
4 -10
12 7
-5 4
-31 13
41 -13
-11 24
-27 0
7 -21
23 5
-17 -10
27 -26
-24 12
-4 2
-14 5
23 10
19 -7
16 42
-36 -7
18 2
-6 -18
14 49
-7 -76
2 -3
-7 12
-22 -23
-40 26
-28 -34
35 23
9 -8
52 -12
38 -18
-21 58
-41 38
-5 29
15 53
-46 35
-1 -3
3 43
-41 -54
14 -34
-35 11
