2625 3
382 721
1965 0
560 2032
1642 1584
1813 1455
830 1673
0 1631
218 0
845 0
2084 2131
747 804
2070 219
2548 2336
2352 2383
0 1003
108 343
761 273
690 1464
643 940
1797 0
0 1442
855 0
169 624
996 0
2386 0
451 499
196 904
1799 2379
1933 0
742 0
1614 1328
0 2447
737 2240
1871 502
1297 233
864 976
103 317
752 873
0 2588
575 2253
1269 1130
2098 2082
625 1014
206 1821
1165 2020
877 516
876 443
26 59
1883 0
233 107
549 1216
1030 874
1248 510
1585 1569
2067 0
2248 2368
778 891
440 1991
0 1984
0 478
0 960
393 348
1070 0
1579 337
304 469
102 220
0 1305
2243 0
16 258
2143 979
1907 1044
1845 2280
592 1987
53 161
675 563
719 439
1208 1623
173 431
331 207
414 1377
2104 2128
142 1424
207 29
962 807
932 685
1289 283
0 382
1015 1978
2482 0
183 116
650 1318
1057 2487
2196 1068
1914 0
968 1435
2409 198
86 273
0 2208
399 1658
2370 0
0 2205
659 108
111 119
1082 1263
1663 488
82 27
2554 2186
524 2242
568 43
44 139
1764 792
374 953
0 205
531 1796
386 660
215 858
945 2254
0 2456
850 1528
0 1180
2332 461
343 504
179 36
1085 56
1916 1112
794 1266
2430 1965
2544 1386
484 466
0 1959
146 48
0 2509
1333 0
1905 1125
0 235
3 141
1219 949
0 1340
1291 0
0 990
437 2530
192 78
1855 804
1861 2117
1844 746
50 2516
782 853
275 211
2607 0
0 2497
1078 556
1483 345
1429 536
469 602
1756 647
2036 701
1889 1117
1860 0
388 1562
921 848
1670 1109
595 644
1927 2154
0 1714
2249 2398
702 341
1319 636
424 1495
1450 657
2116 0
555 1026
1758 763
95 32
772 396
47 282
252 1262
193 470
388 483
595 0
867 952
38 541
705 204
61 121
49 46
1979 0
203 2551
793 28
2141 2558
1016 2115
532 722
2344 0
247 566
159 165
820 846
558 204
0 1379
33 113
0 1864
977 348
1056 643
1403 483
172 6
1032 716
2550 0
109 25
1513 1970
984 1288
32 65
0 1908
102 19
272 81
1049 380
1285 16
0 2479
1027 123
0 1687
2023 1088
1804 0
166 91
2216 1286
2257 0
917 191
0 1927
20 1814
1394 0
1799 743
2373 0
2387 1109
493 488
307 697
1617 303
1137 882
913 1163
2417 476
315 38
2381 1715
501 115
149 562
365 1121
1499 2144
1600 1575
328 2038
1524 1322
856 1660
0 2290
569 2287
50 576
1402 0
237 1417
653 462
341 186
1006 404
633 0
56 316
2018 1595
1226 2364
8 28
0 621
2589 210
0 1896
1724 1179
0 1267
1364 452
974 2285
0 543
0 1589
866 350
158 1496
1508 66
1880 2519
1052 1194
319 1029
707 162
1358 2054
497 1399
1375 968
1093 1545
110 122
1423 551
1020 0
590 538
818 452
162 1360
2062 0
851 736
2031 2190
390 1122
2405 2242
689 583
134 177
87 1131
1618 115
2214 1550
28 426
2429 2376
1331 1786
2289 2591
0 1381
909 930
999 482
171 17
0 1826
1363 757
2064 0
0 1158
698 58
511 1174
1048 0
20 41
0 2526
676 291
2060 256
1374 0
0 1115
1365 2058
451 244
0 1234
1238 731
606 579
171 449
781 752
680 0
590 1008
1692 0
195 161
2245 1991
1947 661
1314 136
422 438
2174 639
417 639
1415 1059
1609 140
211 300
1968 1361
2216 2438
370 422
1434 2091
495 487
583 76
116 136
240 128
1389 1643
1187 0
2537 0
598 579
1431 1720
152 243
124 1268
1902 2180
401 398
559 622
1830 0
468 563
0 1159
0 1835
0 636
97 62
167 1498
460 2163
149 135
2059 1019
696 661
1891 2165
319 365
280 163
2481 2301
942 434
0 966
1805 1602
0 294
1151 831
585 404
547 1985
769 539
548 1556
0 2221
148 210
2226 536
0 2573
513 1594
354 1727
0 2478
364 997
2148 1939
1940 0
806 0
0 1587
1539 638
113 238
0 2289
1686 839
2301 943
2034 1652
2303 1686
174 219
1198 1437
2534 2429
767 0
973 1125
262 0
2092 2083
689 2464
2007 210
1456 1957
1862 437
457 101
1528 2423
1476 1193
192 1092
394 53
406 2399
1684 10
32 986
2155 0
71 540
1746 2126
11 1064
668 691
913 1955
85 234
162 115
692 639
1501 1
2281 134
11 48
1599 2089
194 129
507 839
464 2149
1298 1178
62 1206
1341 712
2184 0
113 1948
2270 1813
592 938
0 1766
1283 0
168 98
1533 1226
0 1659
159 2125
1743 1678
360 1793
0 2359
0 1931
1567 552
776 1190
1256 111
928 1413
1288 1555
453 0
2592 2433
35 39
783 364
2105 597
2367 1126
154 170
816 2192
1505 1706
1213 1045
358 268
567 0
743 2413
0 1829
69 29
1089 327
2044 0
1440 0
0 2129
1316 1227
365 2133
464 710
1195 192
741 708
897 302
794 182
93 187
135 249
1510 0
486 288
1369 1007
0 2321
1202 0
1299 82
2431 1296
332 396
138 588
757 546
843 185
83 66
230 64
0 1058
341 1891
56 18
185 156
959 1400
1060 997
721 1389
765 0
0 1902
0 666
0 443
1422 1221
252 196
0 1366
560 524
0 2238
1175 354
532 1251
0 651
1527 0
8 60
1679 2045
322 18
200 1189
246 265
754 1857
0 618
1813 2082
226 1142
2593 0
2348 1936
988 2183
717 3
0 1054
1651 1610
12 1086
81 2352
577 1311
0 1942
1615 0
0 1411
1272 663
1172 209
0 1544
1414 1433
194 93
1609 2140
1418 1452
0 1166
895 449
364 828
1994 0
907 978
363 28
1336 0
165 127
0 511
954 1520
481 126
1406 1335
548 450
321 652
306 1721
2263 37
649 1729
1657 1735
1837 420
2278 1783
1492 441
263 1531
335 1518
177 145
888 515
82 114
691 1939
749 1988
2241 600
1434 986
283 0
1761 1620
1382 417
679 2277
646 716
0 2215
71 799
253 0
1255 164
2309 2568
2153 1719
1313 1008
327 350
987 0
0 577
476 1404
379 44
658 821
1171 1540
770 556
182 158
369 646
2189 2353
2234 741
1155 2363
2469 1610
1999 0
587 271
122 937
1553 979
418 1134
0 1073
1041 527
1310 1066
0 408
1438 1100
738 1668
1747 0
1566 1599
0 1330
2496 2258
710 1001
102 1680
1777 1174
906 558
186 360
183 1284
218 465
1648 1103
1771 991
0 2284
0 255
0 1191
0 1759
935 1474
1627 406
2139 898
100 70
0 2462
1216 2400
181 383
2252 2156
1626 1873
0 1302
2095 1377
150 144
0 2428
1342 2141
138 582
1227 0
250 782
196 121
100 181
2184 2437
389 216
2168 643
1430 1656
0 2498
16 146
1075 1922
1317 1179
2415 2167
224 1468
808 871
20 179
995 943
351 171
0 1108
1176 759
0 2322
553 76
1412 798
216 773
1493 0
152 521
775 505
463 747
45 47
1224 0
2341 1485
2235 120
0 2068
1628 1162
1915 0
478 2118
109 170
1823 773
334 167
1716 494
605 1
30 278
0 912
435 944
1597 0
969 69
1547 139
120 1575
146 203
0 2392
781 1723
85 178
1036 72
1302 2459
0 2595
1588 0
2585 0
239 0
2604 0
2307 1523
0 2296
208 163
1179 150
1080 1832
2504 775
1114 415
511 884
2224 1947
929 0
39 248
267 89
840 194
176 193
902 2374
185 1454
591 0
506 0
1911 834
2216 2518
2365 2476
36 490
648 945
2227 0
130 973
2491 1381
0 2492
202 803
1236 0
189 2039
1785 1260
1395 1894
480 380
498 879
5 1581
299 857
1317 1551
0 2275
198 1365
497 1462
694 926
72 433
65 430
1794 897
2474 1980
9 52
645 1749
1015 1398
312 380
195 1961
0 946
0 2489
2204 1193
0 611
0 406
12 192
86 118
2587 1854
2594 165
2073 0
2158 2360
2483 2141
0 1669
1995 2026
1168 1757
181 3
532 1819
635 1098
1529 1472
1223 1250
168 356
0 1203
0 2412
0 2022
417 24
2463 0
0 2213
420 265
0 642
76 133
0 561
367 0
360 446
14 663
222 164
338 96
1585 1920
2605 867
110 737
309 535
1537 2080
574 0
1007 0
266 0
748 1469
0 1281
2052 511
0 2435
1180 1516
96 2567
0 709
1084 696
1711 1989
830 1110
130 455
496 0
1619 1587
578 550
0 1997
1859 188
2354 0
325 0
2407 0
2409 2590
964 0
323 286
2529 0
1461 433
1118 1081
811 593
16 26
2265 0
409 764
1346 858
819 1178
0 1449
164 24
684 499
2125 2600
597 0
1193 1138
250 333
529 630
0 1397
1136 112
111 130
2329 0
0 2565
230 2072
704 93
896 1595
2256 2210
0 429
1141 1569
22 298
0 1183
1530 334
1932 2312
1245 0
758 614
1124 663
1522 0
1249 368
110 92
1369 1523
1033 0
0 575
64 73
2563 332
526 1260
1657 1000
1482 1364
2237 1978
652 1561
23 2101
91 229
0 1655
1101 1932
776 1593
0 892
354 46
0 2571
0 965
753 618
857 1791
33 1140
143 133
468 340
0 223
1387 0
2175 0
163 377
2255 0
599 882
1621 101
2041 0
175 190
0 1876
1253 583
2130 0
0 2120
326 1601
1726 29
753 2212
0 1147
1439 2106
947 54
1825 1662
292 0
623 0
2181 1316
262 398
141 531
2569 286
195 1372
853 2434
922 2286
509 77
228 226
29 983
395 311
28 403
917 2042
147 23
1222 1218
483 862
2244 948
346 1783
755 107
904 2136
1221 823
100 1503
0 241
1199 250
468 2444
892 1782
1745 0
274 61
16 1711
41 412
293 131
2199 764
2393 2188
187 1300
13 130
348 1101
502 186
4 37
894 2340
1217 337
2385 1709
608 132
318 390
52 309
330 674
149 600
417 786
104 138
2306 2542
176 118
1031 1882
0 227
1055 2288
810 190
6 199
2159 1648
1077 1117
1223 0
529 848
0 2112
1900 0
89 236
157 131
1242 67
2209 654
0 452
115 516
399 777
809 334
1051 2210
101 2410
254 1082
975 706
906 2109
146 373
517 1934
797 1606
910 1509
740 1044
427 1557
501 1570
1225 1301
1246 0
0 1644
2506 1387
749 375
881 181
1584 898
424 75
2500 903
1775 2096
401 748
0 1002
2452 0
292 527
471 203
1615 1935
790 2261
2099 1128
591 679
1471 1464
78 868
2609 0
2081 0
1488 2603
0 759
435 706
693 0
683 653
282 2220
2470 0
1351 655
565 323
1144 0
725 1861
135 185
38 1287
1697 957
461 837
519 0
885 1733
1262 1901
611 1878
948 682
1475 1227
2414 0
0 2402
1741 2186
1877 742
934 0
2083 1986
1677 1732
2458 2612
2535 0
115 787
9 1016
720 403
711 790
49 145
1975 1789
548 1362
201 67
0 735
1201 530
603 0
613 527
1752 1175
415 1079
0 738
214 159
1432 429
0 1818
0 1208
752 358
1504 5
320 74
163 90
1677 165
954 0
0 1067
168 38
2201 1751
1088 0
98 768
34 40
2057 1243
2333 2451
1836 0
142 778
1414 1023
2061 688
695 1097
1425 2333
1559 1209
1104 732
108 174
1640 505
2004 1406
1872 562
0 2499
2074 1720
158 166
0 1913
0 911
254 2624
2265 2501
1000 974
61 169
2018 2049
628 342
132 332
2583 357
445 2282
1713 0
0 1695
107 94
1742 0
478 1678
0 1986
278 2384
208 296
196 90
574 1763
1096 1243
1828 1620
347 0
0 734
75 12
1534 1521
980 214
1376 1885
242 113
1292 36
118 336
613 2320
261 894
206 335
589 103
209 208
2512 1878
800 998
0 1847
286 284
139 1350
895 1061
1237 838
2541 0
478 801
246 1209
206 1046
2201 2598
1688 0
2076 0
0 788
982 1376
2566 2480
2394 312
913 1607
515 1181
451 472
2362 0
1702 1057
22 21
855 1401
1045 176
905 1155
991 828
61 1427
1146 918
290 252
2053 1855
2621 595
733 461
1880 0
2311 0
190 1257
993 501
48 522
746 199
1893 1380
2246 1124
458 248
0 1306
0 1998
2327 1915
729 341
718 0
0 213
834 0
144 43
2439 0
368 192
463 0
0 982
648 1031
355 994
245 485
58 200
1868 520
1923 0
1284 2495
0 671
100 1676
1583 1112
1769 0
2602 1786
68 35
0 1808
0 1719
579 46
699 511
1491 871
2570 0
841 583
0 913
348 958
0 1924
810 968
1988 2000
427 13
1051 169
1453 787
441 1616
854 1228
33 115
1280 0
811 1511
212 87
1465 1439
633 725
599 1447
2008 1791
96 669
512 442
958 2454
0 1519
791 334
2086 0
337 154
1005 819
0 1675
1521 1184
72 103
1244 0
490 635
203 963
555 2029
559 2467
1273 0
176 411
0 371
468 2025
694 1145
152 67
657 529
601 670
1378 1802
572 825
2077 1106
1305 1356
0 2035
1421 606
99 151
2037 0
1428 621
464 301
0 2102
1174 1425
14 143
2069 355
474 346
1974 0
1445 1938
0 419
2513 2286
712 488
1486 1220
474 1017
224 0
797 2446
156 2623
1781 1925
1919 511
0 2536
1751 792
725 1076
164 77
264 2559
1466 1405
462 2103
813 1963
0 1564
252 264
727 304
2016 856
1022 1833
379 1090
771 710
484 1388
627 1395
1258 242
1691 1535
183 11
0 861
694 550
819 183
386 731
247 789
94 87
1102 75
63 84
642 1099
334 348
1654 1184
0 1126
1164 1718
1338 860
318 38
385 142
2523 1694
180 28
2187 1618
462 0
2448 1046
607 343
423 2110
1264 1368
1103 329
482 0
1930 1565
2316 2246
53 189
1456 0
301 2111
0 2258
1928 642
182 546
58 361
11 780
2063 604
723 2614
2308 0
1186 1725
2024 110
1278 435
1009 198
868 1226
2033 1597
291 1565
1838 977
120 173
187 1080
0 805
1040 0
1094 749
389 933
2543 1155
1171 1964
2011 864
0 1817
1844 2031
1728 0
397 542
0 2472
2549 1813
1852 1677
2233 0
826 589
2132 1166
0 1605
125 155
402 203
69 617
2608 761
58 312
998 1787
0 550
1699 1208
661 200
138 901
0 1602
2283 2460
766 974
2019 1561
1470 365
2503 845
1728 2465
159 658
2305 0
2127 1669
1068 1129
2449 1508
1062 0
1381 1662
588 1050
552 236
2533 661
80 153
101 18
117 9
1425 2622
2015 1060
307 2546
114 528
1138 230
951 67
1025 415
1575 1941
1326 611
1987 2262
1416 0
279 534
0 1650
2309 751
350 925
775 856
0 407
862 1744
6 259
87 232
2552 2230
1907 1967
1139 309
550 955
234 306
1057 0
2547 0
0 1667
2331 683
972 505
2584 0
0 889
1974 2005
344 813
1457 0
341 2345
190 967
259 766
595 1610
835 887
225 281
1826 2207
122 128
1444 867
829 832
1881 146
1215 252
2292 0
291 686
125 162
1164 612
1348 1845
917 1282
0 1820
497 0
2297 0
1840 329
850 1043
258 304
89 38
2366 2016
2335 0
1143 0
2190 2416
314 15
1863 36
544 487
439 508
1371 851
195 197
0 2617
365 1383
150 24
140 55
1827 401
656 599
322 359
560 627
614 435
0 902
169 19
1275 0
1018 816
0 440
2420 1344
45 160
646 1109
2433 0
556 0
2611 1495
557 140
1865 2294
416 1812
594 354
2231 0
0 2012
405 1917
965 1459
0 1081
414 1229
795 715
488 1358
854 0
0 1127
140 42
2134 702
1043 2525
92 303
648 1748
376 108
0 2075
188 136
784 0
907 468
1937 0
1166 1731
532 596
269 533
0 2484
441 1546
2330 647
1367 63
1689 722
967 2094
903 795
1405 188
874 0
0 2577
0 1100
682 15
906 2505
2198 2039
494 2562
196 2066
1762 0
1332 2157
988 239
2376 282
2304 12
1578 700
787 1801
997 1077
584 256
2390 1916
74 83
970 60
0 1506
2121 2018
1580 383
0 2315
157 1548
0 1897
424 1185
0 724
303 1053
1917 2494
2318 265
946 2358
1909 1116
844 755
132 353
153 1604
1781 381
1929 0
152 289
744 2422
1700 0
147 171
1450 1560
619 0
489 0
461 328
701 2473
833 0
138 344
321 400
410 1478
816 115
2557 0
2014 0
1132 1898
0 1315
91 172
700 179
1672 1006
358 1348
0 1479
2310 1621
0 2378
6 447
467 89
675 1430
313 138
1703 1292
1807 1386
582 641
1074 2056
1200 418
185 415
80 51
1634 620
99 155
2300 1943
128 197
1694 1018
279 1165
0 2152
0 1950
2150 237
0 1168
315 760
101 30
1040 1505
961 301
695 173
0 456
78 92
613 2010
1123 530
563 1552
795 1458
0 1161
38 2002
0 268
1488 254
0 604
890 270
1858 731
137 1431
0 372
62 117
154 276
1188 532
2432 1114
44 2586
1434 1626
349 0
2247 210
33 1558
296 1339
0 246
2 84
2401 581
125 261
1513 815
591 1055
0 730
0 1633
1066 949
880 835
909 0
1409 814
1906 740
133 1712
1063 479
148 2138
1537 1176
834 838
1884 534
2271 2531
2122 0
473 0
75 0
770 1304
1455 339
1661 568
1226 1810
532 42
824 0
191 156
203 893
0 1851
2521 0
1591 167
1407 1063
644 2453
778 1645
1441 2317
1132 1240
2087 1701
2486 0
1803 1676
70 2355
647 116
0 1204
908 2273
1608 2161
0 2248
1652 0
1962 257
159 142
1463 759
221 68
2135 745
0 2507
2349 486
425 1577
0 1856
0 1329
364 1254
257 0
51 5
714 219
0 450
106 55
0 1357
2145 2019
1921 0
1598 532
0 1966
1183 2217
367 572
2475 2301
269 285
6 797
1093 2455
133 2555
1012 0
859 0
935 1480
502 629
1007 2030
1141 0
187 73
860 308
640 534
364 337
405 0
387 0
0 815
648 0
1790 1007
1220 0
0 269
507 0
0 850
226 0
191 610
1021 1768
1116 1308
2396 0
0 2419
515 338
2299 130
60 477
1635 1780
1869 990
634 20
0 785
391 0
1637 664
808 0
1736 524
2356 1444
2164 1630
915 0
1542 871
1013 0
2172 2575
1520 2050
497 2048
1125 1741
136 1022
2001 1086
711 0
918 294
1077 1776
0 1875
273 362
2408 528
0 2040
1071 808
1839 2306
2249 617
200 14
0 1352
1515 963
1074 97
719 898
1186 1012
0 2293
0 1327
2259 288
1671 1740
697 2229
1205 511
46 279
414 1443
979 0
291 792
1593 2596
1980 1130
0 950
0 2171
2314 1645
367 1870
0 271
2514 0
386 1015
260 207
1030 2580
76 29
2616 489
1710 2236
726 0
1693 1996
564 400
977 1370
299 61
615 373
661 920
141 13
1739 978
0 1824
2151 1786
234 475
1547 1701
297 125
1490 882
1879 266
1214 594
1834 1347
0 1197
617 1566
494 1047
989 215
126 21
1354 985
2176 0
1514 601
237 1704
913 1993
1173 316
245 441
0 1753
1116 1624
2182 0
0 2468
113 592
1170 0
0 399
708 23
1746 2490
2574 42
1717 805
919 778
491 743
38 886
105 500
1018 1384
852 0
2578 911
1554 0
956 629
1380 0
1629 1407
805 1770
0 2158
1294 0
1781 2337
65 63
1322 910
2276 1496
2436 0
113 79
933 1353
698 2160
337 1865
8 2177
473 829
2343 307
43 167
1625 1539
1401 2274
943 336
853 1419
1489 613
1135 894
1171 0
1069 401
610 1290
599 384
2471 1612
823 1207
894 2613
626 1436
140 744
758 2377
483 1332
79 935
88 5
27 186
0 1105
1157 388
1116 871
0 1408
222 654
2097 1432
1277 0
1394 1574
631 0
1321 291
588 1039
291 65
498 11
261 479
1019 1259
2485 1680
132 148
1707 1572
404 279
842 768
0 1344
0 715
438 1065
908 846
2266 0
488 436
1493 1499
2560 1777
59 36
82 1866
927 741
0 2553
2146 795
0 1690
1396 483
357 260
64 31
160 15
54 114
1230 0
0 1233
0 476
34 650
2319 1060
1320 220
241 392
645 35
106 108
223 1815
751 244
1385 1772
1068 1303
0 1841
713 160
0 1286
287 0
49 2119
2539 774
67 41
820 780
276 503
502 905
1149 562
2051 1127
1681 0
1797 2009
1535 0
0 2619
988 1231
0 2403
173 199
1738 0
1274 63
1971 1491
1528 2336
847 354
798 593
1 867
1536 0
1612 706
1464 1467
595 677
2391 1092
2579 2513
1698 621
444 1083
112 137
2538 984
74 72
150 2185
0 2206
2556 1088
0 2268
140 559
931 0
517 0
0 1038
2488 0
1839 1220
1977 168
827 685
0 1973
350 830
0 2615
1383 1497
1942 2104
1502 676
425 271
1162 340
1664 59
2324 0
2528 0
0 1960
220 1361
1754 13
132 152
1163 1899
981 2599
346 114
673 687
2107 1475
378 36
384 213
823 1746
0 2545
157 96
1507 1484
2232 1475
437 1632
2445 2083
1850 0
2139 2260
464 626
2250 400
1359 0
1159 1576
0 2006
1034 395
874 2142
2 107
178 311
0 1445
1665 0
570 474
0 569
1586 1339
1010 1093
823 23
1177 866
326 8
0 1391
254 616
286 307
1788 475
1778 289
1621 1635
515 928
1926 750
1347 2458
2511 2049
470 2272
34 39
428 188
244 96
121 352
247 0
0 817
66 139
95 189
1683 1375
1494 937
435 0
25 52
1649 513
1022 1946
72 668
235 896
1030 1674
75 202
0 2597
802 458
551 457
667 304
2291 2132
0 277
2279 1555
984 0
944 1636
1986 2426
0 549
7 97
1952 1363
936 981
342 244
0 2085
324 187
2620 1602
445 405
288 76
0 1500
1895 391
355 2193
1679 245
1481 509
175 225
678 0
360 673
0 2508
2424 1475
77 191
523 0
1990 0
2581 2135
0 1349
1956 812
2334 1843
50 1133
1811 1616
284 20
0 2264
2222 1797
154 81
64 305
0 388
1059 0
0 593
308 262
140 432
1568 0
1446 2372
612 488
1836 2298
1550 982
300 319
1268 2028
42 98
164 1241
878 463
2324 2520
922 231
637 377
373 664
368 1460
643 637
310 215
1622 673
76 2179
2339 918
807 729
19 1232
798 835
763 0
1890 1595
646 1239
351 2071
510 134
123 174
985 1831
0 822
2576 953
1293 339
163 182
675 1091
1182 0
123 1198
242 2283
1886 0
2021 1167
0 740
1795 0
1283 2515
653 2189
512 703
1972 1291
358 1072
1951 1284
1538 408
1035 1210
44 131
774 3
263 340
2274 2527
436 187
539 411
2202 0
56 50
2388 2367
562 949
1620 536
1904 2295
171 2047
390 632
1800 907
781 814
883 1167
1300 2123
1042 496
194 538
2341 2411
2461 619
500 547
959 0
579 1004
109 537
1386 1204
1943 0
231 201
2 413
47 57
2065 1990
878 899
2313 1737
1021 0
462 690
1849 278
2084 1988
2493 0
2055 125
0 1563
1526 1094
1945 1218
1543 0
1642 1874
192 245
1117 2572
198 137
540 1096
7 1426
167 180
386 410
640 723
1904 1617
363 2203
1517 1237
310 1473
0 2079
1588 2078
0 2271
1918 637
1309 647
2099 2610
1184 530
328 0
2100 336
688 189
1696 0
2357 0
1392 1582
271 321
54 148
573 562
1512 627
1439 15
2219 2365
1773 0
70 7
2369 0
579 939
1646 0
113 1571
2114 0
58 96
121 1798
236 434
96 1992
1149 1150
145 831
663 2162
0 1019
2195 0
0 1693
1470 2421
1734 1320
1708 827
153 10
0 672
494 43
1117 1265
1113 407
0 1789
1487 523
843 1271
329 355
448 0
655 2269
918 1392
17 188
140 518
180 2211
444 5
2606 110
762 148
58 2440
233 423
2480 89
1235 0
186 10
1767 1655
0 620
1867 0
666 1075
2395 266
1506 2477
95 206
0 2169
1212 1095
0 1541
171 796
0 1068
248 836
2346 1852
530 0
1620 2418
2194 2163
414 385
2564 1291
0 529
24 1024
2443 0
1622 2170
149 69
0 1334
127 329
794 1603
2618 463
971 712
869 428
1386 1774
2397 1324
2404 1530
96 2350
452 1484
625 250
1296 336
237 14
1012 1153
0 327
0 520
620 1148
339 1225
178 1730
71 105
1613 1420
525 80
85 129
2375 169
179 2167
779 62
1819 2003
0 386
1666 396
0 1324
119 88
0 1385
1573 0
139 215
1470 2524
0 421
1779 571
0 1592
384 460
2220 2351
739 233
0 2228
1846 0
2200 1537
2371 844
2466 0
606 2137
1754 2328
1418 1405
1157 1936
104 50
2173 0
754 595
750 0
1132 92
770 885
1312 1207
893 1337
442 418
2093 1465
487 1641
1888 1168
256 190
0 1954
1023 792
1709 13
184 134
685 570
665 336
1373 976
2251 888
1532 1127
1843 0
2239 1132
300 728
711 875
0 1120
1247 1052
1320 2017
732 570
1605 1822
2361 386
494 1378
250 67
0 375
0 1944
1343 375
1141 1448
779 1252
2380 362
1816 1396
1842 0
366 57
863 619
40 1983
609 547
1685 0
1011 0
323 849
277 526
370 0
1379 1809
396 1949
259 1892
2113 538
0 1903
2191 1271
1750 838
30 60
124 23
775 1755
623 1152
1765 1222
1611 0
526 586
1047 1596
145 1323
1682 1514
1912 600
759 1715
580 0
0 369
707 1910
514 0
0 81
725 1775
1792 825
358 1485
1211 0
31 126
0 454
262 536
1760 0
262 872
865 39
2178 1482
4 123
178 184
554 286
103 68
2166 0
435 459
2090 988
1981 1410
1410 0
1284 1347
2347 830
453 1390
2129 2325
198 86
75 254
924 0
0 397
305 374
282 491
2027 1619
655 242
2457 369
1639 663
218 601
216 190
883 713
1608 173
900 445
514 1355
175 71
138 120
2582 257
1451 1166
112 89
79 1156
1543 2267
0 581
0 513
1857 2601
2172 1928
2427 1715
381 0
0 1737
2147 480
492 240
221 1335
301 197
0 2561
2188 300
1525 0
662 234
732 864
63 1784
870 711
1653 1175
1106 0
1472 0
2406 2082
1511 2197
339 0
1917 2450
1393 585
405 812
524 223
1710 35
417 2326
1722 0
0 2441
2302 1681
85 701
450 1279
745 0
800 0
0 1276
1261 1132
2108 1051
2342 0
109 487
2218 1659
1671 1349
0 1160
1976 1046
37 87
89 992
1028 1009
693 1307
414 2013
1 79
0 1264
1306 1342
1295 449
1018 1572
102 571
1887 407
2043 1599
0 1052
287 416
1107 835
0 1441
1119 83
0 1154
0 1196
0 466
555 157
838 1995
365 1112
2230 2013
0 957
0 211
2442 661
1010 103
0 2382
1705 477
228 418
1201 1420
0 1630
607 2156
0 736
2338 611
824 1549
867 2389
251 82
936 0
0 505
1 22
0 2425
217 11
2223 1272
437 0
1419 1638
316 1087
872 1806
288 1647
649 581
202 776
681 45
1853 242
1168 1982
868 1169
1217 1446
1192 636
0 295
1128 0
151 57
923 0
2046 1273
763 1111
204 41
2219 249
438 1331
906 1035
1339 1969
45 638
1037 884
960 1095
186 545
0 270
1634 2532
0 1477
127 193
1783 2088
439 137
2517 579
0 1328
1288 2510
756 0
434 1325
1651 1854
46 190
0 916
985 0
0 2522
0 263
1218 653
499 2540
45 345
124 40
0 409
40 2323
1976 2502
46 1270
299 1345
914 136
62 330
2104 2225
1130 0
1958 0
74 1848
300 2124
102 15
1522 1953
399 941
302 299
1304 1590
910 125
507 512
37 453
37 260
780 664
236 466
141 16
1037 1221
268 920
168 143
1300 451
2602 669
233 1840
2444 1405
59 416
789 719
1172 1131
546 496
685 1598
437 532
1312 747
841 317
359 827
2039 1570
379 692
2235 2555
350 421
2239 2379
645 829
750 969
293 1168
680 286
2426 205
154 44
2619 733
356 147
2226 35
714 604
1229 1910
117 58
1575 2368
1455 278
2205 1705
1640 2374
560 2118
1018 1340
1989 611
913 423
2023 1189
352 99
813 264
182 107
383 2250
190 2314
1285 939
626 68
222 1005
35 1034
2407 2395
1158 14
1055 371
27 10
1960 1024
1502 699
435 1815
687 584
277 158
1624 688
1885 840
1382 156
582 181
1695 1936
1725 2341
165 534
330 994
131 87
1485 78
907 172
142 611
104 668
367 318
877 2294
376 601
701 1115
2203 1625
2095 1738
70 19
494 551
399 433
567 581
445 1586
1243 642
1010 470
1155 1404
26 30
1029 46
519 1638
428 144
91 397
697 1147
13 303
1159 1182
2220 1226
210 166
1998 2190
929 1848
978 1045
1649 1790
2224 1198
292 649
1862 1781
92 1039
2476 1755
1715 573
1026 929
60 175
2525 924
824 2045
1797 694
814 158
160 593
688 254
382 336
2330 1822
1417 729
1456 1897
834 627
600 705
251 910
1450 855
191 209
1299 211
520 160
420 776
1438 201
659 73
1400 898
155 346
799 606
1599 355
101 7
472 2369
341 212
1432 2163
474 663
190 326
2399 967
224 1032
297 345
1233 1354
79 285
2207 2143
56 2213
964 304
832 230
644 1194
1162 84
2258 1679
2193 664
573 837
82 635
1445 1352
2230 598
2027 1177
1659 1749
2035 2501
1549 2472
1581 121
2613 434
386 1130
283 594
884 349
2066 2091
385 338
1597 2348
1305 844
1460 851
286 1435
1752 1465
685 102
151 201
577 52
36 28
917 926
121 675
2563 2450
1048 1872
941 1092
999 716
34 405
1144 2231
1247 1052
340 1471
54 376
15 2130
2491 1838
61 1831
1381 2239
2412 2592
1804 2574
8 116
454 2315
3 0
475 219
1945 1515
343 77
47 2615
1341 1593
486 2446
1366 1709
2402 343
265 2524
1241 737
744 967
758 901
1026 1735
2119 2127
596 676
1863 1389
912 264
1842 491
1476 515
1852 188
505 1567
307 13
2299 690
592 1894
862 379
1049 2345
1054 303
890 2534
1385 1739
1076 434
340 1731
40 192
1121 2620
1754 763
652 1748
1635 609
492 225
235 240
612 557
1464 1729
969 1121
1003 1795
995 630
1358 423
1112 1958
227 306
800 1207
922 2298
1949 705
734 298
235 549
402 272
302 275
1022 1507
1088 1041
70 124
2054 437
797 287
1543 1530
893 119
1838 753
1727 1062
1070 743
299 1331
70 130
1374 997
251 1821
1492 2570
1018 598
2227 2326
1197 2137
1081 810
228 172
722 2104
922 1558
2319 2269
2587 1130
493 2167
122 363
423 441
333 1236
2385 1530
158 68
142 133
388 1391
5 74
1883 1348
103 953
2303 1378
935 724
1930 708
1869 411
1303 213
1574 1929
1076 2497
2357 2140
1357 1851
2096 1028
841 895
836 534
1579 410
1815 2507
1647 1878
144 2107
721 1680
729 204
161 442
235 74
1669 1247
2624 448
350 174
57 139
723 2238
989 869
73 80
1622 184
2318 1122
54 65
1927 459
1091 458
271 34
1358 1533
2084 1475
2567 2437
1595 1938
1454 2174
2246 264
1979 1679
1411 2386
898 779
1773 2078
2185 1306
2451 1785
469 741
1756 798
553 556
1850 1429
1082 184
1982 1788
848 140
2382 1375
1268 561
1532 264
4 1652
642 1990
821 1742
2559 620
1116 1398
1396 326
2516 648
2517 2093
1800 2568
1004 269
1309 1114
47 55
491 480
1356 700
2404 1302
867 230
124 1237
746 1206
1712 1344
1284 767
145 143
2513 1459
378 196
2480 294
388 485
359 1784
411 737
317 1604
277 496
1100 1722
2293 840
1230 533
237 241
1100 267
529 1273
150 1686
397 1342
947 814
510 46
154 1463
1687 180
1868 1115
710 49
662 857
60 1306
5 34
1551 219
374 2398
555 803
523 329
54 1934
711 1530
282 112
1409 2154
528 2622
112 148
1325 1750
1415 1776
1908 831
29 471
208 1659
1913 85
725 2353
164 73
538 2468
2252 564
2347 80
148 473
1573 451
1035 574
1311 1933
1857 694
70 2392
1031 735
1953 1143
562 1876
824 1780
153 1084
2015 1153
1439 910
2535 2176
1867 1236
294 1028
575 2306
69 643
224 586
2305 544
335 180
2422 2240
1823 899
2618 2247
809 740
26 1
24 82
1030 282
61 12
928 302
225 45
986 354
11 19
691 516
937 1451
301 476
79 499
310 621
1856 2160
903 1940
2186 751
749 1114
1062 2274
3 332
1874 725
728 417
2486 820
203 957
737 1143
519 810
2553 634
364 298
109 256
738 1986
2562 254
365 617
56 156
1910 1980
2206 1312
1377 382
382 909
2397 501
2363 1163
786 1041
1644 983
173 97
51 4
277 2445
1058 1575
1412 1900
278 112
83 21
1097 1764
852 1222
1351 1097
656 46
399 1301
546 721
102 713
2542 424
267 1738
661 2460
2155 149
1423 1811
1627 1092
1153 1801
807 2359
363 1561
1083 1177
212 885
2514 2089
1657 527
45 650
685 2323
529 866
2448 2013
443 199
1061 2413
2178 2505
63 2106
1272 1947
193 666
849 1651
1626 519
98 1619
1983 471
948 1192
110 105
1525 1714
524 161
925 312
1212 62
110 337
50 280
171 287
1607 2519
564 531
65 72
1239 816
409 820
1380 2394
484 431
1171 670
1510 443
125 600
2503 19
1770 330
2044 1024
58 60
387 976
818 263
1877 328
1721 1441
603 157
616 264
513 1478
39 464
991 355
349 795
1697 2551
2015 2278
653 1141
968 1595
20 40
1107 1539
1129 1048
1870 211
2048 2047
1008 2237
1015 667
1106 524
93 730
782 1229
540 149
158 266
1127 808
362 39
381 53
15 73
447 1275
285 591
1237 1402
331 478
1333 211
1806 218
572 1311
287 1911
1778 623
9 21
948 2389
868 1149
2056 1656
1683 1880
2241 695
1632 1944
1421 2210
1336 1470
2259 1134
815 493
545 374
0 384
1105 113
2528 1416
1166 938
1474 1574
2262 734
1611 79
223 94
128 36
634 58
943 1645
2198 161
2596 2453
767 458
528 1789
936 948
370 1419
420 85
24 558
1184 1755
1095 1413
427 1710
11 1607
672 2176
1278 1681
843 480
1871 2211
57 56
801 1737
1044 1785
113 48
464 574
975 1274
2247 41
1261 600
802 1225
1080 2271
1860 1535
418 1518
90 399
880 943
1363 2493
2339 1265
212 344
1688 434
148 2520
531 629
871 343
2290 1002
40 1666
54 2011
896 617
1921 2234
1861 662
9 562
849 480
11 69
1016 1464
10 571
80 99
528 2182
1921 363
1297 647
1783 1279
1027 642
255 653
603 1022
631 1904
1879 866
1699 1590
318 38
845 26
2509 2071
6 20
579 346
1148 1087
346 1280
49 2279
1817 1556
506 610
123 645
2556 2514
232 543
1193 2565
59 9
184 13
2117 1086
321 339
246 227
687 1719
86 51
1341 1170
1690 2301
227 502
387 1844
949 2102
206 560
2088 536
1200 621
2076 1059
90 8
31 43
642 1711
2 0
465 99
2059 676
2017 1858
132 933
1794 805
2609 1553
1103 1584
1681 1974
274 565
1048 2431
187 24
1808 54
2280 2291
710 946
2140 1909
131 400
202 65
235 977
489 2232
742 418
745 394
166 811
225 684
418 349
965 296
38 174
119 1038
2165 192
260 432
271 2144
1451 2475
1 114
342 43
2432 2349
1036 1493
2405 1070
1843 1164
134 32
1254 863
2276 751
1859 723
508 1180
324 2026
554 1984
440 698
33 1480
1703 853
222 419
1101 1343
2521 1631
1482 1802
876 51
981 686
1302 581
166 673
559 1315
1602 1893
618 1077
997 834
1376 1291
204 213
169 1506
952 771
1899 299
1098 398
2133 1656
345 985
1698 1142
222 57
1680 2506
29 2344
304 261
1494 551
2112 2436
225 882
59 1440
1555 900
1486 428
250 2180
1406 460
176 129
510 860
1247 1421
327 145
1809 1032
1 5
387 219
1608 2450
2070 79
7 47
231 1696
120 690
178 194
411 290
577 1128
119 88
208 2473
947 1057
1550 96
22 206
1060 841
1479 2455
157 358
1998 174
2606 1858
584 1609
324 1976
1840 2142
1653 2578
956 2321
1263 1964
367 1199
1965 558
2518 1897
2202 632
1677 312
27 590
566 793
2067 1433
2614 2531
34 37
1001 1101
91 54
359 1925
278 1423
58 106
1525 299
483 389
250 851
245 252
1231 1991
2103 926
1153 638
137 71
1390 475
52 732
1309 1847
532 2420
620 8
504 533
1416 2275
472 342
996 1163
481 133
2225 2417
683 181
1562 509
573 1508
1271 222
845 2466
2511 1766
648 791
1141 2378
683 1048
2068 2443
785 1065
2593 1479
2002 2264
18 954
630 1816
2616 774
524 1527
373 961
445 756
120 422
1718 936
868 302
15 32
1121 2071
691 1591
2335 2031
1341 1886
82 1995
893 1570
959 404
655 464
323 17
147 150
1138 1074
1580 1835
443 1176
140 115
686 332
427 97
2098 1984
2581 301
288 407
1267 1981
2308 970
431 247
890 2463
345 2119
414 282
971 152
2342 1445
1249 912
1898 1682
93 1992
47 1046
2464 347
572 107
395 495
1656 917
1669 1751
2129 1193
706 2072
2597 977
1538 1270
59 214
2351 311
2211 2391
395 2575
1396 1915
1431 133
2146 1281
527 1085
151 325
2187 1967
206 1818
859 1745
318 2021
90 257
661 367
700 314
538 304
528 196
185 245
1488 1464
1592 405
146 122
1071 2128
829 2338
504 344
1959 522
1982 2457
1811 2090
1159 744
2352 1557
777 1892
49 1544
162 139
63 426
331 958
216 34
510 2564
82 750
1833 1029
2140 2153
725 506
2115 2292
1819 1121
25 368
841 1288
112 1975
331 511
1167 1020
889 1134
1544 1580
1733 1588
2200 938
1560 288
2033 1514
362 1387
544 377
1367 1787
1175 614
1308 1728
1683 2414
1199 1475
114 316
15 52
1103 2572
580 32
169 537
1881 1863
150 1606
1245 196
474 316
1800 1493
847 636
1071 974
843 1621
988 1769
2623 507
529 628
526 314
1589 2358
102 149
39 31
2085 631
2035 1424
955 398
159 1655
1653 1256
928 1075
2223 223
1065 1203
153 188
338 113
516 18
1518 1589
892 455
1725 1591
172 44
466 887
280 406
184 373
76 35
31 17
51 391
1368 412
772 2377
2550 1681
1717 2566
459 1708
931 433
2217 1434
592 270
673 739
753 2400
113 2156
2365 1823
1173 1105
781 486
1740 216
262 658
1124 1324
1896 1511
1689 734
1868 2599
1432 321
2438 2537
1448 41
1642 1901
344 1313
2409 2465
1824 133
137 726
1492 139
2277 857
1223 544
134 945
2360 1409
1209 643
76 702
772 2458
584 393
1218 493
5 550
1529 1133
275 295
1781 959
1047 769
1623 331
91 2209
1083 965
482 382
1741 929
2285 1159
1972 1938
94 160
2151 86
1542 1449
447 2197
108 1095
5 11
425 40
1871 999
1273 2512
1630 1096
662 937
261 752
13 18
81 34
151 110
2415 1558
138 5
68 2307
2170 534
558 1661
1049 782
1024 644
372 317
1582 657
796 643
2441 2477
1393 2375
1056 312
253 1282
2257 2586
1257 2331
1067 884
48 2529
479 402
863 980
172 390
716 1330
417 1777
1189 1061
918 1826
2325 2271
1798 1926
145 1903
10 62
2240 1765
28 3
489 193
2546 2218
2539 1447
561 1094
145 293
129 47
932 2272
1076 1205
179 59
962 1827
474 765
1108 1428
1069 1016
2595 2462
527 1614
38 120
2132 1769
1231 312
169 76
1262 48
126 40
2435 2034
1480 1513
383 2317
1286 868
949 1602
921 60
1590 2498
863 453
234 200
1298 1096
619 1016
730 1866
2150 1932
689 870
250 1196
324 1190
723 1103
880 91
738 487
1036 230
998 71
177 462
1410 2225
36 196
26 682
1521 403
2126 865
2324 1640
2013 406
1295 684
512 559
244 463
1527 1639
290 203
247 104
935 1663
42 31
578 235
1256 483
87 21
64 66
258 890
2573 104
509 428
1057 1304
2061 1602
1126 149
1724 363
44 36
34 467
769 1987
722 484
550 1096
729 1208
752 762
2350 614
521 421
84 470
1567 1636
602 1352
682 936
1592 2053
916 487
1500 1012
115 199
1151 163
2177 1678
514 129
682 2069
223 605
2547 252
74 568
1631 586
2125 215
177 5
966 285
2058 453
291 241
2141 1183
772 648
410 214
661 2411
93 1674
1774 546
1917 949
1464 1706
1359 284
454 557
2459 1201
341 445
1632 448
2123 1571
1314 1290
32 98
353 744
779 787
1650 2001
0 1
1452 1433
1254 1325
2143 9
2261 1382
1270 496
514 828
1249 1541
1608 1284
599 2204
752 1353
534 1690
725 1693
826 682
219 159
975 351
589 61
2135 1659
2068 1822
1099 452
427 1441
1090 728
1220 908
1184 121
1668 623
260 2046
763 2617
1662 130
677 523
85 518
179 569
162 1812
749 1058
2301 2484
2038 1211
980 1415
1289 672
1234 295
2334 103
840 141
246 703
1793 53
794 677
475 2424
470 1000
1229 1629
2336 111
99 133
632 615
136 100
1152 710
510 2171
1211 2605
878 471
1716 731
1937 349
1889 408
171 4
1386 569
1412 749
1238 987
141 777
183 110
236 334
821 2093
596 343
439 1846
1458 424
631 1074
340 1064
1119 182
2027 2124
1041 1472
1856 1597
1950 804
704 388
2545 173
699 219
0 1697
1691 825
2329 1029
1909 850
854 559
15 10
1649 928
1717 292
2533 2368
984 491
2257 1229
1476 1571
76 529
221 1372
605 1841
2235 883
887 1063
1879 2343
92 5
2526 713
1454 253
2442 2082
1782 1791
1001 262
504 609
413 277
1664 784
36 500
408 57
50 211
722 929
27 189
471 1137
669 1978
409 1427
1773 647
2425 1764
71 575
2032 141
437 94
693 1616
23 9
663 889
423 355
1997 203
2121 329
285 1257
790 593
789 1501
2309 763
184 380
786 2594
1519 1301
681 390
490 82
1534 1268
435 244
186 88
1014 235
803 2162
1587 889
2028 1679
243 169
371 651
1235 1547
349 219
1891 2499
642 983
497 1383
674 1319
39 429
19 63
821 1213
481 1572
604 19
273 541
61 100
1210 290
190 329
1155 958
34 2003
309 766
2205 2576
56 125
274 151
2024 2327
164 1053
921 2138
1569 483
195 139
934 846
1262 1588
924 2346
2111 2212
2221 470
2370 1081
1322 1747
148 2281
1277 721
1968 102
1640 509
361 459
689 415
323 2284
704 1186
2 1916
2393 1219
1364 849
1765 905
552 352
805 660
1583 1230
2621 1127
1204 1902
446 1389
11 24
399 2134
1385 1545
808 11
673 932
380 1267
200 3
1040 872
1932 753
398 1188
308 652
729 1854
607 312
830 1766
770 368
912 1232
1787 1834
578 2313
830 125
973 464
618 54
95 2515
1820 664
1142 596
693 378
1329 347
1864 2408
1197 139
87 163
1037 592
1033 1420
349 1996
498 2248
113 297
1328 201
1104 630
2005 1990
1559 1501
1160 436
460 458
476 1473
206 788
584 2114
768 179
742 1535
327 660
2052 76
2362 2376
1086 929
1081 1183
256 1853
585 195
1683 481
217 41
88 5
972 32
1469 642
2175 91
69 93
1179 909
149 1600
249 633
1495 1399
1272 21
1388 644
963 314
1146 68
774 185
392 531
18 161
548 96
128 281
2147 69
1483 216
394 384
1466 1597
1625 691
590 646
1164 10
1129 1258
2008 1992
2082 980
410 1409
597 1087
136 2236
992 1969
17 412
1830 1196
9 3
167 82
2161 1578
185 50
2029 959
152 148
1804 2356
93 883
342 2115
447 290
1759 1667
2282 1105
1302 1946
757 628
1620 1011
1868 1988
310 669
158 366
335 753
432 918
1617 801
1314 2485
1366 2577
510 1449
154 191
2388 108
567 769
1030 1443
116 553
2158 1553
2427 2389
825 2433
2083 347
1788 162
496 2354
897 1610
95 858
1948 113
1924 799
290 2474
951 429
2018 1799
29 24
626 2120
432 1250
730 2019
898 1887
448 137
595 257
399 941
691 2111
400 1113
462 573
1806 2302
1112 88
528 636
658 2136
1068 264
708 1021
64 43
340 185
1153 1577
1079 2548
307 2523
139 1554
1341 2494
195 2037
1422 1482
807 743
513 185
664 140
674 657
2608 2045
2311 18
167 588
688 2560
628 816
637 785
704 2089
497 2373
148 872
2612 942
221 1678
711 539
956 594
1971 494
320 61
41 190
510 1007
494 869
2014 74
1242 1744
706 160
539 233
2173 1388
78 979
1254 1269
2310 628
2610 1096
433 563
1334 944
1066 447
1549 1254
111 47
1829 151
761 747
377 187
781 1628
598 2188
1565 1359
331 306
1291 330
2030 1443
79 249
103 89
2500 2342
97 39
1918 933
963 1242
1677 1855
2080 946
1242 2296
361 153
1320 1753
300 1296
2229 1897
2387 2094
555 930
2412 2288
449 2105
1481 1432
454 370
283 365
2428 1920
558 2047
1087 1807
574 1073
1951 1011
1570 1813
1011 422
1357 403
1240 395
2561 1828
182 2340
394 1762
400 724
621 1642
754 2181
312 1253
1112 1489
417 186
1738 2603
578 641
360 1746
784 77
161 1516
670 2403
56 2589
806 374
260 1962
1404 2582
76 197
1920 1033
2007 1597
1248 423
115 28
26 708
220 908
98 135
525 101
1449 1832
572 764
274 746
2215 1818
1122 396
1836 1033
2270 1871
988 1246
377 1967
1327 628
287 631
1299 1522
506 124
1487 450
1174 581
466 1447
2099 868
927 2490
1227 379
877 1511
1035 1416
353 1
43 84
1886 2372
904 756
1692 1008
46 207
1984 2214
595 1952
2266 1911
1760 1290
702 1467
842 800
879 297
1167 1392
253 29
1562 2492
1140 658
67 46
2440 1084
861 739
1052 2332
1775 1355
608 647
1679 1543
599 844
723 927
2471 26
640 322
1496 793
1318 630
2437 818
1224 1233
524 778
1123 36
658 1283
27 181
1008 521
1432 1954
62 78
499 1405
113 208
415 623
995 1695
194 296
415 719
2540 1375
608 2541
325 360
62 1594
17 3
1957 1361
1453 105
41 2
242 269
1491 1025
2172 1170
369 6
2320 431
2508 700
292 256
35 46
460 1020
1235 372
541 1198
841 2152
194 503
523 1647
1059 1796
56 1042
30 144
2100 368
2040 839
1252 1158
2064 69
2245 2598
277 289
1326 1346
611 2585
1332 793
534 2051
1864 916
119 1961
587 77
27 662
145 238
1468 1113
1 33
237 126
733 159
249 1033
404 381
64 276
1428 1931
1706 2462
1429 480
84 988
197 283
2337 572
567 801
433 1266
1078 2487
168 231
881 2
261 16
1224 562
554 421
2349 2383
143 124
1909 2109
417 424
1546 1007
155 71
2164 1592
2208 812
116 608
1542 1763
18 96
730 903
741 2579
1371 1083
1667 868
244 184
97 264
472 873
1424 1397
2381 678
1814 1394
984 1116
392 1043
1294 435
868 1490
419 709
1723 456
1598 1884
388 888
2065 1238
182 221
899 1970
616 1109
1160 1414
52 1394
1 8
204 754
1987 2063
790 1279
2110 465
1191 1263
14 48
441 1837
126 2532
1326 1803
1461 1144
147 36
1723 1994
195 305
482 2479
1768 1600
694 610
90 1503
846 160
2554 797
864 802
1479 382
1108 997
279 234
1154 560
155 415
17 38
493 1322
1671 1767
1210 1265
2299 2481
277 438
4 105
506 982
2453 2121
302 678
1497 1365
54 52
1895 419
2245 632
786 736
130 193
671 57
1523 656
1512 771
1833 2243
873 2322
548 1320
1099 1466
311 392
1317 463
14 853
1337 228
171 1369
180 107
2267 2050
608 2194
1309 1531
624 140
1350 661
775 1437
350 449
1553 369
802 73
177 906
56 50
62 122
949 723
366 865
380 1375
2434 2124
119 2062
456 1684
299 274
625 1825
978 1281
2461 59
94 1316
92 2222
2569 8
1872 2611
24 75
270 310
542 627
1870 2159
749 915
56 102
1671 1201
229 65
13 9
727 280
740 824
614 243
1361 1875
576 179
1577 1888
326 1891
0 159
1444 260
555 482
3 7
1656 1707
2410 130
343 2073
1841 2304
1415 2108
726 2469
696 70
589 1228
993 918
1917 2571
41 121
1069 1799
1321 826
854 1828
387 403
2116 1568
218 80
232 1003
362 1509
158 497
2020 451
945 1499
1405 2265
183 1124
574 1361
144 1191
102 348
687 894
566 474
639 373
2192 1609
132 1061
1909 2022
769 1700
655 749
935 1658
1512 1701
2283 2173
1516 1673
1521 1576
917 792
421 833
223 315
197 783
1713 206
463 494
667 333
1647 2006
1379 499
351 97
315 1161
1498 465
1140 1660
1349 1082
2094 499
1111 1034
993 1169
263 379
1589 2036
276 314
267 260
269 715
357 74
296 1517
121 517
289 615
344 798
247 804
1293 271
602 568
234 990
909 2557
2355 1786
684 1217
12 53
2097 557
748 387
2079 831
1526 55
2483 2150
532 1012
1385 2228
335 542
16 10
822 322
1966 1277
912 1211
944 864
1156 859
1613 1480
349 1044
786 1618
835 1145
2145 642
2050 1413
669 1378
656 1244
337 561
1524 1346
627 2000
1505 264
271 2349
1258 2312
1025 581
2242 397
800 16
1268 1672
538 2429
224 59
2087 766
212 740
1470 2060
833 1367
1347 1298
239 450
888 1117
1404 2024
2092 1887
875 675
242 747
1124 1568
932 962
268 1214
519 298
2367 2482
61 1772
355 94
978 498
1521 1670
398 15
914 1456
1541 1675
1014 1292
507 389
1093 300
1637 292
1093 1410
273 300
701 524
326 819
38 311
309 94
2447 1717
131 905
2286 189
1030 1110
190 619
270 269
263 246
1339 1039
522 1596
25 275
1 49
1178 733
0 4
2184 1112
2077 1734
2094 2419
1415 1590
69 1465
873 2009
2496 661
161 487
95 118
44 712
605 1426
363 1185
1791 2441
1665 1104
233 1779
227 294
397 493
334 383
557 1676
313 409
118 695
770 1977
574 718
1302 2101
628 792
1080 274
1654 1433
1202 766
407 599
371 167
374 1702
440 429
258 446
1285 1326
165 96
1308 1133
775 368
388 294
2384 1057
902 767
1290 545
1384 1685
1438 1564
722 2478
1540 1254
107 97
1051 336
484 679
1019 170
340 2139
240 2584
308 57
226 185
2536 1855
7 170
1264 645
1556 341
85 36
186 354
923 373
310 1255
598 322
221 2012
456 107
834 2590
1102 1195
1023 1006
2168 476
1151 1484
1753 1771
176 203
8 232
1993 623
2380 2119
312 98
731 632
2531 975
390 2297
79 393
755 95
1366 2601
1605 234
263 527
94 84
2249 693
1378 1955
2454 279
191 396
434 420
1204 159
2396 655
421 812
512 1446
374 109
384 1433
2467 1053
765 2010
157 205
10 8
205 230
204 94
1736 266
154 319
2244 443
1437 2195
1634 270
969 2086
172 436
2502 1788
362 455
5 68
5 505
491 642
2504 997
818 2263
356 530
515 51
2183 99
763 23
338 395
1158 1648
1792 389
2113 1269
1052 584
1923 2081
1982 2488
488 215
672 578
119 333
829 1557
2253 866
272 150
638 501
597 180
45 14
35 34
842 914
75 535
2255 456
451 1757
1072 420
869 1761
1520 631
1809 2530
1963 294
225 1002
1477 1213
515 2449
1578 1382
211 258
2254 1474
882 1601
900 275
1942 1425
2034 823
55 1462
974 461
268 67
17 25
112 63
1682 1449
304 2495
59 301
2219 186
856 377
852 790
2287 1976
18 284
2371 590
1146 1650
1411 182
401 253
131 254
57 79
304 2300
1704 1373
1216 1086
451 379
138 215
1278 29
1720 459
265 210
242 12
610 2169
460 1810
260 2075
1384 376
599 716
444 280
2233 1344
370 343
2269 18
2289 125
640 644
22 1782
1585 516
812 1201
1495 1935
458 24
10 108
1457 1105
198 121
1560 2043
92 480
1118 235
1102 1515
850 950
832 919
2452 1722
570 35
326 1059
1732 1586
2552 1515
1079 1360
665 462
951 1215
1110 2583
1310 653
874 252
1410 1641
2395 902
236 151
668 1430
1865 1638
273 95
141 648
1700 2390
7 613
1423 1943
604 2041
1362 740
262 108
688 1135
2600 153
1999 1319
826 1397
1134 1422
2055 334
250 1097
624 2607
615 625
782 438
1363 492
58 5
563 940
446 825
1882 1209
736 335
720 409
1922 1852
1133 1078
324 1259
2361 1339
43 1107
26 389
42 123
737 855
1612 1596
176 288
1890 838
942 674
361 1079
2201 498
1612 2189
196 1373
992 543
1370 640
817 320
1849 965
1905 1602
537 987
162 2409
2328 1091
435 1181
233 19
2591 448
606 354
508 507
1445 1548
1026 2042
859 589
53 386
25 251
498 330
248 104
2439 1609
1638 2179
1017 965
747 771
56 166
637 237
747 1705
1528 827
1138 1393
132 59
1504 172
924 524
934 1914
1398 2430
1132 1083
109 19
2066 1320
16 2025
1155 2131
1537 1532
1385 702
1050 1633
549 751
127 717
485 1062
923 1646
36 50
1919 642
1941 327
22 10
2218 432
1938 2256
718 1407
218 359
1047 2456
3 2522
282 313
2268 223
196 758
839 629
997 1459
122 153
1403 1097
264 735
975 1906
2604 393
1023 2178
1282 2366
178 162
212 121
1268 1366
513 697
800 1170
679 2549
1144 67
1029 2362
86 95
392 1536
100 227
1873 2227
176 2196
488 2295
2112 1468
2401 463
775 938
522 447
567 1615
5 89
821 160
1514 580
1260 210
701 877
2470 552
153 1193
968 224
403 1643
1003 1434
1161 1355
92 911
960 766
1928 1459
389 1136
324 657
2316 1630
1399 1289
1551 2031
1758 351
553 1009
412 1563
104 654
81 1013
50 486
433 1089
1135 1336
2251 2012
206 939
1012 1187
533 760
2438 1623
1873 906
10 239
104 80
157 375
1442 1009
1436 586
419 1150
83 328
36 823
17 567
1923 1868
1042 2558
956 1251
1956 272
1139 684
841 2489
54 922
267 547
881 2004
277 2260
1532 2191
970 362
1151 1858
551 1345
647 897
4 14
313 1401
1603 1150
539 2543
270 317
1934 1939
652 2157
1588 1786
6 5
996 180
1131 670
2166 976
528 1157
83 835
990 1839
324 95
2009 2421
1996 2418
248 773
1276 331
983 2280
220 173
2527 896
951 2288
291 461
1231 2510
71 2
787 1365
796 1120
2273 1230
330 261
406 583
2122 897
1307 559
88 430
409 838
258 347
1782 1973
1050 28
670 374
5 321
307 2333
52 127
630 172
1395 868
1912 539
322 207
1907 113
886 141
766 779
334 1287
1804 257
132 255
536 513
1381 1159
1715 1845
268 2002
2074 2056
1348 524
1449 2016
605 1566
2216 382
1552 192
127 469
1805 1162
162 1425
2423 999
715 2406
764 1798
1730 1378
899 871
1540 2049
665 723
149 452
1338 770
501 166
658 891
77 11
1474 87
259 177
2199 65
439 16
1102 403
285 622
38 336
286 81
497 1380
1080 1743
1726 1242
84 2364
1089 1734
240 1985
707 483
294 2580
431 759
141 1822
850 738
2370 2544
27 468
1408 922
183 298
1165 442
1418 259
2538 1386
250 115
480 831
2588 2457
185 2416
743 556
293 1078
12 3
1323 636
482 1226
477 110
1020 1335
178 1125
669 1006
2057 103
1687 2367
253 457
1132 1344
792 2149
1512 1694
1966 2148
157 97
1219 321
180 181
1076 1066
936 944
529 527
500 504
368 367
346 351
1620 1614
1379 1380
1532 1526
197 194
379 375
376 378
989 984
870 865
9 6
755 748
212 206
2499 2502
2283 2292
244 237
2114 2110
1556 1566
1073 1079
2155 2149
1166 1170
1546 1540
169 174
468 472
2517 2513
64 69
2563 2570
1453 1454
1139 1149
115 106
730 723
1230 1240
1306 1313
2427 2424
1649 1659
177 180
967 958
1662 1661
402 400
2024 2033
1729 1723
1361 1367
137 130
1306 1310
352 362
2527 2519
2054 2050
988 998
1466 1467
1888 1890
1311 1302
1428 1421
171 168
1475 1482
2060 2064
1866 1857
1627 1630
1594 1599
1780 1788
1548 1549
30 38
1899 1897
2388 2387
2047 2049
2111 2106
1253 1254
914 905
1639 1645
1990 1991
2053 2049
394 401
653 651
949 940
23 28
545 547
1892 1889
1452 1453
184 194
2034 2035
612 619
1723 1714
151 143
2376 2386
219 220
2461 2471
1587 1589
839 849
1072 1078
1833 1835
1750 1751
626 635
1395 1399
438 434
705 715
1790 1799
604 614
557 561
272 279
230 224
1355 1348
676 667
1171 1178
2098 2106
1303 1293
1793 1800
2318 2315
749 750
1792 1801
2553 2552
2480 2475
1163 1158
779 777
1135 1134
1711 1717
397 387
2185 2194
1510 1505
1643 1650
1887 1879
1704 1698
192 195
1243 1253
1655 1656
904 897
540 530
7 0
1889 1885
1931 1934
2339 2343
475 484
340 348
1639 1646
425 433
852 844
1612 1606
1270 1276
233 229
996 997
1602 1601
694 688
762 763
1129 1127
927 925
2160 2168
1795 1787
342 336
39 46
1361 1360
1080 1087
382 386
513 508
992 999
210 215
720 713
1406 1399
1187 1195
599 595
1483 1480
2140 2135
607 615
1025 1031
1741 1731
941 950
2521 2522
1701 1707
6 8
1391 1400
792 800
2547 2555
812 804
488 498
2094 2090
2235 2245
2455 2459
1685 1678
588 589
441 445
509 517
682 678
787 788
417 427
268 262
1325 1328
2311 2320
181 190
1432 1423
1465 1457
1125 1130
2547 2546
1484 1490
795 797
474 468
2416 2424
660 656
1042 1034
100 108
2017 2027
1137 1131
1334 1327
446 439
718 708
1610 1605
97 99
1739 1746
1029 1022
1047 1040
1374 1379
1751 1761
2467 2463
377 373
266 274
1241 1236
1531 1537
2619 2622
1898 1902
271 266
399 409
1669 1673
2038 2031
1245 1248
90 97
795 792
896 899
1322 1325
451 461
586 580
184 188
2082 2085
698 688
1131 1128
2539 2545
796 789
2119 2116
1904 1906
1992 1994
1555 1561
1579 1571
1631 1639
273 272
2535 2542
1359 1366
1247 1239
1342 1352
61 65
184 187
2373 2377
1183 1179
1088 1093
2348 2354
2475 2473
1617 1607
1052 1047
1350 1346
1903 1911
2534 2524
1709 1706
727 722
2203 2193
2428 2434
1970 1965
774 784
75 82
406 415
194 198
603 599
1864 1873
229 227
1387 1389
2424 2428
1494 1501
1039 1049
2225 2220
503 507
434 427
395 387
1862 1856
823 830
1566 1576
2484 2489
442 451
2465 2458
2002 1999
1805 1799
1954 1959
355 354
2331 2327
2370 2373
481 473
2596 2587
1082 1092
418 422
2163 2166
567 557
1497 1503
1224 1232
2483 2479
2124 2116
929 933
1060 1055
1375 1374
1156 1160
1305 1306
2493 2494
1670 1676
1581 1576
2016 2017
1383 1378
915 914
262 257
283 286
215 223
1283 1286
227 228
307 317
1271 1266
510 515
404 402
43 37
551 560
1460 1470
600 590
2172 2176
2405 2406
82 91
1557 1547
367 359
101 111
777 783
1761 1768
1296 1293
250 258
575 578
1027 1033
538 535
243 248
2503 2504
2228 2229
2474 2470
1387 1396
1626 1620
928 924
235 228
1381 1375
734 735
2467 2470
2131 2134
2605 2601
1873 1882
647 650
238 231
1615 1607
362 370
1212 1217
1745 1747
2112 2120
2018 2012
802 809
76 78
1005 1010
2529 2539
2266 2274
2309 2302
1445 1450
1905 1912
475 479
744 753
316 310
496 488
1970 1978
251 249
2187 2184
741 744
2244 2250
241 235
991 988
1764 1767
684 693
2478 2484
1045 1035
1320 1312
2415 2417
1866 1872
406 414
961 953
2344 2341
986 978
1786 1777
645 652
1661 1654
1833 1836
665 660
349 350
2030 2026
2107 2099
1350 1356
335 333
1166 1162
1464 1466
2389 2381
2556 2559
1313 1322
1870 1880
311 306
1479 1477
1296 1299
1897 1894
511 504
1307 1314
237 243
2482 2492
2369 2378
2383 2379
1563 1569
817 824
1499 1493
1738 1745
1846 1851
242 234
2511 2513
2147 2157
328 330
1942 1948
1261 1251
2259 2264
557 566
2587 2579
1488 1479
18 13
1559 1560
27 19
2341 2340
2161 2162
1292 1288
74 83
155 150
1790 1789
432 422
1893 1887
90 95
1319 1316
1504 1514
1949 1956
393 392
1486 1483
1481 1489
1014 1004
136 145
1239 1244
1485 1475
2042 2035
839 844
836 846
1993 1984
2549 2547
2555 2560
1124 1120
389 396
980 970
1016 1018
891 883
381 377
204 195
497 506
2606 2614
2083 2076
1848 1850
1601 1596
137 143
1025 1032
701 704
992 984
2392 2388
2528 2537
2226 2216
1442 1441
740 738
2403 2412
1199 1201
1249 1255
414 418
1949 1939
2448 2450
206 211
2580 2576
494 501
683 691
2618 2612
930 940
2435 2443
1141 1136
28 32
2169 2163
655 653
375 384
585 575
968 964
213 210
1563 1561
1496 1490
815 822
1441 1444
1164 1172
2334 2326
2448 2453
771 763
1634 1636
53 51
2568 2574
613 612
1274 1267
57 54
1256 1254
1324 1322
1888 1886
1188 1180
121 129
1994 1996
2179 2171
2407 2408
1118 1109
2071 2064
1648 1652
462 467
709 717
1700 1691
410 403
1409 1415
1090 1099
1977 1975
2554 2562
2239 2234
64 61
2244 2254
424 415
2556 2553
1678 1684
2488 2497
52 54
1600 1590
1285 1284
4 0
2027 2037
2308 2299
1 0
1066 1057
1802 1812
1558 1550
719 723
2016 2007
905 902
2146 2149
1054 1048
107 97
1605 1598
1403 1409
2343 2348
447 444
2511 2505
371 376
270 276
1374 1367
1154 1146
1943 1934
1732 1731
731 726
1444 1448
1582 1573
1408 1411
904 911
1116 1121
977 982
1574 1572
1959 1963
1775 1784
1406 1410
2253 2250
1371 1361
1859 1867
939 930
2003 2012
1773 1779
1920 1922
878 888
1642 1637
1842 1836
2573 2578
1802 1807
154 162
1418 1417
1931 1923
1417 1419
1624 1619
1870 1877
1808 1815
2011 2009
1055 1053
1587 1592
1913 1905
281 271
2439 2447
2416 2422
1183 1190
2364 2362
1476 1467
2126 2132
75 69
1526 1519
459 450
2510 2520
2592 2598
1384 1391
527 536
2567 2571
1003 1002
475 474
502 497
2014 2009
692 697
1347 1343
982 983
954 963
669 675
477 475
2146 2151
1787 1779
2426 2421
1142 1138
1230 1227
1587 1597
672 670
394 400
2506 2505
2316 2310
606 605
2248 2241
333 341
484 486
2391 2401
2550 2547
1009 1001
2410 2420
1758 1750
280 272
1809 1802
2545 2552
170 178
1231 1229
496 497
1364 1362
1317 1308
955 947
2029 2025
1667 1664
591 585
2438 2428
916 921
2415 2410
2017 2025
1816 1824
1689 1685
1706 1714
1900 1896
2393 2398
82 86
62 67
1331 1332
668 660
1561 1565
2394 2392
584 583
631 641
782 780
1312 1310
1417 1413
551 557
1054 1056
1544 1536
1504 1507
840 834
799 803
461 463
723 725
2447 2455
1715 1720
558 554
1458 1459
344 354
959 958
721 726
918 925
2188 2189
413 417
766 773
2565 2575
523 518
1308 1305
400 405
881 886
1072 1064
2312 2314
2084 2080
2461 2452
1171 1166
2492 2499
2404 2402
1114 1112
63 57
935 943
2143 2150
1829 1830
967 974
1439 1449
2026 2031
1728 1725
812 821
741 749
147 156
1935 1945
2312 2302
841 851
1664 1655
2505 2509
2267 2258
1431 1437
556 552
1986 1977
360 355
1613 1616
1776 1773
1255 1260
1312 1315
1837 1829
2356 2346
2274 2278
734 736
2346 2343
1530 1539
568 559
1529 1520
552 543
916 907
2362 2365
2393 2391
574 570
879 881
148 147
1005 1011
11 7
1551 1555
2118 2113
935 938
1321 1312
2293 2285
2039 2033
1197 1199
671 674
105 99
1727 1720
1869 1864
2475 2481
737 742
210 200
149 141
2126 2128
381 390
896 893
1999 2001
1745 1755
1618 1621
1169 1161
524 523
673 671
2258 2248
138 130
1582 1588
990 995
910 901
1530 1522
1546 1552
1103 1098
905 909
2188 2192
1448 1452
988 982
1305 1296
539 536
1365 1360
2255 2256
1413 1410
2408 2410
1132 1130
1637 1629
139 135
202 199
1522 1524
1282 1288
1985 1992
2561 2564
10 6
452 462
712 703
2449 2439
794 801
1017 1010
709 703
804 796
1984 1975
2050 2046
2524 2533
2452 2454
758 751
2288 2296
2121 2113
1218 1226
2054 2057
257 264
2493 2486
1775 1768
2566 2556
808 811
508 499
781 778
2133 2139
464 454
291 301
772 774
519 516
1491 1482
2573 2582
2232 2222
1426 1429
977 969
279 287
390 399
1378 1388
1921 1920
407 398
2306 2301
1692 1683
2241 2240
1614 1619
2405 2396
2439 2432
521 527
157 153
29 22
522 513
1811 1802
2156 2158
2522 2531
2466 2461
560 562
2063 2056
737 729
1548 1539
1041 1044
1519 1513
2203 2206
2433 2426
490 495
77 68
2104 2103
1875 1870
694 699
334 333
367 374
2608 2606
113 118
1281 1273
2170 2173
627 622
491 493
115 123
44 41
12 14
1420 1418
934 935
1684 1688
2469 2462
2145 2137
2204 2199
521 519
85 88
1249 1239
168 170
218 215
1407 1401
573 580
2131 2133
2021 2017
622 615
375 374
612 602
1344 1338
96 103
176 173
2371 2365
958 952
2265 2268
2583 2578
327 329
949 957
2006 2004
2076 2077
1337 1329
1327 1322
889 879
2387 2385
347 357
339 336
644 645
2106 2109
1218 1215
1039 1046
1023 1015
2444 2443
995 1005
1905 1909
1626 1633
658 651
1257 1249
2590 2599
611 604
2618 2624
2445 2442
1426 1422
2269 2261
568 575
1647 1648
582 573
2265 2263
1904 1900
2177 2167
1210 1207
1748 1740
871 878
593 596
1301 1299
2280 2282
2020 2022
1770 1778
2047 2042
1959 1968
1567 1572
1403 1395
319 321
1678 1683
2397 2407
757 760
1200 1205
1379 1386
2217 2216
1122 1120
1932 1936
1493 1489
25 23
1706 1713
2281 2280
1340 1334
27 37
224 223
1509 1502
1508 1504
1359 1352
1491 1492
2057 2061
1780 1773
1246 1239
1228 1222
1672 1681
2030 2032
2112 2115
1590 1593
1063 1067
1896 1895
651 642
366 372
680 683
1672 1669
1090 1088
1036 1034
2072 2073
1010 1019
1766 1762
2087 2090
767 763
118 119
573 576
1007 1000
1360 1350
912 904
2409 2401
2009 2006
1771 1763
1622 1614
227 231
342 344
98 102
1464 1458
296 287
766 763
2499 2505
2421 2430
2182 2184
674 680
614 621
1031 1034
2058 2048
221 215
1269 1272
1856 1863
2522 2526
2305 2310
1369 1378
1226 1236
2271 2263
2013 2009
2016 2020
1797 1802
473 482
829 828
894 889
1414 1407
1696 1693
2079 2072
1101 1096
2255 2254
570 568
1080 1076
886 895
1469 1465
1156 1157
1439 1441
1164 1167
340 335
1075 1071
1126 1125
1649 1655
1180 1179
805 798
2567 2566
865 868
1973 1982
2109 2113
1422 1423
1838 1834
286 288
930 929
1677 1672
1164 1161
2338 2334
323 331
2464 2472
1743 1750
2205 2209
1822 1828
1127 1118
1816 1815
1893 1894
1455 1451
702 697
1843 1852
1855 1851
926 920
1600 1607
1797 1806
2425 2419
2163 2156
1914 1910
774 775
1061 1058
297 300
1609 1601
1912 1917
1679 1686
1189 1179
1203 1209
2485 2480
1845 1846
2079 2081
2162 2165
488 484
1167 1174
693 700
214 205
125 134
2076 2068
2051 2050
1161 1152
1480 1481
1808 1801
1074 1071
903 906
1741 1749
2375 2369
2414 2421
657 666
2194 2195
1422 1421
593 590
787 786
879 884
1851 1858
1041 1036
715 722
826 836
594 597
890 882
2381 2374
1527 1536
1223 1225
548 539
2437 2436
2321 2318
968 975
2131 2128
433 440
2382 2379
2180 2170
638 631
1155 1154
2215 2214
1478 1487
34 36
948 954
1050 1049
527 534
1813 1822
2488 2495
1290 1281
2252 2244
2220 2222
48 46
1729 1735
942 935
1115 1116
1583 1578
505 512
199 190
1147 1139
1495 1487
932 934
1118 1123
1731 1734
2137 2132
2028 2024
1030 1029
543 551
2059 2051
706 707
1315 1316
1383 1387
504 514
2508 2510
373 363
101 97
871 870
2589 2588
2301 2302
716 708
768 778
241 250
1206 1197
432 441
85 76
1779 1785
1432 1436
1971 1972
2285 2278
1892 1895
1620 1628
1979 1978
1153 1151
2464 2455
256 251
599 602
1877 1878
299 297
162 166
2399 2403
997 1002
425 422
663 655
2056 2050
830 834
2490 2486
2096 2098
558 564
380 373
618 611
169 166
2251 2249
180 182
1094 1092
1190 1200
201 194
1390 1382
378 385
1981 1985
159 158
2395 2393
713 705
201 209
1603 1594
1250 1252
1234 1237
1976 1980
259 252
685 695
2456 2458
1729 1739
1598 1593
923 916
896 902
1286 1291
29 31
1088 1083
777 772
1376 1375
56 53
1697 1703
2543 2536
573 581
1847 1841
1821 1811
1207 1200
428 421
2340 2333
488 492
2134 2135
931 926
2091 2084
1184 1182
110 101
2204 2214
2273 2280
1179 1187
1724 1716
743 751
1891 1886
1110 1102
1905 1902
2184 2190
273 282
1146 1144
1685 1693
2447 2451
857 849
263 267
2040 2046
2068 2072
196 194
2156 2159
599 607
1860 1857
1323 1314
2228 2231
147 140
2479 2487
2299 2292
1916 1910
1570 1563
1613 1608
1469 1473
2194 2202
200 196
1712 1710
1333 1343
1219 1218
1814 1813
1021 1024
1028 1027
362 363
475 478
1341 1345
1001 996
768 758
1696 1705
287 293
456 448
2275 2274
1879 1877
1287 1281
1250 1246
2446 2438
1655 1660
929 927
1105 1113
1509 1515
1570 1571
1289 1286
414 419
757 765
2227 2228
1743 1736
1966 1956
1018 1027
452 445
1073 1083
2194 2201
2233 2225
13 7
1834 1828
1406 1416
2320 2327
862 867
2143 2136
646 637
1268 1278
1351 1341
2037 2041
2457 2451
719 717
1463 1460
1769 1762
2140 2148
661 660
916 920
2067 2065
1295 1285
2148 2153
1516 1521
1983 1977
1062 1054
306 307
877 867
260 253
849 853
396 403
2174 2173
573 579
1554 1551
2078 2071
2217 2223
2160 2152
93 87
2379 2377
1732 1736
2271 2277
24 20
2065 2058
837 835
1878 1881
549 542
1990 1995
490 487
296 305
146 145
1843 1841
1404 1403
283 279
1119 1114
84 83
2007 1997
598 591
942 947
1543 1547
846 856
1048 1051
986 987
1946 1950
2295 2305
2508 2505
2345 2343
62 68
217 209
1111 1101
2332 2322
2036 2027
388 394
746 743
1477 1478
1970 1974
288 297
759 749
1218 1223
295 286
582 590
103 113
2491 2482
2005 2004
1508 1513
679 676
1143 1151
806 816
724 714
881 882
266 256
314 311
2615 2613
261 269
2313 2305
1366 1372
1985 1988
752 746
1777 1774
2000 1996
1531 1528
2081 2088
124 120
855 848
531 525
458 450
663 669
490 494
1176 1170
1348 1346
2176 2183
644 643
28 35
2609 2600
532 524
818 816
2364 2367
904 908
1436 1439
1277 1268
336 334
2576 2585
2103 2093
1996 2004
1694 1699
1077 1074
1060 1065
2290 2284
654 649
2209 2211
733 741
1057 1058
1085 1095
227 224
518 514
697 706
565 559
1839 1831
1859 1855
604 596
136 134
89 86
1858 1861
1903 1900
1113 1120
1760 1755
155 165
1803 1798
203 201
502 505
1229 1221
2276 2284
1472 1467
328 323
1528 1522
827 825
2034 2028
315 314
1804 1813
1621 1625
441 450
1725 1730
2210 2201
2382 2390
1682 1680
1123 1133
859 851
1935 1939
2359 2350
609 600
2246 2236
1525 1519
1636 1643
2429 2427
2350 2343
2261 2263
2315 2308
1186 1184
1958 1954
129 131
244 253
942 945
1733 1729
1629 1625
144 153
977 984
794 793
1796 1790
2318 2322
1107 1105
185 176
1729 1738
2451 2452
183 178
2619 2613
1117 1125
669 678
1944 1954
682 690
150 146
1118 1128
1333 1332
268 270
2369 2370
2110 2106
2326 2321
1243 1245
1338 1329
1556 1562
1732 1742
1507 1517
352 342
416 407
2179 2188
1297 1290
1614 1610
979 970
1754 1764
1081 1079
1587 1577
2170 2171
642 633
978 971
2400 2399
2547 2548
1036 1037
1523 1520
1707 1716
2151 2154
326 333
1462 1453
1689 1694
1337 1341
1678 1687
40 42
2440 2438
88 90
616 612
1471 1466
901 894
1579 1584
2068 2074
1293 1289
790 798
637 634
814 810
1608 1604
1849 1840
1669 1678
945 953
664 663
1718 1709
842 833
382 388
1427 1421
1173 1175
120 110
1019 1026
503 500
1740 1738
42 45
1318 1315
714 706
112 108
2070 2062
115 116
1487 1494
1421 1419
1884 1882
2083 2089
1627 1623
2351 2352
2206 2207
687 686
320 310
615 620
2525 2516
2015 2014
2240 2249
1437 1447
1430 1420
898 895
2508 2518
1108 1104
757 750
552 559
1496 1498
961 971
649 646
1193 1203
2330 2336
1701 1691
1507 1511
1737 1733
11 15
908 913
438 444
547 554
1661 1671
1025 1021
2230 2240
358 350
1016 1020
1387 1394
2426 2436
645 648
1425 1418
2397 2396
1196 1186
1070 1067
1987 1990
247 243
2279 2289
1480 1471
1236 1238
2296 2303
592 589
816 826
1997 1992
2478 2473
2074 2075
449 445
2619 2623
985 990
380 382
255 247
2325 2321
2325 2330
2138 2131
222 214
1535 1540
1651 1649
831 835
1102 1099
1326 1318
642 643
2130 2136
2272 2270
622 626
1568 1573
1048 1043
733 730
1902 1908
637 640
1229 1239
549 550
835 841
2561 2563
1463 1468
1553 1550
1033 1039
135 127
307 309
2557 2549
3 0
173 179
2336 2339
1277 1279
619 629
226 222
2586 2591
1213 1208
1139 1136
670 667
451 457
2546 2545
94 91
2089 2092
1383 1384
2285 2294
1960 1959
748 744
382 389
2191 2185
738 731
1638 1632
205 207
1941 1947
1198 1208
1618 1615
92 88
2286 2288
2143 2144
117 115
1500 1505
487 478
1658 1666
2540 2537
430 439
1368 1360
857 862
2333 2330
1534 1526
2414 2412
2416 2410
1215 1224
1112 1107
569 568
1942 1944
2234 2226
964 972
123 127
1277 1284
1156 1146
436 427
1913 1919
408 406
2095 2101
1627 1635
2023 2017
2486 2478
2107 2112
1190 1193
1765 1758
2592 2591
2432 2427
2349 2343
1594 1584
1393 1391
1209 1216
360 364
1342 1334
289 281
2071 2080
1359 1369
2323 2329
1158 1148
202 205
2045 2043
2541 2532
962 961
1956 1961
1820 1829
2171 2175
2558 2556
1957 1964
1876 1885
1306 1307
2146 2156
2572 2566
588 582
475 480
1719 1726
23 22
1596 1589
732 728
1013 1010
1783 1775
2617 2614
1661 1663
10 16
1512 1520
1382 1381
115 125
2604 2612
2613 2606
1039 1043
838 839
2034 2043
465 473
1302 1301
625 619
686 679
39 33
136 142
12 2
2261 2252
60 62
2141 2137
1670 1666
2577 2572
733 734
1998 1995
1220 1213
2279 2277
998 1006
1640 1644
467 469
1460 1456
966 973
2360 2359
2418 2414
2122 2116
253 257
2598 2607
1804 1798
1182 1176
2235 2230
192 183
1864 1854
100 92
803 808
1454 1458
2565 2568
1918 1917
2535 2529
1206 1215
1731 1722
2468 2465
892 882
1438 1428
1988 1989
1445 1444
219 212
1408 1399
2482 2474
1028 1035
1966 1973
2537 2544
2385 2375
1686 1690
500 493
2492 2501
2356 2358
1275 1265
2555 2561
1056 1063
1679 1673
962 970
1906 1907
2587 2594
1091 1097
876 875
1798 1791
513 520
1461 1460
2089 2095
528 533
1585 1591
736 743
152 146
1193 1194
506 510
1320 1329
844 847
2259 2253
964 954
790 781
1920 1930
1264 1256
1077 1084
2620 2616
1648 1653
1832 1825
1216 1221
776 785
1425 1433
1937 1929
1876 1871
2082 2072
1503 1506
483 479
1438 1446
559 563
2488 2483
1823 1814
1611 1604
696 687
1841 1838
1145 1150
1263 1265
2394 2402
2164 2160
2358 2362
787 792
769 765
1781 1774
1152 1162
17 8
506 509
915 918
633 629
1817 1807
551 553
2286 2283
2517 2524
1680 1678
433 435
1654 1651
753 762
1933 1924
357 366
1586 1583
1083 1089
893 897
2479 2477
899 903
451 453
236 230
442 435
1824 1826
47 43
2260 2270
2469 2477
746 756
2521 2528
1662 1668
20 10
1648 1657
267 272
754 746
1040 1032
1556 1551
1377 1369
1513 1518
1289 1298
1431 1423
881 885
2592 2597
126 130
318 324
1672 1675
2193 2199
1706 1708
2199 2200
1536 1542
277 276
405 412
288 294
353 349
465 471
2214 2218
1568 1566
1010 1016
1772 1765
1072 1082
526 521
1054 1059
1100 1091
1061 1064
733 739
406 403
1850 1856
382 391
1155 1159
528 518
1711 1702
1009 1015
1773 1782
460 465
1431 1435
2559 2569
304 297
1774 1772
338 332
2331 2335
1915 1920
2008 2002
2056 2066
392 398
334 343
2475 2476
1442 1451
1649 1647
684 689
1202 1200
2214 2216
572 571
1262 1263
577 570
805 806
846 848
2069 2061
125 133
2473 2472
1402 1405
1272 1282
1294 1286
2218 2221
2087 2097
323 315
1716 1719
1572 1580
2212 2209
1069 1063
2048 2038
1045 1053
361 355
2453 2460
180 184
184 193
762 764
1491 1497
318 310
873 866
2062 2052
2100 2095
1382 1392
2419 2411
466 458
852 860
1295 1300
2181 2180
2183 2185
1135 1138
2093 2084
793 785
1203 1212
1357 1363
429 421
998 1000
899 907
460 468
1987 1981
825 820
284 280
1979 1981
1639 1640
2588 2578
969 961
625 631
961 966
541 532
1099 1105
996 991
1633 1634
833 832
140 131
2177 2186
595 586
1273 1270
1845 1848
1689 1691
821 831
993 991
1258 1259
2547 2551
426 418
1062 1068
1854 1847
419 423
863 854
632 631
507 516
263 257
1214 1209
1813 1819
1936 1938
1191 1197
1251 1258
923 924
2391 2387
1941 1942
2266 2256
2267 2276
302 294
228 234
239 231
692 683
2208 2203
909 919
1104 1099
349 340
981 973
1090 1098
98 97
61 53
1957 1954
460 453
1201 1204
1846 1853
1456 1447
237 232
1841 1845
1512 1508
1448 1457
41 32
707 708
2210 2213
1790 1794
817 809
692 701
1235 1228
71 65
1818 1814
2311 2306
2411 2406
1251 1241
1927 1920
389 392
688 679
1234 1227
2099 2096
1674 1668
1851 1857
2368 2369
1148 1141
711 721
1109 1102
2195 2198
604 605
177 169
711 707
2576 2581
49 55
1335 1325
1929 1928
667 671
656 653
2454 2463
1706 1700
1443 1439
1002 1008
1797 1788
2273 2268
1482 1484
1112 1117
1032 1038
2363 2361
71 72
66 65
1110 1115
3 5
864 872
1304 1300
855 864
2151 2161
134 141
677 668
1585 1584
1440 1432
147 154
313 319
930 937
1835 1840
893 887
303 302
1136 1133
325 317
2328 2322
188 189
1222 1227
1867 1870
2304 2307
657 653
289 291
102 109
860 865
1097 1106
1340 1346
2505 2507
1518 1527
851 861
858 852
2595 2586
938 948
60 51
1825 1820
1393 1398
2239 2242
658 659
454 445
958 960
199 208
880 874
1535 1538
1960 1965
1588 1595
2531 2532
1021 1011
2424 2431
154 160
1865 1860
1499 1504
347 338
601 591
1572 1575
318 326
106 99
1941 1939
2007 2010
1923 1924
1134 1140
1299 1309
308 304
300 306
791 790
298 292
1575 1577
546 536
1331 1328
1953 1948
2503 2499
2364 2372
170 175
2311 2317
30 20
879 887
1184 1185
2413 2407
287 290
50 48
2180 2182
810 807
489 479
1920 1928
873 883
2413 2423
1578 1573
51 52
57 59
265 258
2243 2241
1353 1347
780 779
1754 1752
164 160
1280 1275
2219 2211
695 703
1368 1370
1362 1359
1089 1091
377 387
2347 2346
1606 1600
2516 2512
1512 1522
895 900
2044 2038
1705 1710
2146 2136
660 662
40 38
1237 1242
2364 2368
2323 2324
2509 2512
1191 1190
2531 2536
1971 1961
1716 1725
245 237
1831 1823
2452 2462
537 534
1222 1215
188 191
279 285
685 681
2244 2241
1243 1241
70 80
2367 2376
2172 2171
2301 2304
327 323
845 839
2116 2106
1910 1900
1940 1934
313 310
1270 1265
2135 2142
1073 1066
525 518
481 485
79 71
776 772
2621 2618
1717 1722
946 940
620 628
761 751
1354 1357
1022 1013
1011 1012
1587 1590
866 860
2519 2509
1961 1969
2055 2048
993 994
815 805
2578 2586
1552 1559
278 273
952 951
1711 1715
985 982
2366 2356
1179 1176
2218 2220
2108 2104
2227 2226
626 634
1182 1192
1347 1349
1604 1600
1344 1354
1500 1495
1523 1533
2096 2088
353 359
1695 1694
626 636
1551 1543
1266 1267
144 141
535 526
1373 1366
261 257
14 21
2600 2603
1623 1616
723 728
843 842
912 922
684 680
1844 1836
383 373
1929 1932
765 770
854 851
2247 2243
745 737
104 102
2 1
2283 2273
1395 1394
2593 2602
2581 2590
2332 2337
1434 1431
42 51
2600 2599
1263 1266
1810 1801
832 830
2230 2223
1268 1258
2456 2453
2521 2520
73 66
530 521
250 254
2224 2218
1378 1385
1915 1912
2167 2170
266 275
1053 1057
371 364
2568 2573
1813 1820
2298 2297
1533 1535
1696 1702
114 122
2500 2490
2122 2129
868 874
167 168
598 608
2380 2372
30 34
676 681
2052 2043
417 421
2317 2319
1144 1139
1625 1632
1545 1536
1358 1355
172 164
1791 1781
2438 2442
232 229
1898 1896
332 323
624 620
114 109
766 772
1076 1086
474 476
1935 1934
838 834
1394 1397
1922 1926
1792 1786
2205 2202
1567 1566
2165 2167
812 813
1628 1631
76 67
178 186
2300 2297
929 932
1143 1145
2448 2447
424 430
1763 1753
569 571
2434 2441
951 946
799 793
1283 1279
2577 2579
2611 2602
2287 2278
2343 2351
1541 1531
2068 2060
161 160
314 322
1768 1773
2361 2356
2297 2288
1177 1170
240 249
1999 1998
1758 1762
1943 1946
819 817
2494 2496
2188 2197
1173 1170
582 587
2364 2374
739 747
2147 2140
710 705
433 443
461 470
1424 1420
1211 1209
1792 1793
1180 1181
2178 2169
1168 1165
2301 2291
2125 2130
2435 2428
2606 2605
802 797
2538 2536
1955 1949
369 368
365 362
2591 2601
2003 1994
2236 2230
2060 2050
1336 1335
2391 2399
1965 1967
828 823
617 608
1827 1824
823 814
1641 1631
33 24
312 310
1 6
647 646
1469 1474
2357 2353
405 413
2250 2257
1004 998
2096 2102
292 284
879 869
437 436
2099 2105
2020 2024
49 40
1506 1516
338 345
1713 1721
2237 2233
544 545
163 158
2529 2522
534 543
1759 1755
1748 1753
789 787
705 696
1657 1658
167 160
1922 1923
807 803
2040 2035
786 777
2116 2126
1402 1397
337 330
499 498
448 438
2572 2576
1269 1267
74 69
2251 2260
622 623
917 916
555 546
1665 1655
128 123
1952 1944
491 482
2530 2526
2117 2116
2355 2350
1757 1748
946 956
2262 2261
1698 1692
1550 1541
411 407
216 213
2086 2084
567 573
2604 2599
1971 1975
2118 2125
1564 1563
2549 2554
542 537
2082 2087
420 412
1871 1869
1071 1063
96 94
965 955
2122 2123
1641 1647
1152 1142
659 667
2235 2238
1961 1962
422 431
639 632
1868 1867
1756 1746
1198 1195
862 869
535 544
126 124
2196 2193
2295 2291
13 22
1093 1096
1751 1752
158 155
310 308
1231 1233
1976 1971
1901 1896
2151 2152
936 941
1165 1163
2591 2593
1692 1697
1786 1789
66 70
968 976
2026 2022
1948 1951
608 610
1925 1916
936 927
2117 2127
2193 2192
2498 2496
1770 1765
1473 1477
1661 1669
2523 2516
729 723
2604 2610
2607 2616
2283 2291
1083 1085
237 240
58 51
1876 1886
224 225
349 356
19 9
875 866
2396 2389
131 132
81 71
87 79
1339 1337
1743 1744
121 116
2323 2322
1874 1870
2514 2515
1407 1412
2353 2347
2504 2514
1330 1322
201 206
246 237
594 587
850 845
1882 1883
2339 2342
22 26
454 455
167 173
2012 2019
342 346
2557 2565
1391 1401
1124 1134
580 583
622 630
813 820
1502 1495
2584 2575
1262 1256
1538 1543
1143 1140
2379 2384
1465 1475
243 252
1826 1833
