400 100 99988
17 29 91 72 30 41 34 65 98 26 52 84 9 62 83 69 88 13 33 99 53 62 25 92 45 91 2 31 60 61 83 12 90 1 53 83 78 78 26 4 7 95 74 73 84 61 43 4 52 75 22 11 19 41 36 35 59 8 23 58 63 31 1 90 67 77 85 84 21 48 92 92 58 85 93 20 36 58 62 58 53 90 94 39 90 94 71 68 59 84 51 34 50 48 5 30 68 61 74 69 19 9 63 56 1 40 19 41 99 35 6 88 4 85 57 46 45 45 73 55 62 45 55 36 80 62 11 13 86 15 28 84 55 46 50 10 28 55 13 40 92 37 93 28 27 43 87 18 33 61 9 11 35 15 5 18 36 15 57 51 14 36 12 48 56 29 27 68 88 30 42 21 22 85 66 69 15 8 20 71 79 10 79 37 80 87 11 44 26 30 52 61 69 43 99 96 20 41 53 82 24 15 27 53 15 57 63 76 73 33 32 5 71 74 89 3 71 69 84 6 25 84 49 18 17 54 55 87 36 64 43 49 39 69 65 54 13 22 94 30 52 94 54 46 38 74 93 35 65 59 58 83 66 45 22 31 2 93 37 82 68 20 33 26 82 98 5 64 93 12 13 27 63 31 16 48 54 41 85 68 100 79 94 19 9 74 16 31 39 85 58 18 52 69 22 84 11 70 64 68 88 84 58 37 86 49 81 81 88 18 88 64 74 65 77 10 26 38 32 27 99 65 11 59 78 54 90 78 77 46 19 84 42 32 66 90 40 10 15 65 83 19 77 58 91 25 35 95 85 87 70 71 96 33 5 84 17 93 8 98 60 79 13 23 96 86 36 82 20 64 91 68 68 79 31 79 76 66 39 42 37 10 94 21 4 23 6 36 47 53 49 74 38 5 6 35 98 6 87 14
164
60
142
265
392
97
292
361
209
279
236
232
135
22
197
34
193
140
253
118
202
80
331
28
230
246
380
5
183
379
309
187
380
59
300
372
191
360
310
244
83
232
168
295
117
121
238
344
352
184
20
305
316
129
56
346
376
299
271
27
364
218
231
228
49
348
303
187
24
163
279
10
121
328
5
67
322
59
13
65
191
119
271
265
119
127
170
183
2
11
144
14
355
395
198
117
397
392
193
400
