1975 4270
1885 1740 0
1342 1767 0
1317 1457 0
732 2 0
400 603 0
1832 426 0
769 1278 1
1525 1562 0
317 954 1
1351 996 1
1019 739 0
160 1213 0
331 722 1
423 679 1
1524 1326 1
824 1019 1
1921 390 0
1437 1078 0
998 182 0
567 179 1
1201 1077 0
1041 552 1
19 1855 0
1480 589 0
1329 439 1
1869 1765 1
1550 1202 0
1161 983 0
1109 82 1
1066 217 1
1164 1017 0
1140 678 0
1025 107 1
1621 1307 1
1351 485 1
449 309 0
595 1495 0
208 1374 0
1793 204 0
1635 1571 0
188 1618 1
1848 1618 0
1366 630 1
188 726 0
3 264 1
1501 1866 0
1484 1699 0
1784 1664 1
970 1428 0
682 784 0
597 105 1
957 1092 1
1811 1158 1
699 978 0
971 1571 1
862 1721 1
1845 1331 1
1282 294 1
674 145 1
857 228 1
711 596 0
388 1249 0
1617 1770 0
265 1493 0
1222 1180 1
1723 440 1
1154 1419 1
999 16 1
756 678 0
1449 1169 0
1819 1292 0
410 1215 1
653 1896 0
1490 1251 0
1348 1910 1
213 186 1
30 711 0
171 610 1
1731 1338 0
1859 902 1
158 1692 1
1130 722 0
57 186 1
186 1280 0
89 489 0
983 394 0
950 1611 1
1800 1889 1
564 1901 0
545 1934 1
297 367 0
293 1961 0
218 1691 0
1891 1715 0
1074 76 0
1644 274 1
698 211 0
1686 97 1
273 574 1
240 487 0
160 23 0
1121 1961 0
283 1442 0
329 978 0
588 1860 1
988 1619 0
1720 629 1
802 638 0
1825 1864 0
928 729 0
1600 1811 0
244 543 0
651 870 1
28 780 0
1958 493 0
1338 774 0
222 1211 1
1302 1908 0
633 725 0
1027 1522 0
1692 884 1
464 209 0
1146 1134 0
1482 944 0
1918 1963 1
1936 1395 0
1039 349 1
1462 269 1
392 411 1
245 25 1
133 145 1
1482 798 0
353 383 1
439 820 0
1198 249 1
1464 945 0
176 1635 1
1696 1760 0
1846 928 0
1952 1630 1
547 788 1
1259 672 1
167 1096 0
1094 987 0
1294 1021 1
643 136 1
1305 1579 0
596 1649 0
425 662 1
1297 703 1
37 1451 1
1600 1746 0
1031 1160 1
1208 92 0
341 449 1
439 1397 0
1428 1647 1
278 919 0
701 1152 1
1102 480 0
321 634 1
1808 1679 1
800 692 1
1020 1798 0
1011 1728 0
760 688 0
1872 1025 1
1155 872 1
1798 607 0
652 1167 0
912 1219 0
447 1628 1
279 1344 0
1187 702 0
1912 1296 1
1527 506 1
1503 1937 0
275 304 0
523 812 0
979 1381 0
925 1564 0
1446 1723 0
1013 1062 1
929 816 0
822 356 1
1418 363 1
77 893 0
1929 1595 1
422 1398 1
614 25 1
741 1103 0
1580 109 0
128 1287 1
1183 322 0
1277 1841 1
1311 495 0
1573 1453 1
1428 520 0
244 1588 1
1506 498 0
654 1925 1
1603 1888 1
1681 1789 0
1972 1305 1
693 1180 0
1536 412 1
1451 468 0
26 99 0
460 1802 1
1578 1568 0
860 1041 1
1273 1595 0
439 615 0
911 1615 1
1805 1744 1
357 30 1
910 513 0
1043 1152 1
552 496 0
1050 1940 0
1940 1121 0
82 426 0
662 523 1
121 945 1
752 490 1
412 1715 0
756 1659 0
406 1159 0
1064 1187 0
1636 817 0
393 1663 0
478 193 1
25 503 0
763 146 0
817 59 1
97 309 0
1771 471 0
1079 158 1
455 158 0
1214 982 0
164 644 1
1051 537 0
743 439 1
648 451 0
1667 1348 0
1435 1425 1
1729 1687 1
1292 128 1
1546 255 0
1773 575 0
1849 79 0
79 1320 1
279 1661 0
812 342 1
1077 967 1
1506 133 0
999 1167 1
1597 1874 1
1559 1454 0
180 1887 1
1268 962 0
1547 1380 0
85 1048 1
1627 1384 1
574 1586 0
286 1893 0
1159 388 1
1548 1717 0
860 1685 1
166 1596 0
7 1709 1
1891 1738 0
1659 985 0
715 191 1
1688 398 1
612 1357 0
777 914 1
1388 1637 0
1201 63 0
49 826 0
1662 679 1
1817 1933 1
1930 567 1
715 1764 0
156 453 0
508 1603 1
1652 1329 0
1169 1488 1
448 1562 0
978 251 1
1304 801 0
113 977 0
1127 531 0
1491 739 0
1502 1002 0
749 301 0
1692 637 1
1042 334 0
421 312 0
540 1565 1
1087 656 1
158 842 1
1944 1183 0
795 580 0
1956 1248 0
534 1245 0
1568 253 0
1422 1810 0
1716 844 0
1836 394 0
662 1043 0
924 1967 1
688 1766 1
918 14 0
1288 1413 0
1528 883 0
334 1072 1
721 711 1
322 874 1
1091 380 1
152 1934 0
283 925 0
1245 191 0
973 139 0
1833 971 0
455 1145 0
168 348 0
1611 1622 0
799 369 0
1702 1116 1
163 623 0
455 451 1
1904 199 0
1047 372 1
392 657 0
593 1462 1
931 187 0
1903 1028 1
921 1198 0
1340 1699 0
38 1638 1
197 765 0
896 1267 0
1688 1722 1
1395 994 0
338 150 0
1523 149 1
916 225 0
111 66 1
254 373 0
248 1477 1
1688 1367 1
1127 1560 0
667 718 0
1024 1391 1
1066 705 0
1954 1494 0
720 29 1
161 1152 1
612 706 0
779 668 1
133 1188 1
1341 1777 0
1530 1014 1
1904 803 0
452 698 1
348 1361 0
1609 42 1
1051 1211 0
1698 1409 1
705 1092 1
402 849 0
1018 1970 1
705 1461 1
1026 365 0
169 510 1
1828 835 0
1916 433 0
1245 264 0
1324 960 0
1482 128 0
1230 26 1
1023 1096 0
48 234 0
1213 947 1
1646 1516 0
153 804 0
1283 497 1
711 67 0
1526 786 0
892 294 0
1169 1561 1
219 1527 0
1016 533 0
1813 1820 0
32 672 0
1076 530 1
391 728 0
1034 643 1
432 1053 0
1117 261 1
1403 1278 1
1397 870 1
940 1364 1
1352 513 0
55 690 1
801 428 1
764 350 0
390 723 1
354 976 0
1937 171 0
427 964 1
236 1123 0
663 597 1
632 107 1
616 1704 0
693 359 0
932 1328 0
1868 309 0
260 921 0
758 574 1
865 640 1
949 636 1
227 1513 0
1103 262 0
1564 1208 1
805 1227 0
464 784 0
606 736 1
1970 970 0
1663 1596 0
1115 1743 0
622 1487 0
1912 891 0
809 1942 1
1272 992 0
855 41 0
1474 1456 0
1132 1057 1
1452 136 0
1170 317 0
515 1379 0
78 1935 1
4 552 0
757 1595 0
122 1698 1
554 1570 1
1861 137 1
817 991 1
1202 616 1
163 453 0
80 154 0
626 1576 0
361 1400 1
289 689 0
1663 560 0
1699 961 1
892 294 0
233 1401 0
3 828 0
1288 1318 0
1237 1128 1
1606 1338 0
694 346 0
649 1323 0
386 503 1
1209 84 1
141 40 0
399 1789 0
599 1822 1
1874 1329 0
871 1264 0
1181 677 0
1328 1656 0
88 858 0
1653 1280 1
1103 1556 1
1764 643 1
1075 1958 1
1511 25 0
257 525 0
60 1883 1
1292 891 1
1954 524 0
215 952 1
590 233 1
1816 676 0
1168 1050 1
393 1338 0
963 871 0
104 963 0
172 1079 0
558 166 0
1089 1319 1
1040 569 0
327 1128 1
284 1603 1
544 758 0
1696 1317 1
1423 1961 0
431 166 1
1640 1836 1
45 1628 1
364 448 1
297 788 1
618 150 1
121 756 1
823 1859 1
1010 987 1
310 1677 0
1022 1778 0
771 813 0
677 25 1
137 1890 1
1804 1966 0
706 368 0
1718 1711 1
1072 1363 0
1799 1537 0
1396 1366 0
1925 534 1
1757 742 0
1376 1851 0
1269 102 0
1513 253 0
1873 1669 1
1903 1634 1
371 1516 1
1455 710 1
917 482 1
210 1618 0
1388 1008 0
1399 461 0
165 960 0
829 380 1
497 1922 1
1411 425 0
403 557 1
1668 801 0
822 316 0
940 910 1
182 1225 1
1728 126 1
339 602 1
752 1671 1
1820 1350 1
148 1744 0
97 712 0
1757 603 0
1000 806 1
1601 203 0
654 788 0
298 195 0
1042 779 1
573 486 0
1575 1837 0
1051 1905 0
1512 125 0
1277 607 0
1587 1883 0
655 344 1
1849 52 1
1146 1454 0
1540 1843 0
777 548 0
1934 1096 0
315 866 0
72 6 0
464 1812 1
546 406 1
1699 1559 1
304 1482 1
834 842 1
372 666 1
1702 318 0
1046 785 0
641 58 0
1581 1974 1
300 1791 1
1306 1945 1
1186 509 1
1363 1682 0
1299 676 1
1452 1869 0
1229 123 0
1181 1055 1
1950 1004 1
1057 1190 0
1889 834 1
744 48 1
429 490 0
1011 1582 1
801 737 0
984 1793 1
1271 1946 0
1948 1852 0
1150 1082 0
1552 595 0
1724 616 0
1124 54 0
204 1963 0
821 680 0
1353 489 0
1948 941 0
562 216 0
1622 231 0
172 1764 0
824 616 1
1493 1956 1
1175 1113 1
460 1257 1
477 991 1
1749 481 0
215 281 1
1211 390 0
1782 1182 0
118 1647 0
1402 1669 0
1763 862 1
1612 192 0
326 1037 1
784 1951 0
1728 890 0
874 982 1
1807 1796 0
392 891 1
1285 1315 1
103 1314 0
528 1234 0
89 500 1
1587 402 0
1222 480 1
991 1026 0
1572 652 1
1005 1640 1
1109 1072 1
1377 1224 0
1720 673 0
1906 1657 1
1697 1180 1
893 1496 1
1294 619 0
520 922 1
1903 1332 0
1943 1392 1
506 1650 0
203 1546 1
774 95 1
589 1544 0
582 111 0
1296 238 0
976 1929 1
1888 1869 1
1079 183 0
1335 1559 1
1878 1210 0
1169 1026 0
507 717 0
924 889 0
144 1194 0
355 687 0
1341 32 0
783 1326 1
1835 298 1
827 390 0
419 724 0
925 1600 1
1299 1816 1
819 1804 1
189 355 0
923 1550 0
587 715 1
1073 811 1
42 1036 0
1543 1793 1
164 1263 0
327 248 1
804 855 1
1159 153 1
1281 19 1
1473 1968 1
1145 243 0
1973 52 1
1163 232 0
659 1306 1
1796 1241 0
459 71 1
1228 1754 1
1211 1971 0
1565 672 1
952 940 0
635 1278 1
1451 1066 0
1866 352 0
1009 1436 1
818 1849 0
183 969 0
1294 1661 1
1849 787 0
450 439 0
743 1234 1
1514 83 1
1526 898 0
1580 1620 0
615 264 0
269 1458 0
1126 1009 0
231 74 0
1763 1132 0
637 149 1
1582 1105 0
1731 1661 0
1963 1845 0
64 1631 0
1351 1945 1
865 1368 1
96 181 0
1946 1134 0
878 483 1
1719 1078 1
488 207 0
317 40 1
798 342 1
1709 1680 1
1931 310 0
15 1829 1
1773 19 1
1338 1724 1
1120 1575 0
1874 1436 1
413 1298 1
693 706 0
1515 1923 0
466 497 0
630 1938 0
1458 1741 1
1849 957 0
767 1098 0
88 689 1
1372 869 0
839 1953 1
1798 1201 0
933 96 0
994 336 1
1142 765 1
1051 632 0
1098 1973 1
851 14 1
1348 1359 0
1819 349 0
294 1003 0
270 1342 1
86 1642 0
1577 1567 0
146 1221 0
508 1883 1
289 639 0
289 1175 0
145 1917 0
1588 1115 0
995 590 0
290 385 1
760 1908 0
1204 1290 0
996 1217 0
52 1963 0
1401 735 0
364 286 1
102 1527 0
1569 627 0
987 1528 0
834 641 0
1051 1237 0
979 957 1
1320 1394 0
1272 1248 0
1496 766 0
150 803 0
830 1438 0
62 1795 0
1450 823 0
1900 118 1
861 514 0
29 1735 0
1617 1096 1
357 490 1
399 25 1
1643 1171 1
1245 1924 0
1811 519 1
1327 1674 1
614 725 0
1914 653 0
130 73 0
1618 1354 0
871 780 1
1072 620 0
958 133 0
634 1718 0
899 1547 0
1478 59 1
135 1515 1
337 302 1
1930 161 0
1255 1611 1
873 104 1
235 1472 0
1412 204 1
1593 1679 0
1347 504 0
33 596 0
1796 1080 1
1037 1729 0
807 129 0
1861 845 1
1374 1594 1
1877 1876 0
357 48 1
1576 1022 1
858 663 0
1416 797 1
1176 332 1
930 477 0
407 1935 0
1730 228 0
1491 1283 0
160 97 0
119 1134 0
584 1768 0
1308 1117 1
1071 429 1
1279 1715 1
1950 964 1
1516 881 0
60 1673 1
1610 602 0
1004 958 0
1280 1013 0
1403 1455 1
706 833 0
484 1221 0
1004 575 0
712 895 0
1064 960 0
1849 810 0
820 282 1
744 114 0
813 121 0
1830 721 0
219 1036 0
1184 1842 0
818 1463 1
1305 1065 0
1424 1127 1
83 195 0
857 902 0
419 442 0
653 817 0
1223 1178 1
1079 1114 1
1766 1069 0
1810 1182 0
471 3 0
1581 1087 0
15 242 0
794 289 1
1703 1907 0
1595 1085 0
1005 273 0
1393 1648 1
271 1055 1
368 1194 1
753 1666 0
1831 1077 0
1410 62 0
1907 1365 1
1936 756 0
1652 1321 1
1371 570 0
1241 1631 0
828 1425 1
931 909 0
1844 997 1
1430 192 1
767 270 0
1159 1747 0
211 64 1
1491 375 0
334 433 0
1046 1486 0
1432 74 0
916 1153 0
920 452 1
936 148 1
796 1383 0
1402 714 1
1455 470 0
246 647 1
1728 579 1
1019 904 0
915 1501 1
1624 1009 0
1019 1881 0
405 554 0
435 1005 1
736 1122 0
568 880 0
626 572 0
1361 1129 1
535 433 0
1873 58 0
907 900 0
679 1532 0
1447 1464 1
593 105 0
1686 1490 1
123 347 0
723 106 0
1113 974 0
1825 767 0
1734 1928 0
750 1671 0
1671 1635 1
1725 891 1
499 927 0
113 1130 1
55 1123 0
943 861 1
731 441 0
1371 687 0
35 838 1
1333 570 1
595 1125 1
230 597 1
1160 1355 0
841 573 1
852 885 0
643 1853 1
334 1854 0
165 688 0
1592 1708 1
1358 1846 1
1331 1511 0
1791 416 1
1493 249 1
95 495 0
1623 337 0
1295 929 0
1039 1574 0
1593 1176 0
1283 1158 0
798 781 1
841 1253 0
1293 841 0
1079 1647 0
679 78 0
354 1939 0
894 1691 1
791 1683 0
963 494 0
203 1584 1
821 506 0
1525 781 0
1640 1183 0
728 23 1
186 1887 0
651 1631 0
1497 754 1
1938 490 0
567 1969 1
861 417 0
94 1474 1
157 1175 1
210 1112 1
451 1272 1
155 1243 1
227 1108 1
1057 1608 0
952 1059 0
1002 1689 0
1223 265 1
1952 1830 0
637 527 1
146 1297 1
495 1925 1
1417 716 0
1468 619 0
1368 1594 0
1145 884 0
1162 764 1
974 519 0
1934 57 1
265 293 1
1288 847 0
564 1729 0
297 728 0
1416 525 1
1972 312 0
340 1691 0
260 425 0
840 418 0
1560 1933 0
219 1737 0
566 793 0
1154 938 1
1487 1948 1
1749 1752 0
604 518 0
1831 1649 0
478 551 0
1586 1460 0
1954 600 0
1292 253 0
707 850 0
54 1190 1
1418 858 1
1058 507 0
1559 1718 1
1909 1576 0
1632 553 0
1161 1090 0
332 1868 1
772 334 1
362 867 1
568 1474 0
249 516 1
1334 1133 1
1200 697 0
877 208 0
177 239 0
1002 1177 1
1683 1896 0
453 451 1
10 235 0
1049 836 0
27 58 0
1521 155 0
1665 573 1
57 948 0
787 665 1
341 1326 1
1506 1465 1
1943 1480 1
1487 139 0
1513 926 1
1818 1639 0
1386 853 0
269 1712 1
172 597 0
1026 927 1
546 1361 0
1101 153 1
193 213 0
1470 835 0
21 1096 1
522 1711 1
1437 383 0
832 1270 1
1018 1522 1
1733 209 0
1640 784 0
745 1031 1
765 88 0
1916 361 0
916 1642 0
1635 698 0
90 591 0
296 116 0
528 260 1
406 55 0
1732 670 1
114 1954 1
1479 864 0
7 714 0
1566 864 0
1151 1071 0
1248 1147 1
1239 656 0
1173 136 1
92 1564 0
151 1657 1
1341 3 0
343 1333 0
383 1510 1
1675 109 1
918 1868 0
1331 708 0
1383 1568 1
892 1354 0
1962 862 0
1536 1523 0
1735 282 1
1563 62 1
1208 821 0
1464 699 0
1285 1018 0
145 132 0
452 327 1
721 1433 1
220 1636 1
1275 1879 1
331 493 1
1382 199 1
1086 639 0
480 451 0
100 945 1
219 477 0
1953 730 0
65 1673 1
1780 445 0
1300 1803 0
1932 1688 0
1555 1849 1
955 421 0
662 1747 0
1033 1820 0
166 1890 0
440 1878 1
1382 1492 1
1847 38 0
1674 1863 0
433 1408 1
879 411 1
201 1290 0
1395 239 0
646 938 1
1204 790 1
1040 1356 0
434 133 0
1298 1231 0
167 253 0
1210 1904 1
1737 376 0
1446 899 1
1305 1117 0
1289 1205 0
1042 1493 0
1125 1659 0
307 104 1
615 1956 1
1752 447 0
1424 240 1
386 517 0
347 1297 1
1902 1029 1
1455 1605 1
553 988 1
1165 1096 1
1907 688 1
1488 1087 0
606 1308 1
169 871 0
1152 1657 0
977 900 0
225 1570 1
18 800 0
749 657 0
351 43 1
1738 921 0
277 1673 1
1436 470 0
1644 1597 0
541 14 0
1164 75 0
1286 305 0
1607 630 1
579 963 0
636 309 0
451 1738 0
1641 1746 0
430 1541 0
1039 290 0
1371 682 0
1387 791 1
584 1599 0
1697 1106 1
1686 806 1
1704 1942 1
1836 1754 1
1072 295 0
1890 1404 0
305 1394 0
634 852 1
1629 655 0
582 1824 0
653 932 0
1675 662 1
524 40 1
877 688 0
1492 62 0
525 488 0
116 533 0
1594 1684 1
619 1694 1
707 164 0
483 1841 1
1960 1592 0
205 325 0
698 1309 0
1739 1288 0
227 391 1
1027 1862 1
1563 939 1
277 1368 1
854 1735 0
630 1069 0
775 1925 0
1155 1975 0
1592 1736 0
594 1699 0
124 1799 0
488 1732 1
1222 1683 1
1038 953 0
690 1887 0
1775 1586 0
686 72 1
1578 949 0
1334 162 0
671 134 1
1627 194 1
1492 740 0
1311 839 0
968 971 0
223 39 1
1811 1142 0
567 181 1
219 1772 0
471 1095 0
1929 417 1
335 1751 0
613 1831 1
1745 1961 1
121 1748 0
1705 1033 0
195 329 1
134 186 0
1908 1434 1
197 730 1
1973 1270 1
1396 543 0
1737 179 1
1973 841 0
728 1295 1
1626 1965 1
483 30 0
1261 137 0
193 1791 0
1400 1003 0
1656 847 0
373 1357 1
86 109 1
1892 636 0
517 1800 0
453 1422 0
476 340 0
327 903 1
1221 188 0
674 1498 1
1707 567 0
638 1483 0
1774 1367 1
1845 1176 0
1963 1676 0
1536 730 0
790 341 0
415 1220 0
666 1603 0
1384 5 0
386 196 1
1615 1116 0
362 803 1
1787 57 0
1043 33 1
1411 1059 0
776 1882 0
372 1779 1
1408 24 1
1656 1866 1
1326 958 0
86 597 1
1143 1253 0
1117 1586 0
1260 591 0
651 1023 1
1919 1396 0
464 1052 0
319 448 1
1795 327 1
746 660 1
1823 1119 0
1208 1608 0
1283 440 1
265 1009 0
1590 206 0
1380 447 0
1219 1942 1
224 1904 0
1532 691 1
1541 1051 1
1006 211 1
766 400 0
57 1301 0
1696 1217 1
312 1710 1
1627 511 1
1615 1836 0
317 700 0
1470 178 0
1280 1682 0
217 1653 0
732 576 0
1926 1379 0
937 1348 0
9 999 0
1479 1399 1
910 89 0
1116 1469 0
1222 486 1
1635 1047 0
527 1470 1
1268 1848 1
129 1763 0
821 28 0
1210 1352 1
149 403 0
793 661 1
226 607 0
671 473 1
1535 1681 1
331 1565 1
644 1011 0
748 1712 1
94 1553 0
1132 1914 1
1814 629 1
1552 1156 1
1757 514 0
1082 1797 1
1484 539 1
839 565 1
1892 578 0
1221 411 1
1596 1439 1
1019 109 0
482 1019 0
1311 74 0
1127 753 0
1439 1299 0
435 1934 0
321 724 1
1454 186 1
1881 744 0
197 1017 0
1816 388 0
547 1810 0
93 1720 0
436 341 0
1858 1101 0
635 1405 0
582 585 1
1158 1289 0
1689 1633 0
816 298 1
147 806 0
373 1799 1
1238 1926 1
1442 1465 1
801 1725 0
1907 257 1
411 126 1
303 335 1
810 1351 0
480 871 0
588 205 1
240 953 0
422 72 1
435 971 0
708 1287 1
1246 218 1
781 1887 0
1431 1406 1
1432 1489 0
1205 295 0
688 1386 0
1069 455 0
116 1065 0
1801 1884 0
1422 1411 1
1695 1735 1
565 1131 0
1176 945 1
369 1335 0
1153 480 1
131 835 1
1088 1356 1
587 1893 1
579 988 1
840 1780 0
1460 417 1
606 1787 1
1938 423 0
453 186 1
1195 1504 0
399 565 1
1696 1507 1
643 1686 1
1194 796 1
1803 136 1
603 1315 1
1073 1114 1
312 71 1
259 1327 1
1561 1655 0
1957 101 0
1183 159 1
779 318 0
1497 208 0
134 696 0
1951 1513 0
123 271 0
267 1854 0
904 1972 0
1511 1900 0
316 1362 1
1218 1155 0
954 1775 0
479 546 0
905 938 1
740 547 1
1883 264 0
1856 1217 1
884 160 0
1437 1373 0
303 237 0
1578 398 0
332 1658 0
1000 1811 1
1309 65 0
1818 888 0
1789 748 1
1355 847 0
1304 1650 0
1157 436 1
310 757 1
290 1788 0
746 226 1
1649 1360 1
1654 641 0
402 319 0
1326 1226 0
1139 1027 1
1632 237 0
162 439 1
730 629 1
645 320 1
1332 498 1
929 938 1
1449 630 1
1142 1484 0
1239 8 0
671 1293 0
1726 809 0
740 1504 0
1232 650 1
510 325 0
26 351 1
1332 1069 1
1240 946 0
993 162 1
975 1779 0
1555 1112 1
1707 1176 0
1545 915 0
84 215 0
1202 187 1
1313 343 0
1910 128 0
464 923 1
785 1680 1
1640 1571 1
755 45 0
429 924 0
1472 759 1
497 283 1
1176 1915 1
1293 814 0
1753 720 1
553 1953 1
748 1091 0
1469 1230 0
1648 1958 1
1517 1500 1
404 1641 0
982 1444 1
66 1727 0
1302 1054 1
408 1663 0
42 714 0
409 1519 0
714 905 1
402 1692 1
772 1608 0
1308 1408 1
785 107 1
452 1512 0
149 397 0
308 1610 0
1570 560 0
524 126 1
104 85 0
473 741 0
452 1698 1
721 748 1
304 306 0
950 1257 1
577 32 1
1689 984 1
776 1578 0
518 254 1
352 461 0
184 546 0
1520 149 0
1631 1486 0
1224 1842 0
14 365 0
1418 781 1
1434 696 0
305 600 0
1619 264 0
583 718 0
487 1374 0
282 73 0
1151 1254 0
1223 910 0
976 1424 0
143 1439 0
287 1865 1
379 1108 0
1004 280 1
1301 1467 0
264 702 0
1188 936 1
988 691 0
1422 1551 0
1316 458 0
1022 1561 1
1523 993 0
656 1701 1
36 1501 1
967 1449 0
651 1352 0
1779 1902 0
574 1408 0
409 1184 1
1117 430 1
140 937 1
1852 412 1
82 886 1
1547 1177 1
1409 1066 0
1895 709 1
556 416 1
1667 301 1
1627 1351 0
1900 630 1
373 1937 1
514 685 0
634 39 1
1015 1239 1
1428 1780 1
1 958 0
1691 513 0
638 1657 0
1654 1390 0
311 1451 1
506 815 1
1772 420 1
1764 957 1
1241 878 0
1660 1161 1
1672 715 1
465 1616 1
1100 956 1
1603 1155 0
258 323 1
1207 1860 0
1228 108 0
796 794 0
498 458 0
418 1657 1
1535 756 1
203 619 0
929 1437 1
214 13 0
635 1575 1
1357 501 0
203 992 1
1693 1051 1
1946 653 0
323 972 0
1182 1949 1
48 550 0
269 244 0
27 1875 0
1658 1379 1
45 566 1
1226 60 1
315 1821 0
953 1276 1
693 695 0
1135 465 0
1517 1612 1
804 53 1
1373 1708 1
1814 1642 0
1790 1823 0
760 1052 0
402 128 1
1435 338 1
1052 1277 0
1186 465 0
1051 558 0
80 1277 0
169 1296 1
520 681 1
316 1159 1
1677 1790 1
1810 1216 0
83 450 1
778 1584 0
1322 1305 1
833 976 1
612 699 0
572 1817 1
1269 1668 1
968 1506 0
850 212 1
698 361 0
1193 63 1
1275 283 1
321 255 0
1576 627 0
1296 332 0
635 1186 1
1692 881 0
838 954 1
599 839 1
539 232 0
254 883 0
1410 1733 0
1089 1953 1
339 1831 1
976 1586 0
902 558 1
948 1886 0
379 1797 0
757 1743 0
1565 299 1
135 606 0
1131 958 0
202 986 1
760 425 0
1590 507 1
594 883 1
1546 1007 0
1366 1365 1
363 1402 0
1001 1795 0
1907 371 0
1143 1597 0
267 569 0
1053 1918 1
1228 1840 0
428 1015 0
494 1174 1
510 295 0
234 441 0
204 234 1
801 148 1
1472 962 1
692 810 0
7 195 1
1558 55 1
4 605 0
713 1638 1
1233 415 1
1035 253 0
489 1940 1
990 1299 0
1031 1358 0
866 64 1
913 1466 0
239 1959 0
1963 1306 0
1767 593 0
1223 1737 0
96 272 0
1741 1669 0
1833 682 1
1956 207 0
1533 590 0
1946 1765 1
254 1237 0
1143 1435 0
1631 1496 1
676 30 0
1540 577 0
76 232 0
844 804 0
1135 1054 1
49 889 0
1121 1875 0
1917 804 0
1794 1596 0
212 1147 0
537 1775 0
169 716 0
63 10 1
1578 408 0
1929 1132 0
1484 147 0
1713 1925 1
54 1195 1
1172 171 0
730 1577 1
470 815 1
1542 942 0
1076 1868 0
1785 1395 1
661 970 0
226 1780 1
362 1892 1
776 632 0
1416 103 1
265 1195 0
994 777 1
1721 1076 0
73 1563 1
157 310 1
1050 92 0
400 251 1
285 174 0
1297 776 1
899 1043 0
1924 182 0
1893 232 0
708 1021 1
1873 1850 0
856 1571 0
1270 1073 0
248 883 1
248 1578 1
960 990 1
764 246 0
511 803 1
1242 881 0
1281 796 1
822 996 1
80 1947 0
1866 463 1
185 584 1
1819 1615 0
837 144 1
1909 1737 0
1754 428 1
1334 1645 1
918 302 0
446 534 1
798 69 1
1319 1584 0
1170 1794 0
818 1243 0
836 1248 1
572 928 1
292 604 0
144 1817 0
1328 268 0
915 878 0
1228 1626 0
88 1507 1
3 1308 1
1051 66 0
23 479 0
22 499 1
96 70 0
600 615 1
255 1513 0
1132 721 0
1820 613 0
1885 1717 0
381 283 1
734 1580 0
1696 384 1
754 1846 1
1882 1299 0
91 1512 1
1456 57 1
1404 887 0
1710 715 0
481 1722 0
1037 1522 0
1039 1602 1
1484 1742 0
981 1927 0
893 1886 0
1344 772 1
962 967 1
211 384 1
1150 1727 0
1905 472 0
1121 678 0
384 332 0
1562 1615 1
727 705 0
1869 1458 0
1800 855 1
66 471 0
907 1033 0
331 545 1
358 277 1
950 592 1
784 1513 0
600 1485 1
1632 1061 1
1205 1625 0
1525 734 0
1483 667 0
588 315 1
200 487 1
1245 1896 0
881 665 1
1937 1889 0
1508 1474 1
1281 1720 1
1036 1621 1
17 197 1
443 1813 1
1427 1510 1
901 1621 0
1009 476 1
634 949 0
1796 1905 0
628 1043 0
205 756 0
1936 385 0
1627 1947 1
597 408 1
826 816 0
519 830 1
765 1850 1
1399 1747 0
1643 1472 0
789 257 1
633 1141 0
545 503 0
1786 658 0
1782 356 1
1460 1157 0
496 1948 1
1703 1654 1
238 1955 1
412 396 0
1800 1729 0
879 1901 0
1820 902 1
731 547 0
1421 1749 1
314 948 0
1719 83 1
1624 246 1
1670 773 0
314 1421 0
1163 974 0
891 1666 0
1460 740 0
1313 378 0
80 1149 0
1025 162 1
914 1262 0
1106 159 0
602 1716 1
693 1721 0
924 1385 0
958 597 1
728 582 1
36 163 0
1962 1153 0
1421 316 0
513 863 1
735 1063 0
670 977 0
1073 1030 1
419 167 0
491 990 1
59 1547 0
584 679 0
378 1936 1
1174 1580 1
1527 1895 0
1453 205 1
1409 830 1
1972 1088 0
279 647 0
1532 1931 1
1889 179 1
1519 1078 1
506 974 1
1471 490 0
781 289 0
1623 607 0
1124 1231 0
1114 1894 1
143 598 0
1939 447 0
1463 126 0
1593 867 0
196 616 0
437 555 0
699 189 0
1890 1808 0
40 450 1
573 1059 0
595 141 1
1834 225 0
1643 267 0
1487 157 0
955 1402 0
764 1830 0
1443 1013 0
1817 1278 1
917 1743 0
1277 1044 0
218 1281 0
1388 139 0
616 169 0
1174 1948 0
863 1324 0
47 314 1
557 875 0
1030 611 0
1507 1100 0
1382 1083 1
1326 310 1
34 1862 1
1235 659 0
224 1956 0
610 670 1
763 846 1
821 1310 0
1524 1878 1
1651 1868 0
1825 797 0
698 1695 0
314 1208 0
139 666 1
1061 224 0
723 1270 1
1306 1375 0
865 1846 1
236 496 0
1386 1136 1
181 1203 0
490 1520 0
908 1258 1
978 182 0
731 1767 1
226 798 0
247 1779 0
1507 836 0
1627 1584 1
1121 1541 0
1682 1074 1
196 1701 0
1559 1712 0
955 1850 0
1612 7 0
1117 189 0
1658 719 1
1342 1861 0
48 1259 0
1091 51 1
1374 1939 0
1248 1710 1
1300 1449 0
1168 518 0
1003 840 1
255 1354 1
16 1715 0
809 1814 1
1381 1339 0
920 1324 0
765 602 0
1761 336 0
974 1714 0
434 519 0
1014 358 0
1933 1503 1
1647 969 0
260 1317 0
1276 1880 1
403 527 0
996 1117 0
740 302 1
1936 1705 0
608 1344 0
1856 1558 0
1217 626 0
1456 365 0
1803 828 0
1937 1678 0
706 211 0
595 198 0
1134 429 1
250 505 1
245 1904 1
1173 584 1
1877 658 1
874 724 1
623 1970 1
961 916 0
1413 219 1
933 237 0
1410 230 0
1546 861 0
1200 413 0
387 836 0
1321 1145 0
1728 634 1
158 683 1
663 893 1
1975 988 1
1657 742 0
537 85 0
120 549 1
554 878 0
1972 1070 1
409 288 1
1685 68 0
783 189 1
1675 1873 0
1950 1479 1
1267 1350 1
900 1925 1
1636 1482 0
284 1432 1
89 72 1
70 829 0
358 803 1
593 1388 0
654 188 0
1632 510 1
614 923 0
1059 1612 1
3 1117 1
1482 748 0
452 836 0
252 262 0
526 1728 0
1335 753 1
387 123 1
1416 1640 1
1519 1088 1
1800 1839 0
1611 804 0
143 1783 0
1245 741 0
344 51 0
1671 803 1
700 1647 1
366 534 1
1010 78 0
159 1555 0
271 674 0
1822 500 0
1103 1596 0
444 440 0
1958 709 0
59 59 0
1627 1268 1
1456 1088 1
525 343 0
1194 1927 0
275 1696 0
156 607 0
850 874 1
1279 1003 0
1620 803 1
1909 1314 0
1938 887 1
1231 797 1
914 1934 0
1110 476 1
645 207 0
1775 168 1
1389 1834 1
480 1017 0
374 1115 1
934 1872 0
1824 1338 0
412 528 0
1394 815 1
474 1972 1
1577 134 1
267 1110 1
422 1227 0
1288 223 0
1607 1714 0
1362 1191 1
945 218 0
897 1088 1
932 652 1
1900 234 1
1579 1429 0
843 238 0
1482 1647 0
1541 698 1
1966 1022 1
1497 1213 0
594 31 0
1403 1822 1
728 1815 1
1134 396 1
1007 727 1
879 406 1
943 343 1
1672 316 0
1869 691 1
1730 908 0
92 476 1
936 111 0
1816 466 0
115 1871 0
381 477 1
687 1268 1
1119 21 1
1377 300 0
1819 1491 0
750 1594 1
1925 607 0
941 263 0
494 834 1
21 1314 1
1486 603 0
1199 1560 0
1128 1299 0
144 528 0
1200 1936 0
529 1124 1
727 1746 0
1908 611 0
89 1176 0
397 314 1
788 1 0
687 1862 1
1774 827 1
521 1058 1
822 787 0
136 812 0
758 920 0
568 1692 0
1562 351 0
1206 1038 1
215 1896 0
993 1893 1
182 305 1
491 304 0
1744 1823 0
1819 50 0
500 1140 1
1424 1273 1
767 1059 1
1496 413 0
1291 1603 1
1671 1308 0
986 1156 0
640 627 0
275 1545 0
1094 1821 0
1093 681 0
1131 93 0
878 1542 1
997 646 0
1803 718 0
984 655 0
1268 594 0
978 1065 0
1780 927 0
889 835 1
1249 1704 0
1027 1628 1
1318 634 0
1651 1274 1
935 177 1
34 400 0
685 1087 0
1948 1587 1
630 449 0
605 290 0
658 1037 0
1370 251 1
1929 252 0
809 1103 1
770 49 1
1323 116 0
1061 47 0
471 892 1
993 924 1
1201 850 0
190 1663 0
1325 77 1
1333 389 1
964 1698 0
1535 464 1
1061 1782 0
1 1970 1
1000 843 1
1363 1167 0
1476 1433 1
69 997 1
171 1926 1
766 1105 1
572 1256 0
461 1292 1
1163 1717 0
1505 1251 1
93 1725 0
6 1925 1
538 291 1
1248 750 0
662 893 0
1078 671 1
991 1896 0
995 986 1
698 757 0
960 315 1
458 1523 0
1973 846 0
1195 766 0
1153 1864 0
537 1377 0
1818 797 0
863 1518 0
556 842 1
1731 153 1
336 1782 0
1297 541 1
1347 1491 0
18 1687 0
847 589 1
1512 1836 0
1922 1507 1
80 98 0
1669 962 0
1755 1067 1
13 1022 1
505 1427 0
31 768 0
1647 771 1
1614 1407 0
1328 1051 1
1306 1919 1
531 1896 0
663 62 1
1616 1740 0
1635 1162 0
1183 70 1
905 378 0
1415 1004 1
1146 1199 0
1796 809 0
755 1338 0
120 324 1
674 1509 1
1397 1 1
1785 424 1
133 1966 0
861 1943 0
1957 1839 0
616 150 1
577 670 1
1184 656 0
569 1237 0
651 870 1
1546 190 0
717 434 0
760 394 0
321 522 0
1087 838 1
285 822 0
1208 510 0
1173 86 1
1009 1657 1
447 1722 1
914 1030 0
649 1434 0
1726 1446 0
257 981 0
1929 1363 1
391 1053 0
1604 1783 0
32 1608 0
630 1887 0
349 1520 0
427 1609 1
366 1583 0
1620 40 0
862 1170 0
558 831 0
1786 293 0
128 366 0
1044 496 0
82 348 0
1737 204 1
519 31 0
1073 1187 1
562 1149 1
144 1069 0
1641 896 1
395 1797 0
122 1850 0
610 210 1
244 893 1
58 764 1
1212 1334 0
537 21 0
914 1380 0
1642 770 1
162 1441 0
281 970 1
1060 1654 0
1702 1447 1
143 1 0
544 493 0
1381 598 0
1946 728 0
1420 794 0
1491 134 0
342 1042 1
1421 1252 0
1046 1185 1
195 82 1
1631 614 1
1086 857 1
331 1650 0
861 800 0
809 575 0
366 1678 1
765 1972 1
1688 1038 1
875 314 1
430 1385 0
996 518 0
732 1912 0
695 610 1
974 421 0
271 1586 0
1078 287 0
1927 1959 0
1680 967 1
661 1224 0
984 1416 0
1479 1069 1
1729 730 1
1041 48 1
709 307 1
1281 1665 0
132 653 0
671 1779 0
82 562 0
1744 381 0
189 45 0
1356 1779 0
1239 124 0
796 493 0
1880 405 0
1825 914 0
892 676 0
162 1766 1
226 1645 0
500 166 1
1973 48 1
55 1063 0
1777 1202 0
394 1195 1
116 1074 1
713 761 1
1767 239 0
217 1198 0
1423 1378 0
771 1295 0
1538 1780 1
433 1515 1
1674 178 0
724 157 0
63 474 0
351 1853 0
1723 1817 1
393 920 0
780 417 0
1518 1884 0
1171 1494 0
293 1194 1
1202 1124 1
1271 1819 0
1723 56 1
1422 312 0
804 1780 1
1638 937 1
739 127 0
1720 1601 1
1230 672 1
67 1415 0
1825 1470 0
1584 1763 0
427 1916 1
937 650 0
1342 636 0
1181 1825 1
1383 306 0
1486 1368 1
1144 1436 1
1716 1418 0
442 468 0
851 1076 0
1809 693 1
731 1690 1
1561 558 1
132 163 0
1370 1720 0
942 1898 0
906 1595 1
272 1319 1
756 1497 0
91 1416 0
783 1516 1
1225 402 1
1056 1933 0
309 44 0
918 1059 0
1155 1946 1
661 1181 0
1233 238 0
1737 1253 0
1609 1792 0
13 385 1
81 61 1
1493 1446 0
624 165 0
792 350 1
1089 759 1
767 1078 1
1440 942 0
1542 7 0
314 1736 0
1889 647 0
830 790 0
25 1137 0
747 1350 0
1166 28 1
855 1123 0
499 338 1
323 672 0
797 75 0
640 1093 0
242 1481 1
2 1810 0
1179 438 1
1138 950 1
1301 1175 0
535 1463 1
286 924 0
532 1150 1
1970 363 0
995 1618 0
640 866 0
225 1923 1
1364 1947 1
1867 1181 0
1056 1618 1
1945 940 0
1200 1684 0
1069 1001 0
1297 1276 1
1953 280 0
976 1894 1
889 525 1
348 739 1
94 1801 0
1324 899 1
449 1469 0
485 1701 0
433 1627 0
208 227 0
1802 1173 0
810 1474 1
549 136 1
1125 443 0
1614 1237 0
90 427 1
1026 1135 1
1552 284 0
1948 1641 0
1576 305 1
1414 1414 0
849 832 1
1788 419 1
409 177 1
52 773 0
374 1430 1
1728 597 1
1470 1539 0
1910 257 0
1149 1642 0
1204 1575 1
427 1646 1
652 419 0
795 168 1
218 477 0
632 178 0
959 709 1
102 1664 1
1612 1946 0
980 949 0
744 1871 1
843 458 0
1557 1554 1
1385 591 1
528 174 0
1268 724 1
553 107 1
1691 623 1
1421 866 0
62 1603 1
235 162 1
612 1501 0
1792 105 1
842 820 0
448 1331 0
845 845 0
1404 1011 0
853 1285 0
1044 1955 1
1531 1772 0
795 1672 0
1844 661 1
317 1649 1
745 663 0
992 345 1
1269 1949 1
1092 642 1
828 1162 0
422 1342 1
75 716 0
828 1808 1
1608 1722 1
1107 475 0
1839 612 1
911 531 1
199 1138 0
1975 286 1
866 1316 1
105 205 1
509 244 0
1052 994 0
1618 1069 1
1102 1006 0
1954 1536 0
481 866 0
740 1659 1
186 1941 0
912 777 0
1827 415 1
1708 791 0
648 1873 1
11 726 0
115 1772 0
1726 944 1
1587 322 0
856 1361 0
1252 492 1
1848 1007 0
1975 638 1
1904 739 0
1940 1533 0
597 1060 0
1072 1557 0
603 555 1
149 73 0
572 114 0
140 1309 1
514 1844 1
272 876 0
521 943 0
1605 12 0
885 68 0
1732 62 0
1262 1035 1
1055 1916 0
1055 771 0
102 1508 1
902 1470 1
1762 379 1
948 1699 0
332 1055 1
334 686 1
238 1131 1
1739 567 0
1869 1214 0
1043 590 0
7 1865 0
1751 268 0
225 156 1
937 1707 0
1789 1463 1
1820 1630 1
201 1678 1
395 1083 1
1145 814 1
959 349 1
207 1550 0
1185 1419 1
593 1007 0
147 1891 1
1686 1304 1
577 1764 0
1229 783 0
374 492 0
1429 1544 0
674 1903 0
1959 547 1
299 1497 0
1917 906 0
199 1856 0
1543 119 0
1324 1870 1
253 465 0
981 598 0
1194 1524 0
1631 1062 1
927 1069 1
1282 1229 0
126 1463 0
1546 181 0
143 3 0
1720 1023 1
192 45 0
1642 562 1
127 393 0
653 939 1
1351 477 1
1023 59 0
190 1337 0
459 1505 0
1779 262 0
1552 615 0
1120 376 0
1220 1917 0
1602 452 0
1654 123 1
802 331 0
854 1193 0
721 893 1
773 1868 1
287 823 0
1968 1957 0
934 1756 0
1322 147 1
874 379 1
565 1152 0
1386 634 1
1848 725 0
1297 548 1
664 1263 1
1763 908 0
1103 1148 0
682 862 0
178 284 0
330 1711 0
383 1011 1
1345 621 1
1190 1949 1
1658 408 1
1274 1285 0
996 1854 0
154 1598 0
523 1558 0
1423 1268 0
1334 1165 1
1546 304 0
1892 335 0
45 1582 1
1295 1770 0
96 1446 0
1704 1059 1
1091 1787 1
1640 154 1
1093 520 0
1779 1466 0
1104 1775 0
737 862 1
1638 68 0
601 1886 0
778 42 0
627 1948 1
350 3 0
1610 370 1
201 1716 1
1415 234 1
1051 954 0
1454 1485 1
927 950 0
1744 1143 1
265 1339 1
530 757 0
1852 1716 1
1399 1172 1
1154 1119 0
878 870 1
1711 1065 0
1439 1432 1
156 1326 0
147 437 1
425 1505 1
307 374 0
498 1672 0
239 611 1
1232 736 1
1962 617 0
903 1942 0
1873 1968 0
966 989 0
545 851 1
438 126 1
319 1290 0
852 402 0
62 1394 0
190 234 0
977 1099 0
1764 805 1
1935 1882 1
255 1483 1
410 82 0
1938 1593 1
865 1246 0
1538 230 0
1918 138 0
777 1878 1
1798 779 0
1426 152 1
1138 1813 1
346 608 1
153 432 0
923 1078 0
1193 150 1
162 1856 1
1696 742 1
1776 1630 1
875 402 1
1146 1584 0
1620 251 1
1797 306 0
314 1781 0
741 554 0
1439 106 0
1441 519 1
1597 1462 1
1680 1740 0
1449 288 1
1112 1961 1
150 1641 0
1254 1596 0
718 1863 1
1489 566 0
898 1332 0
1118 1754 1
297 1132 0
725 1923 1
1198 1707 1
46 1922 1
1330 1339 1
1553 1624 1
645 1520 1
1168 1279 0
670 802 0
699 1371 0
1918 1167 0
1508 764 1
1855 626 0
801 47 0
1506 1331 1
217 1872 0
361 548 1
693 112 0
230 454 1
331 581 0
225 34 0
1777 1228 1
702 1612 1
424 1064 1
1880 1515 1
1703 1869 0
1307 441 0
1244 1142 1
915 1294 0
1669 96 1
716 1424 0
1693 1816 1
927 1893 1
1474 837 0
258 525 1
400 1104 1
1047 60 1
381 839 1
1574 1022 1
215 1684 1
1834 1338 0
1333 1778 0
1470 1456 0
1373 1157 0
685 1229 1
1642 1005 1
107 780 0
960 852 1
1574 676 1
1407 764 1
435 1417 0
1493 994 1
1951 94 0
366 237 0
474 235 1
1916 343 0
1329 1733 1
1551 1700 0
1884 1030 1
1768 414 1
353 1657 1
1096 1352 1
1077 989 1
494 1406 1
1731 402 0
221 559 0
415 799 1
611 1896 0
1618 663 0
22 1009 0
1536 1033 0
914 1398 0
1508 1658 0
175 1408 0
287 942 0
257 249 0
62 1713 0
1018 1320 1
961 36 0
923 1123 0
1489 1788 0
1307 66 0
113 1721 1
1134 789 1
761 283 0
1574 1382 1
1217 1042 0
1324 855 1
551 1711 1
1870 1597 0
1648 1559 1
751 1305 1
561 434 1
1706 1483 1
1225 1270 1
1946 424 1
394 1897 0
755 1681 0
867 311 0
1177 1615 0
72 1587 1
492 1442 0
472 1771 1
1537 538 0
726 1842 1
272 1623 1
343 1432 0
864 468 0
606 695 1
401 677 0
1819 1209 0
1181 282 1
311 271 0
1585 1060 1
460 1898 0
940 920 0
1306 231 1
157 1135 1
1627 474 0
796 508 0
759 894 0
634 382 1
1772 1234 1
387 303 0
429 678 0
1735 443 0
1132 1718 1
484 652 0
1687 164 1
761 498 0
276 1498 1
619 391 1
672 1394 1
533 1157 0
1176 1338 0
647 1442 1
945 779 0
1876 941 0
1663 1571 1
392 369 1
1582 1589 0
723 642 1
530 1904 0
1704 1927 0
1453 126 1
501 1160 1
1867 789 0
1464 184 0
1464 15 0
1784 824 0
676 1813 0
1915 836 0
1727 706 1
1470 1638 0
561 159 1
446 1764 0
828 407 1
956 1277 0
1131 139 0
1195 1148 0
1486 248 1
1852 392 0
1788 1680 0
1088 1440 1
82 1594 0
659 394 0
287 1954 1
613 474 0
501 1149 1
1799 535 0
1632 287 0
403 1296 1
1758 1586 0
845 1477 0
812 49 1
783 222 0
967 427 0
316 283 1
1086 729 0
304 266 1
1028 637 0
64 106 0
1438 1078 0
1492 614 0
341 753 1
571 1630 1
1860 1689 0
1929 1920 1
1608 577 0
1814 1262 1
1942 1388 1
1963 1423 1
1919 1138 0
1810 1686 1
1764 673 0
509 51 0
1454 161 0
1950 1177 1
239 1321 1
1561 132 1
1264 1255 1
1615 1919 0
1594 245 1
301 310 1
1879 1013 0
1555 1144 1
699 865 0
1241 581 0
96 1893 0
1581 810 0
1279 898 0
1292 211 1
845 1273 0
651 1481 1
842 1224 0
1813 1005 0
512 85 1
1198 1914 1
1343 580 0
1185 1302 0
1714 1901 0
978 1498 1
1180 484 1
183 1761 1
194 99 0
1517 558 1
1716 1594 0
848 1401 0
151 1576 0
29 1240 0
292 1771 0
539 473 0
1505 1282 1
1618 933 1
67 676 1
112 136 0
1504 1882 1
1231 1032 1
1362 244 1
1290 564 1
1244 1022 1
197 193 1
675 97 0
795 1222 0
271 285 1
1546 86 0
1355 1955 1
1922 1489 1
459 567 0
342 1669 1
15 1694 1
1442 1114 0
726 1876 1
1300 1004 0
199 290 0
379 435 0
957 1285 0
6 1264 0
1029 1664 0
1062 321 1
1778 1193 0
948 1640 1
1646 1458 0
1968 574 1
854 516 0
1209 1942 0
902 1671 0
1796 1624 1
966 941 0
1412 610 1
426 1603 1
1073 914 1
786 661 1
415 611 0
623 848 1
151 37 0
731 459 1
1183 931 1
1019 377 0
1488 959 0
1736 1660 1
1017 652 1
1849 1664 1
1763 1149 1
876 1633 0
420 1235 1
210 687 0
1135 1218 1
253 1781 1
1354 1793 1
1334 1698 0
1595 571 1
1836 1100 0
1834 1527 0
58 1410 1
792 909 1
926 745 0
722 776 1
1474 1469 0
140 1012 1
1146 1523 0
1167 886 1
918 1158 0
1835 1082 0
604 1331 1
664 1637 0
225 38 1
830 257 0
1630 950 0
359 1340 1
1463 572 0
518 1279 0
1037 456 0
1053 1483 1
298 180 0
1459 1638 1
128 1841 1
443 1719 0
1105 1944 0
690 333 0
1730 1550 0
1769 1047 0
719 497 1
1490 271 0
39 1787 0
37 769 1
690 1108 0
1646 254 0
1831 460 1
1558 176 1
157 1857 1
699 1551 0
1253 731 1
1020 1086 0
238 1231 0
841 538 0
1332 1043 0
1543 606 0
1282 253 0
654 303 0
719 1886 0
920 588 1
1803 1751 0
129 1429 0
66 718 0
365 105 1
662 1477 1
1045 729 1
1069 821 0
1490 1884 0
61 832 0
1361 16 1
164 330 1
559 1492 1
650 1360 1
1902 1659 1
81 1680 0
1259 1342 1
470 1343 1
1027 400 0
842 692 1
1777 1391 0
702 1236 0
1947 857 0
354 1698 1
1503 1070 0
571 1920 1
1630 855 0
514 872 1
417 1609 1
399 52 1
458 737 0
1594 179 1
216 55 1
335 1405 0
414 918 1
721 208 1
882 1790 1
1438 1394 0
1416 137 1
270 1518 0
1649 82 1
1588 147 1
819 582 1
1133 182 0
1424 249 1
591 1797 0
698 1238 0
1874 850 0
1682 281 1
1642 1863 1
496 178 0
1011 1268 0
175 1037 0
1895 290 1
578 484 1
1808 1315 1
1722 460 0
460 1098 0
1765 1114 0
1676 459 1
868 1897 0
1802 1417 0
1958 1342 0
685 1481 1
194 1453 0
1130 1540 0
981 423 0
1693 525 1
870 1782 0
1141 1712 1
404 231 1
1901 1536 1
1330 34 0
107 1754 0
657 571 1
1099 495 1
1267 1295 1
32 1724 0
1230 954 1
928 186 0
1132 1596 0
994 1466 0
223 1155 1
738 352 0
1338 1685 1
1116 152 1
1247 206 1
327 702 0
1379 542 0
1403 1825 1
1514 1966 0
625 1003 0
990 616 1
368 1741 1
1639 1474 0
43 1487 0
1122 1015 0
840 94 0
1312 42 1
1498 1734 0
1407 1427 0
351 1398 1
337 899 0
1533 1575 1
1871 1091 0
1232 1332 0
1554 1159 0
1745 1472 1
1840 1473 0
1034 1620 1
1574 1436 1
1195 1705 0
60 1755 1
1836 1723 0
1732 1365 0
14 962 1
1706 1874 1
1018 51 1
383 1583 1
922 1343 1
102 965 0
1783 1600 0
60 224 1
1354 587 0
236 693 1
1765 85 0
232 1296 1
1874 1879 1
200 1149 1
359 630 1
1574 1753 0
1452 1377 0
1916 774 0
1704 1105 1
454 918 0
1915 110 0
741 927 0
1936 761 0
1027 468 0
147 136 1
1399 1555 0
1615 553 0
517 1665 0
1710 808 0
1022 612 1
340 1056 0
24 465 0
1025 1288 1
429 125 0
986 243 0
1845 839 1
398 559 0
1233 647 1
1084 1937 1
225 1837 0
1373 484 1
1851 1467 0
1909 648 0
1308 145 1
964 129 0
1623 1123 0
801 1096 1
1836 664 0
799 1610 0
1872 636 1
1115 468 0
67 343 1
1640 232 0
1242 495 0
1735 1376 1
1873 1834 1
653 1449 1
1245 854 0
292 1155 0
720 1219 0
569 905 1
1475 58 0
1869 1822 1
1728 266 1
524 1597 0
1821 1008 1
832 396 0
342 1339 0
189 1028 1
650 229 0
1355 1255 1
479 667 1
1181 846 1
1166 1756 1
1505 675 1
477 1467 1
389 1061 0
225 1856 1
532 761 1
1452 951 0
1778 1746 0
1507 252 0
176 819 0
1134 478 0
167 1533 1
1186 1492 1
385 512 0
1456 855 1
1008 1403 0
1577 1801 0
1443 1667 0
894 897 1
314 1125 0
1958 1698 0
1512 1644 1
1490 1025 0
1369 1170 1
914 915 0
700 201 0
1851 1718 0
1743 469 0
739 716 0
668 1039 1
340 1618 1
1275 1609 1
537 337 0
1949 402 0
319 811 0
306 1425 1
1796 1360 1
827 521 1
1173 620 0
1648 271 0
1000 1471 1
1392 622 0
570 467 0
1924 1669 0
1709 1495 0
1260 1424 0
1697 669 1
505 219 0
172 1362 0
703 1728 0
1038 110 0
1108 1568 1
726 69 1
1671 630 1
564 1472 1
6 1211 1
38 329 1
1525 775 0
669 824 0
743 23 1
1488 537 1
1700 1526 1
1772 1350 0
1291 330 1
1925 704 1
1320 35 0
8 1381 1
1377 1729 0
471 423 1
1504 107 1
454 1116 0
745 1758 0
1489 88 0
377 1264 0
1716 1916 0
1257 1587 0
1947 973 0
982 1754 1
1925 310 1
447 652 1
1863 375 0
1527 1772 1
1174 590 0
321 861 1
1500 1102 0
587 923 1
954 488 0
1816 1360 0
377 725 1
603 586 0
114 1738 0
548 104 1
1269 505 1
1100 898 0
1031 1224 1
657 1068 1
245 280 1
523 1636 0
1784 1750 0
1278 1412 0
1941 403 1
2 967 1
709 15 0
1818 1545 0
580 770 1
560 937 1
489 394 1
1142 1631 0
833 130 0
1945 483 0
1702 1305 1
1079 1164 1
748 465 0
1354 1362 1
1660 1324 0
1291 747 1
1094 1588 0
722 859 0
679 1904 0
1132 216 1
1511 1236 0
1787 14 0
137 440 0
797 1302 0
364 1723 0
1680 195 1
481 1510 0
519 557 1
302 1959 0
1933 615 0
1463 1812 0
1489 40 0
33 899 0
1191 996 0
496 1442 1
1038 654 0
838 349 1
1857 888 1
1645 1022 1
1874 997 1
486 1506 1
764 1203 0
951 266 1
1702 651 1
72 237 0
1393 1900 0
561 1042 1
1566 482 0
213 966 1
1585 439 1
1975 1858 1
57 978 0
745 1369 0
542 1666 0
684 299 1
1660 1485 0
1569 1931 1
1646 1936 0
1580 569 0
1625 1033 0
1068 1817 0
38 1566 1
1951 650 0
356 825 0
27 582 0
159 1528 1
649 669 0
932 1510 1
1142 19 1
181 1875 0
672 1233 0
1639 893 0
1701 1660 1
1689 599 1
1374 1223 1
1091 1431 1
1347 1471 0
1259 655 0
1585 888 1
817 186 1
243 662 1
1669 1294 0
1635 768 0
715 387 0
1207 33 0
1249 1950 1
1749 920 0
391 1478 0
1640 1268 0
887 1597 0
1117 701 1
142 691 1
1462 891 0
1225 1534 0
438 1604 0
1111 738 0
1244 1413 0
517 1147 1
610 40 0
307 1540 1
65 818 1
1 488 1
258 1920 1
1394 1718 1
1414 1798 0
1128 1109 0
1650 1011 1
1896 1060 1
573 1308 1
363 533 0
916 329 0
919 461 0
325 1732 1
1911 1177 1
999 539 1
1436 538 0
1711 902 0
843 884 0
1927 270 1
1494 698 1
1161 1236 0
48 712 0
579 170 0
739 152 0
1032 1935 1
985 776 1
1388 1362 1
1458 653 0
1602 738 0
644 272 0
7 501 0
1836 60 0
706 901 1
1944 861 1
220 1181 0
1918 1190 1
492 1902 1
86 463 1
1059 56 1
252 1544 0
750 1855 1
329 1479 0
436 1681 1
550 570 0
657 810 0
755 1642 0
11 1866 0
505 820 0
116 1756 1
289 3 0
973 1551 0
615 1204 1
37 1867 1
804 1562 1
576 1073 0
85 611 1
782 1760 0
1669 1850 1
1782 1831 1
520 1525 1
635 583 1
385 1828 0
1668 1420 0
84 1374 0
520 939 1
88 1047 0
1792 36 1
1883 758 0
1282 1799 1
505 1029 0
708 608 0
1258 521 1
1390 1234 1
478 1855 1
1683 796 1
185 1776 0
1146 126 0
134 171 0
1078 1596 0
50 586 0
1340 1292 0
460 746 0
1243 598 0
1829 1450 0
18 1268 0
263 160 0
1438 740 0
1607 744 0
1333 1842 0
639 777 1
169 1261 1
1549 211 0
1929 539 1
1443 1262 0
791 594 0
1354 1286 1
120 1880 1
1529 1090 0
1707 1787 0
1050 1126 0
231 1949 0
1173 57 1
566 1197 0
1034 33 1
736 350 0
1411 1584 0
1435 31 0
1460 1904 1
205 299 0
478 253 0
1427 1208 1
1101 1526 1
184 1809 1
1531 1183 0
300 1135 0
1171 534 0
101 422 1
248 1929 1
1149 352 0
771 830 0
982 1770 0
1974 922 0
1064 642 0
248 1719 0
1074 1831 0
947 1756 0
1136 15 0
3 1947 1
698 1487 0
812 728 0
1207 370 1
991 154 1
401 1401 0
4 1015 0
1439 1486 0
449 171 0
1534 1763 0
685 244 1
375 187 1
1015 1577 1
854 804 0
660 420 0
561 1509 1
99 1681 1
82 305 1
495 1603 1
1629 1875 0
306 1470 1
303 1101 1
1152 696 0
1235 1274 1
1966 114 0
29 1381 0
1046 1731 1
1677 245 0
1708 805 0
1734 36 1
1830 532 1
1930 851 1
262 1221 0
1934 48 1
1172 692 0
766 972 0
1102 969 0
879 1146 1
1945 643 0
218 1097 0
931 312 0
55 282 1
20 829 0
285 869 0
1337 165 0
1058 1194 0
244 511 0
1924 1901 0
1201 870 0
228 1202 0
1136 531 1
1476 1472 1
1352 1131 1
127 1856 1
670 853 0
565 804 0
121 124 1
824 81 1
41 851 1
658 504 0
971 990 1
1552 1508 0
311 1504 0
906 687 1
1765 959 0
1483 352 0
1096 1194 0
1757 1047 0
1101 361 0
1810 369 0
1650 551 0
276 1951 0
526 457 1
1178 1765 0
650 598 0
299 1221 0
1092 872 1
1018 1288 1
1230 740 0
1159 1844 1
1001 933 1
197 523 1
154 122 0
414 1149 1
721 778 1
932 1310 1
348 153 1
962 1 0
833 1707 1
851 1183 0
855 870 1
1012 1139 0
1441 1247 1
507 573 1
1119 814 1
1898 521 1
689 1630 1
1796 351 1
1039 1748 0
1260 832 0
1057 1288 1
824 1759 1
893 1684 1
1853 1283 0
746 1156 1
1404 1793 0
975 796 1
1891 577 0
153 358 0
152 1601 1
1252 1907 0
1209 1771 0
1313 1883 0
411 439 1
1317 620 0
471 1809 1
1102 618 0
128 1069 1
864 1520 1
1834 57 0
660 946 0
521 1595 1
571 809 0
1911 1248 0
1729 78 0
1906 860 1
1333 549 1
1803 445 1
281 1705 1
1284 1263 0
1178 856 0
1346 493 1
190 1906 0
615 874 0
1754 1643 1
1504 261 1
1480 349 0
1094 785 0
740 32 1
1018 127 1
931 817 0
637 147 0
1188 500 1
132 1319 0
1253 708 1
45 1955 1
32 602 0
280 272 0
1734 284 0
81 1688 0
237 1274 1
1875 1057 0
1154 1362 1
1224 1806 0
1636 1870 0
1506 1288 1
428 344 0
1364 1974 1
1946 816 0
1335 1392 1
1437 1741 1
1511 202 0
917 1556 1
1764 1830 0
365 1885 1
299 420 0
639 1527 0
328 180 0
748 954 1
142 1955 1
1282 587 0
1203 400 0
329 911 0
760 249 0
35 1854 0
286 18 0
1699 1290 0
1876 1504 0
70 88 0
1794 293 1
1794 326 1
1677 1411 1
211 885 1
1314 1628 0
235 1431 1
492 1408 0
1214 1014 1
868 690 1
1706 1151 0
521 1373 1
975 1695 0
834 38 1
979 624 1
990 72 1
1446 1773 1
292 326 0
1722 831 0
1026 645 1
923 845 1
667 751 1
578 206 0
1406 569 0
1200 7 0
1032 1476 0
1136 1524 0
757 1455 0
406 1901 0
1924 1789 0
1454 121 0
1282 1969 0
1135 1973 0
1724 1110 1
1578 1403 0
1000 770 1
986 852 0
1859 1685 1
1590 41 0
1075 1397 0
1204 417 0
1378 1355 0
1272 1355 0
545 33 1
592 110 0
634 1044 1
406 1801 0
33 1306 0
1969 1051 1
1019 1216 0
1095 186 1
1569 532 1
216 253 0
1540 308 0
703 46 0
880 1101 0
1308 328 0
1739 1573 0
1482 197 0
51 785 0
7 525 1
1489 13 0
1298 1968 0
1809 1156 1
1877 316 0
178 3 0
947 542 0
376 240 1
300 628 1
306 394 1
1260 416 0
311 1597 0
653 390 0
1115 295 0
1262 95 1
228 1419 0
1951 1120 1
1557 269 0
625 19 1
111 1943 0
1403 307 1
898 1173 0
522 1108 1
1384 1603 0
1810 1700 0
1364 1764 0
971 635 1
946 221 1
1317 688 1
64 631 0
1154 281 1
475 870 1
1649 1742 0
1473 870 1
841 1509 0
927 537 1
1686 1805 1
810 596 1
620 984 1
1798 426 0
1159 611 0
79 382 1
1235 215 1
1961 305 1
213 692 1
109 1234 0
1421 295 1
1358 796 1
1870 1611 1
10 494 0
1280 1960 0
1049 1777 0
1924 895 0
1372 1867 0
613 1662 1
1241 1129 0
1363 1169 0
1481 272 1
1503 89 0
779 1403 0
1751 1527 0
1631 1293 1
1453 936 1
1936 714 0
831 1538 1
1594 1824 0
698 777 0
484 1796 0
1141 517 0
501 669 1
1959 1205 1
584 972 0
690 427 0
187 310 0
1159 853 0
820 1177 1
1463 1328 0
310 90 0
313 204 1
604 1394 1
1870 559 0
1473 1314 1
1637 972 0
17 960 0
1389 161 0
363 918 1
933 791 0
1472 510 1
229 98 1
245 563 1
1047 658 1
1523 168 1
1536 302 0
1449 1179 0
839 797 1
502 1421 0
512 1424 0
1053 668 1
835 1271 0
301 1885 1
1330 1727 1
695 1220 0
457 760 1
1413 628 1
1551 1724 1
1811 14 0
100 1196 0
485 1408 0
413 1216 1
258 883 1
996 1091 0
1279 1110 1
938 589 1
851 143 1
526 1198 0
1219 665 1
1241 1057 1
748 1320 1
1830 850 1
1872 1714 1
1915 632 0
764 121 0
799 1021 0
839 321 1
1519 507 1
540 57 0
1157 1419 1
1447 151 0
1845 793 0
1529 270 0
964 372 0
449 1694 1
349 1661 1
103 387 0
1533 982 0
693 925 0
149 1413 0
752 270 1
1906 83 1
777 1927 0
502 1358 1
1665 1519 0
148 1279 0
1879 1379 0
1234 1812 1
728 1876 1
1253 1672 1
1852 1759 1
97 741 1
1415 693 1
91 1666 1
568 1810 0
194 298 0
923 821 1
327 1550 0
1645 481 1
938 1844 0
1575 1968 0
228 1333 0
1886 1793 1
1911 704 0
180 613 0
1819 386 0
794 864 1
1261 175 0
695 965 0
1407 1811 1
631 1140 1
123 1496 1
469 731 1
403 340 0
1824 1793 1
1769 1606 0
588 19 1
813 1397 0
1258 1067 1
762 1377 1
1521 276 0
942 967 1
838 1408 0
1869 1772 0
1796 1072 1
177 1960 0
1174 288 1
554 1062 1
1608 1317 1
1691 1647 0
1458 942 0
325 904 1
562 890 0
1096 1841 1
148 1845 0
248 1848 0
556 825 0
532 1632 1
256 1938 0
293 165 1
538 71 1
1838 781 1
1925 20 0
889 314 1
365 800 0
825 1771 1
536 1928 0
650 1362 0
1251 474 0
60 1626 0
657 1687 1
1808 1327 0
1537 1911 1
1928 519 1
232 343 1
627 1367 1
18 559 0
1969 1116 0
1684 1024 0
776 995 0
1478 1957 0
476 74 0
333 1904 1
1162 1415 1
1692 356 0
711 1530 1
531 1598 0
1548 610 1
308 1919 1
289 919 0
413 247 1
45 1609 1
880 1352 0
1183 705 0
1305 974 0
118 672 0
748 1824 0
1060 1541 0
1495 1284 0
31 580 1
926 1810 0
1182 365 0
1515 1079 0
1284 544 1
1403 1517 1
735 150 1
927 858 1
990 1582 1
818 1429 0
707 1229 0
928 466 0
449 757 1
1021 967 1
829 1723 0
152 985 0
1253 865 1
1259 1113 0
1839 82 1
1416 172 1
142 468 0
245 1251 1
1323 164 0
593 293 0
980 474 0
1151 1296 1
1281 1589 1
110 1161 1
820 881 0
289 1325 0
952 482 1
636 1159 0
1136 831 0
1704 377 0
294 542 0
1554 1463 0
290 1226 0
1102 664 0
1724 237 0
1210 1258 1
1856 590 0
1486 1745 0
1723 796 1
1864 1843 1
233 1623 0
83 1196 0
650 1602 1
1233 230 0
1061 18 0
1119 1964 1
453 731 0
924 234 1
1034 970 1
1147 1109 0
1329 1818 1
692 1429 0
694 342 0
1792 647 0
453 1860 1
1627 1970 1
312 1403 0
205 427 0
514 337 1
1146 1491 0
317 219 1
1305 677 0
24 1274 1
339 1761 1
792 146 1
1314 303 0
612 1373 0
1483 67 1
74 907 0
791 1455 0
222 154 1
1503 195 0
724 116 0
1606 676 1
1480 1927 0
1677 228 1
1338 1855 1
1123 1908 1
344 1693 0
1015 1332 0
1033 1503 1
1814 1777 0
129 1826 1
356 696 0
430 147 1
1667 49 1
539 1804 0
1669 488 1
973 437 1
1304 1317 0
1189 193 0
321 189 1
1555 1283 1
1101 95 0
382 1050 0
395 1883 1
1226 1669 1
830 1429 0
71 133 0
348 1094 1
1127 541 0
1654 1613 1
1407 1365 0
53 1309 0
1156 1757 0
322 1413 0
333 778 1
135 1215 1
1893 965 0
1962 1804 0
1811 1326 0
1534 479 0
1752 1532 0
1306 1817 1
823 131 1
1049 425 1
1319 195 0
1229 689 0
1923 1336 1
1079 664 1
1664 571 1
908 1488 1
1879 296 0
1733 743 0
935 38 1
846 1098 0
1793 6 0
20 1709 1
139 1275 1
455 66 0
253 639 0
989 728 0
1875 1420 1
818 749 1
247 832 0
166 1044 0
434 580 0
1070 1556 1
695 1106 0
1585 103 1
218 419 0
1712 81 1
1682 1673 0
106 769 1
905 247 1
823 1593 1
124 1633 0
1350 412 1
1489 193 0
472 1015 0
187 1272 0
1938 27 1
671 1119 0
1927 1549 1
693 1286 0
581 1276 1
1578 78 0
1828 1912 0
1535 881 0
240 1891 0
