1150 4029
581 598 0
444 1039 1
197 1064 0
518 772 1
802 184 1
335 110 0
350 85 1
1056 552 0
1145 168 1
1014 275 1
1065 715 0
556 15 0
1090 584 1
529 725 0
725 540 1
1097 490 1
1114 776 0
296 1044 0
242 208 1
225 929 0
484 31 0
123 812 0
877 83 0
989 593 0
1105 770 0
392 1043 1
1090 527 1
371 549 0
19 254 0
369 197 1
587 1136 1
684 579 1
942 880 0
878 930 1
979 234 0
972 444 0
221 155 1
796 1084 0
559 1042 0
774 366 1
660 1013 1
427 1006 0
933 498 1
736 143 1
159 870 1
550 1078 1
651 96 1
1016 354 0
44 438 1
39 380 0
630 708 0
703 826 1
549 81 1
896 195 0
540 773 0
1093 1022 0
658 1094 0
1118 716 0
395 526 1
826 626 0
726 586 1
942 765 0
45 237 1
1097 446 0
573 179 1
797 848 1
1040 783 0
841 893 1
910 422 0
552 1067 1
492 914 0
949 249 0
846 289 0
724 356 1
1066 846 1
766 767 0
1084 437 1
543 117 0
734 475 0
260 440 1
451 25 0
343 701 1
1058 987 0
511 378 1
22 857 1
1122 104 0
1052 962 0
970 854 1
318 989 1
63 658 0
497 320 0
267 813 0
939 945 1
249 181 0
91 912 1
1013 373 0
772 499 0
333 438 0
1101 599 0
850 240 0
345 779 0
9 32 0
159 817 0
272 838 0
433 1074 0
143 455 0
175 1094 0
441 860 1
757 190 0
1133 1129 0
234 837 1
783 225 1
481 37 1
347 395 0
674 781 1
396 56 1
1108 492 0
220 829 0
624 708 1
67 620 1
473 593 1
1084 364 1
525 6 1
993 571 1
857 1028 1
589 398 1
105 408 0
670 98 1
436 609 1
834 556 1
947 246 1
172 856 0
814 709 1
649 769 1
1052 1082 0
664 1052 1
679 756 1
800 834 1
665 6 1
716 794 1
942 852 0
599 820 1
386 345 0
328 658 0
926 64 1
1034 1134 1
317 399 1
923 890 0
151 931 1
235 584 0
679 255 1
1071 442 1
524 781 1
945 579 0
226 722 0
1062 591 0
898 142 0
242 410 1
535 21 0
384 645 0
1009 642 1
200 946 0
299 718 0
1055 806 1
895 1011 0
901 1009 0
159 345 0
1131 462 0
500 462 0
487 684 0
875 311 0
983 169 1
666 864 0
713 1032 1
5 44 0
849 82 0
187 156 0
531 497 1
238 3 0
370 1137 1
123 633 0
72 1044 1
373 902 0
1031 162 0
984 314 1
405 1129 0
157 322 0
942 504 0
640 400 1
793 1133 1
1023 381 1
27 17 1
628 467 1
429 966 0
636 424 0
614 1143 1
739 166 1
810 1023 0
129 1054 0
653 613 0
804 945 1
1038 805 0
1038 1112 0
50 74 1
867 658 1
82 692 1
949 107 0
240 57 0
237 468 1
777 1144 0
461 97 1
942 278 0
1141 305 1
66 425 1
358 88 1
1022 232 0
973 210 0
710 465 0
558 1093 0
551 1034 0
496 927 0
653 840 0
140 610 0
619 616 1
1054 142 1
373 710 0
344 391 1
732 470 0
57 738 0
82 237 1
851 838 0
382 311 0
1018 395 0
79 408 0
999 356 0
1011 753 0
627 306 1
297 983 0
902 443 1
658 151 1
564 389 0
457 1094 0
647 1142 1
1135 232 0
535 384 0
569 1125 0
920 877 0
1101 700 0
100 1028 1
70 69 0
634 882 1
600 1094 0
357 520 0
527 379 0
834 1128 1
336 1119 0
116 238 0
634 90 1
579 815 1
669 673 0
473 642 1
813 242 0
744 704 1
809 1103 0
468 379 0
164 1046 1
430 329 1
986 923 0
606 936 0
311 281 1
168 777 0
536 1012 1
484 549 0
522 322 1
1032 277 0
1116 1093 0
763 905 0
584 1080 1
833 962 0
848 98 0
771 768 0
597 565 0
1122 1064 0
334 310 1
1047 59 0
904 691 0
481 904 0
394 33 0
995 105 1
89 349 0
324 874 0
724 685 0
77 70 1
14 810 0
563 674 0
891 1019 0
777 237 0
1113 531 0
589 187 1
616 304 0
1083 954 0
514 466 0
345 133 1
218 69 1
234 917 1
91 109 1
134 672 1
462 236 0
671 282 0
7 785 1
42 427 0
197 329 0
53 601 1
97 1013 0
65 659 0
700 57 1
131 448 0
925 651 0
753 279 0
1073 57 0
592 365 0
1051 769 0
667 1042 1
250 792 1
404 637 0
257 163 0
88 95 1
813 564 1
299 150 0
640 528 0
508 903 0
1062 1129 0
940 991 0
1150 287 0
496 973 0
145 128 0
628 803 1
1149 1130 0
539 971 1
509 552 1
31 1123 1
35 790 0
367 330 0
469 892 1
6 1085 1
74 30 0
427 928 1
146 414 0
478 1126 0
97 705 1
223 933 0
59 446 0
868 64 0
833 659 0
1075 874 0
829 576 1
1008 1021 1
505 19 0
1077 1005 0
904 549 1
8 881 0
1050 144 0
209 616 1
788 1108 1
1044 1026 1
201 787 1
573 809 1
217 796 1
211 814 1
518 767 0
444 969 0
710 620 0
526 819 0
6 842 0
588 523 0
110 143 1
856 979 1
345 47 0
140 831 0
626 893 0
392 517 0
148 223 0
482 534 0
339 516 1
86 867 0
644 351 1
523 6 0
360 388 1
685 909 1
690 1058 0
96 126 0
38 442 0
269 242 0
94 409 0
483 1127 1
929 345 1
1133 490 0
532 466 0
625 479 1
720 556 0
340 694 0
1121 80 1
10 97 1
191 1021 1
1150 979 1
424 443 0
942 25 0
300 714 1
800 140 1
1047 876 1
817 473 0
345 1056 1
219 431 0
1139 238 1
347 593 1
338 248 1
18 248 0
1025 374 0
19 826 1
904 122 1
26 588 1
775 458 0
336 782 0
444 168 1
575 55 1
344 423 1
365 169 0
324 661 0
1068 927 0
543 478 0
507 821 0
921 1130 0
636 699 0
748 480 1
586 1099 0
566 904 0
22 662 1
102 456 1
190 96 1
519 751 0
554 2 0
837 696 0
882 772 0
405 746 0
301 319 1
410 484 1
352 1058 1
1103 970 0
898 723 1
713 568 1
1147 268 0
71 475 0
175 520 0
102 756 1
707 952 0
750 1074 1
585 246 0
510 215 0
1108 279 0
821 113 1
68 763 0
1091 801 1
185 477 0
1012 975 1
672 981 0
335 466 0
769 1141 0
577 626 1
1013 886 0
462 213 0
84 1088 1
451 413 1
308 396 0
116 783 0
965 215 0
526 408 0
395 839 0
727 428 1
237 685 1
701 838 0
871 566 1
56 339 0
623 292 1
974 163 0
248 895 0
647 816 1
542 523 0
320 476 0
695 402 1
1029 882 0
119 331 0
748 691 0
758 962 1
145 638 0
783 1013 1
175 1091 1
915 562 0
82 729 0
123 518 0
1005 154 0
1074 431 0
1045 34 0
681 594 1
521 388 1
323 345 1
193 11 0
692 594 0
236 39 0
547 747 0
899 714 1
15 722 1
1050 716 0
214 789 0
69 86 1
1101 860 0
1001 170 0
19 768 1
568 186 0
698 296 0
1061 548 1
1020 930 1
617 1037 0
603 191 0
524 5 1
195 158 1
343 716 1
331 755 1
609 526 1
219 569 1
1090 754 1
598 676 0
377 1055 1
700 299 1
596 495 1
342 33 0
230 492 1
930 855 0
839 382 1
129 1053 1
224 864 0
695 616 1
253 491 0
133 1069 1
415 445 0
98 845 1
591 248 0
1038 857 0
7 202 1
251 527 0
626 326 1
1139 852 0
268 675 1
295 470 1
230 807 1
1094 1021 1
928 969 0
507 743 1
38 843 0
1075 462 1
1114 1121 1
863 620 0
759 766 1
505 863 0
25 659 1
178 157 1
26 128 1
176 593 1
577 560 1
323 18 1
558 602 0
982 162 0
735 1098 1
68 757 0
473 833 1
367 317 0
394 1036 0
949 1106 0
909 304 0
280 430 0
293 308 0
140 406 0
697 893 1
1132 978 0
411 1081 0
727 1065 0
900 107 0
756 1120 0
757 254 0
135 810 1
51 1015 0
864 861 1
1125 502 0
924 706 0
645 671 1
308 290 0
472 1091 1
240 604 0
716 571 0
720 1129 0
37 297 1
527 610 1
634 203 0
311 172 1
1103 650 1
171 995 1
704 935 0
984 430 0
1112 544 0
328 654 0
493 419 0
184 809 1
782 368 1
883 259 1
20 366 1
756 639 1
464 233 0
104 810 1
405 73 0
1114 283 1
957 319 0
525 713 1
489 181 0
906 92 1
252 276 0
625 865 0
476 490 0
947 827 0
742 219 1
875 774 0
769 1078 1
348 693 0
545 1107 0
708 1060 0
340 824 0
61 479 1
699 387 1
959 988 0
402 606 0
89 414 0
52 641 1
1118 159 0
1107 1071 1
201 209 1
212 802 0
372 811 0
1086 724 0
480 17 1
519 949 0
158 608 0
333 577 0
601 1111 0
439 385 1
493 788 0
580 401 1
970 539 0
794 474 0
654 366 1
410 222 0
1056 971 0
840 473 0
449 999 1
751 915 1
1091 1018 1
566 979 1
947 580 0
648 50 1
229 1111 0
323 71 1
506 37 0
437 451 1
1075 801 0
1054 269 0
581 106 0
1030 561 0
586 515 1
437 939 1
953 450 1
1107 70 1
156 8 1
798 594 1
619 310 1
222 165 1
270 117 0
1008 501 0
832 102 1
519 74 0
880 1029 1
591 425 1
133 629 1
198 95 1
1035 387 1
499 1011 1
394 525 0
285 136 1
222 373 1
153 287 1
139 976 1
535 356 0
157 750 0
518 1064 1
944 35 0
905 370 1
637 124 0
851 893 1
773 311 0
1120 2 1
302 424 1
832 296 1
282 436 0
733 985 0
246 156 0
749 130 0
96 824 0
156 261 1
524 1135 0
1029 1005 1
942 989 1
781 584 0
937 289 0
238 948 0
128 929 0
422 309 0
7 926 0
753 783 1
8 645 0
152 724 0
526 464 0
94 18 0
176 594 1
954 289 0
631 1096 1
876 131 0
60 195 0
1083 120 0
42 392 1
350 380 0
440 611 1
835 214 1
462 1094 0
171 955 1
64 153 1
490 33 0
1081 484 1
1078 165 0
459 305 1
170 1100 0
623 436 0
602 58 0
142 344 0
1110 397 0
365 291 1
529 1147 1
953 23 1
431 247 1
1099 177 0
937 34 1
1147 128 1
383 871 0
574 715 0
402 552 0
337 847 1
96 1004 0
713 750 1
408 414 0
380 298 1
67 63 1
127 874 0
567 514 1
867 693 1
740 317 1
890 816 1
1029 960 0
679 850 1
149 808 1
408 31 1
630 978 0
581 1005 0
1058 30 0
1149 840 0
890 310 1
29 78 0
162 1026 1
1007 371 1
1138 1026 0
247 850 1
564 640 0
236 439 0
174 785 1
482 1005 0
651 671 1
358 7 0
324 411 0
859 1026 1
620 1023 0
312 1131 1
596 220 0
121 866 0
646 402 1
1109 562 0
443 850 0
1065 340 1
393 1085 1
27 938 0
769 434 0
1012 669 0
225 766 1
97 595 1
750 307 0
897 244 1
870 115 0
486 481 0
539 527 1
1137 161 0
27 53 1
674 272 1
915 770 0
873 600 1
1085 782 0
1104 1030 1
844 943 0
762 896 1
521 294 0
203 577 0
5 977 0
827 75 1
41 282 0
493 181 1
265 64 0
569 725 1
1136 631 0
147 709 1
750 868 1
135 141 1
1050 959 0
173 1107 0
109 784 0
235 477 0
258 413 1
304 1045 1
438 497 1
425 782 0
1147 181 0
706 549 1
104 693 1
306 627 1
1065 734 1
302 251 1
956 113 0
480 520 0
203 123 1
895 411 0
134 520 1
575 668 1
1138 487 0
882 854 1
515 439 0
846 54 0
1058 465 0
29 222 0
37 31 1
714 1045 0
484 1002 0
808 1093 0
983 57 1
359 323 0
520 1147 0
600 720 1
924 296 1
1083 106 0
18 327 0
117 1053 1
462 24 0
961 930 0
36 706 1
80 375 1
256 451 0
165 539 0
552 846 1
523 147 0
321 192 0
904 21 1
100 738 0
1101 570 0
136 562 0
897 1055 0
275 250 1
664 463 0
499 371 0
190 452 1
688 20 0
1060 247 1
616 523 0
431 805 0
957 518 0
632 578 0
746 798 1
884 751 1
179 818 1
1120 139 0
768 180 0
1020 552 1
528 122 1
441 649 0
604 83 1
742 1036 1
448 986 1
511 19 1
695 679 0
88 741 1
1132 622 0
739 503 1
617 55 0
221 426 1
1054 671 1
629 470 1
1090 43 1
60 478 0
754 678 0
597 802 0
335 782 0
1080 582 1
347 933 0
1001 663 0
679 1091 1
857 547 1
186 1045 1
286 849 1
972 1018 1
556 1125 1
274 854 0
967 73 0
813 773 0
596 175 1
168 657 0
32 580 0
925 241 0
961 576 0
486 929 0
247 83 1
1102 505 1
927 800 1
1080 218 0
731 1124 0
148 37 1
301 1068 0
629 59 0
641 277 1
872 798 1
863 820 0
501 199 0
667 432 1
33 395 0
646 733 1
279 191 0
240 769 0
722 777 0
20 687 1
1114 125 1
578 736 0
553 894 1
867 1015 1
224 1100 0
1053 908 0
1017 658 0
646 828 1
728 231 0
446 1010 1
846 192 0
916 95 1
637 121 0
257 114 0
375 803 0
252 622 1
266 294 0
674 1019 0
593 952 0
413 218 0
883 1146 1
930 325 0
651 1055 1
616 236 0
348 748 0
645 885 1
916 720 0
12 716 1
410 612 1
210 734 1
965 932 0
1135 102 0
604 436 0
1062 572 0
721 729 0
190 61 1
232 899 1
1073 538 0
484 170 1
482 847 1
332 418 1
685 580 0
441 194 0
108 985 0
554 822 1
274 380 0
556 45 0
14 136 0
766 896 1
436 794 1
564 633 0
248 413 0
903 745 0
578 67 0
1009 123 1
211 433 1
590 430 0
131 369 1
476 693 0
772 334 1
769 816 0
1042 472 0
736 708 0
849 970 0
534 1048 0
449 782 0
541 758 1
589 1061 1
534 1068 1
670 549 1
189 387 1
533 47 0
428 813 0
970 257 1
706 131 0
834 1043 1
678 793 1
524 993 0
193 359 1
296 299 0
618 495 1
1065 1125 0
447 404 0
5 927 0
222 1123 1
418 51 1
120 986 1
314 812 0
435 125 1
490 598 0
1097 976 1
561 683 0
484 743 0
220 1059 1
652 1097 0
8 407 0
984 27 0
867 75 1
1073 840 0
387 1080 0
1048 989 1
1105 562 0
30 658 1
258 331 1
957 261 0
822 533 0
40 733 1
856 455 0
14 1099 0
319 678 0
47 711 1
1071 429 1
573 105 1
139 110 0
838 166 1
1001 591 0
840 1085 1
1024 1008 1
988 1072 1
782 360 0
912 790 0
891 1102 0
297 375 0
1038 913 0
45 777 1
545 730 0
601 723 1
770 847 1
603 192 0
455 420 1
303 1106 1
67 66 1
387 969 0
921 193 1
16 379 0
660 1099 1
802 953 1
196 892 0
1142 672 0
145 844 0
138 916 0
361 297 1
700 285 1
147 676 1
331 497 1
945 807 0
686 537 0
680 910 1
518 325 0
97 424 1
361 42 1
476 985 0
1005 1085 1
969 1009 1
89 251 1
478 454 1
1028 1080 0
206 1055 0
697 254 0
105 1144 0
893 97 1
1020 1015 0
784 482 1
622 631 0
1012 1134 1
886 786 0
717 687 0
878 1110 1
631 639 1
1052 5 0
983 396 0
472 258 1
708 173 1
537 206 0
1053 132 1
927 846 1
877 278 0
199 548 1
431 123 1
675 757 0
852 738 0
124 1030 1
641 290 0
1012 212 1
493 163 0
909 877 1
70 797 0
945 96 0
930 1149 0
133 368 1
903 522 0
618 1122 1
406 888 0
289 357 1
577 1040 1
353 705 0
1115 329 0
1068 737 0
1062 1058 0
874 730 0
612 574 1
324 191 0
725 969 0
39 821 0
945 1131 0
676 13 0
859 126 1
41 693 1
344 638 1
391 116 1
155 948 0
22 575 0
580 772 1
887 1107 0
354 1106 1
224 795 0
859 766 1
291 1040 0
347 120 0
400 673 1
571 945 1
57 1096 0
644 955 1
634 571 1
913 127 1
341 279 0
278 528 0
132 175 0
142 739 0
415 215 0
553 791 1
1001 290 0
833 777 0
352 345 0
921 604 0
943 876 1
817 422 1
632 977 0
1073 585 0
896 652 0
419 1009 1
1137 1136 0
452 797 0
92 283 1
206 298 0
42 747 0
1120 533 1
450 153 1
653 543 1
675 92 0
659 724 1
771 786 0
31 459 0
786 522 0
711 213 0
362 1033 0
176 840 0
912 1138 0
1005 130 0
593 630 0
574 809 1
262 306 1
192 1035 0
914 897 1
291 587 0
526 579 0
290 81 1
545 216 0
198 882 0
502 735 0
302 694 0
424 732 0
611 1063 0
1025 332 0
342 826 0
628 145 1
263 1086 1
654 67 1
115 960 0
915 747 0
385 993 0
188 951 0
261 908 0
776 588 1
408 737 0
1103 591 1
156 957 1
60 11 0
296 659 0
631 626 1
145 438 0
271 365 1
1027 562 0
226 1059 0
673 663 1
427 375 1
856 508 1
562 1050 1
978 333 0
578 644 0
490 197 0
513 1139 0
448 501 1
846 1026 0
1123 727 1
47 730 0
494 477 1
1106 65 1
52 666 1
1085 374 0
733 37 0
640 1105 0
67 262 0
1098 1114 0
1049 82 0
409 330 0
259 830 0
912 680 0
779 264 0
1054 309 1
699 39 0
418 16 1
119 904 0
835 261 1
870 1054 0
448 3 0
1012 847 1
468 786 1
2 374 0
249 364 0
479 509 0
295 467 1
247 613 0
186 429 1
1052 229 0
96 679 0
719 566 1
680 41 1
271 974 0
414 1026 1
1099 718 0
1068 690 1
765 702 1
406 1112 1
371 703 0
234 229 1
257 899 0
646 409 1
46 866 0
284 1025 1
126 980 0
146 701 1
884 904 0
999 651 0
193 801 1
717 920 0
1138 953 0
682 716 0
10 589 1
777 756 1
733 945 0
1095 942 0
949 128 0
515 307 0
1128 125 1
818 654 1
348 475 0
1077 932 0
561 328 0
896 678 0
546 1086 1
848 514 0
950 1107 0
340 1073 1
644 1027 1
103 467 1
382 897 0
34 890 0
572 693 1
110 682 1
496 1019 0
420 397 0
534 59 1
591 586 1
926 956 1
1012 555 0
758 1145 0
471 1107 0
262 152 1
669 889 1
1 541 0
176 1021 1
911 481 1
261 850 1
907 200 1
579 655 0
546 667 1
978 140 1
646 364 1
274 1146 0
795 569 1
66 13 0
931 133 0
479 40 0
572 464 0
1064 842 0
693 112 0
327 799 1
83 111 0
947 645 0
866 639 1
986 99 0
416 879 1
484 696 0
245 628 1
689 76 0
576 921 0
29 1086 1
940 628 0
134 943 0
501 804 1
937 496 1
39 917 1
811 372 1
854 947 0
981 908 1
823 737 0
569 1086 1
247 1059 1
344 1078 1
135 102 1
233 637 1
891 515 0
96 911 0
742 315 1
539 433 1
1095 1023 0
1041 464 1
941 170 1
626 81 1
504 955 1
223 892 1
669 1024 1
1017 487 0
552 194 1
151 605 1
330 911 1
670 1111 1
365 445 0
349 960 0
450 19 1
887 469 1
26 482 1
12 28 1
161 870 1
802 12 0
61 743 0
708 181 0
138 542 0
859 911 1
679 313 1
550 1114 1
872 954 1
116 458 0
601 707 1
791 113 0
558 428 0
537 699 0
224 812 0
128 869 0
259 1037 0
591 115 1
1057 257 1
362 435 0
364 381 1
626 66 0
229 886 0
796 676 0
812 361 0
150 568 1
224 202 0
369 596 1
781 633 0
87 1093 1
477 975 1
190 967 1
102 525 1
130 292 0
361 318 1
17 797 0
870 709 0
500 297 1
1095 1013 1
550 419 0
12 675 1
335 785 0
421 591 0
32 94 1
1 921 0
50 376 1
667 297 1
354 919 1
1073 386 0
524 22 0
1031 161 0
1072 870 1
138 982 0
415 243 0
956 595 0
15 302 1
573 799 1
118 990 0
237 1004 1
541 110 0
158 676 0
82 469 1
1033 318 0
877 807 0
54 3 0
752 317 0
1084 739 0
580 630 1
355 97 1
177 554 0
841 674 1
262 663 1
161 1086 1
469 1136 1
39 149 1
916 929 0
651 316 1
545 418 0
1133 430 0
841 1121 1
617 59 0
18 394 0
153 510 1
961 840 0
591 1045 1
104 1066 1
1062 68 0
473 1009 1
328 332 0
556 1033 1
881 563 1
1074 617 1
335 754 1
118 40 0
354 1109 0
35 288 0
970 167 1
105 1135 1
176 285 1
89 832 0
986 148 0
755 137 0
675 438 0
1031 818 0
855 435 0
911 936 1
883 1091 1
325 1080 1
314 879 0
744 495 1
903 739 0
122 363 1
215 180 0
1019 296 1
734 741 0
293 431 0
276 816 0
1055 791 1
469 390 1
980 45 1
769 104 0
784 98 1
538 359 0
1024 119 1
883 46 1
154 790 0
330 633 0
217 900 1
1006 568 1
578 647 0
642 729 0
570 653 1
825 592 0
418 489 1
516 596 1
62 938 0
494 370 1
705 572 1
639 109 0
337 877 1
871 241 0
363 338 0
457 970 0
94 186 0
641 716 1
837 772 1
528 110 0
740 870 1
391 383 1
87 418 1
222 667 1
389 974 0
65 1060 0
943 427 0
580 912 1
78 771 1
784 371 0
339 401 1
473 771 1
767 700 0
827 757 1
236 975 1
323 1086 1
1093 1080 0
289 679 0
301 151 0
871 489 1
163 984 1
748 946 1
957 371 0
1096 436 0
655 781 1
562 538 1
13 1017 1
939 1067 0
1127 104 0
11 332 0
264 869 0
43 70 1
824 820 0
1119 623 0
636 1121 0
857 241 0
1108 1023 0
1099 858 1
42 65 1
2 593 1
919 1132 1
840 3 0
1051 1108 0
462 867 0
221 312 1
690 687 0
877 722 0
1009 878 0
696 111 0
823 21 1
491 564 0
189 109 1
65 546 1
1061 207 1
696 479 1
1141 95 1
869 1146 0
981 1120 1
541 936 1
984 46 1
748 49 1
1055 1105 0
1000 1069 1
914 128 0
853 838 0
354 336 1
1007 655 1
873 197 1
406 654 1
527 697 1
516 666 1
70 369 1
127 789 0
51 116 1
886 364 0
161 499 1
563 538 1
802 250 1
391 427 0
233 644 0
152 668 0
795 484 1
996 745 0
8 1132 1
75 1064 0
824 960 0
872 166 1
362 756 0
360 34 1
457 633 0
396 889 1
239 1130 0
212 420 0
969 114 1
887 43 0
312 580 0
951 585 1
92 777 1
404 540 0
69 236 0
96 883 0
936 338 1
744 343 0
41 1020 1
635 137 1
802 219 1
535 373 0
198 764 0
159 827 0
253 350 0
592 1120 1
378 1094 0
1007 528 0
990 443 1
748 801 1
101 192 0
31 863 1
238 279 0
1111 344 0
705 391 1
335 971 1
272 666 1
1007 210 0
423 783 0
187 373 0
1113 403 0
80 1055 0
536 311 0
361 1150 0
659 112 0
760 1009 1
838 81 1
920 806 0
665 1062 1
499 734 1
814 781 1
1110 187 0
890 914 1
809 958 0
1045 661 0
936 463 1
981 172 1
811 311 0
100 744 1
1025 508 0
927 645 1
26 538 1
623 394 1
265 692 0
233 337 0
720 581 1
888 246 1
480 725 1
894 169 0
678 757 1
517 754 1
140 338 0
231 584 0
828 753 0
53 385 1
860 160 0
43 729 0
456 932 0
358 8 0
128 731 0
256 1119 1
369 937 0
783 1073 1
614 887 1
262 491 1
105 308 0
337 29 1
860 1024 0
923 1027 0
561 1017 0
1109 264 0
921 475 1
53 1116 1
985 828 1
686 139 0
678 1020 1
1032 1066 0
920 371 0
523 898 0
734 221 0
501 459 0
359 244 1
235 966 1
710 821 0
930 715 0
807 1106 0
1110 290 0
944 484 1
1032 142 0
849 924 0
303 291 1
64 533 1
42 23 1
14 187 0
954 1103 0
221 938 1
547 225 1
637 763 1
1083 1085 0
413 259 1
815 761 1
788 1076 1
419 890 0
675 531 0
8 396 0
820 65 0
830 820 1
103 9 0
577 581 1
516 731 1
993 401 1
112 993 0
139 1122 1
520 307 1
186 319 1
992 322 1
131 66 0
386 101 0
1003 1081 1
1121 353 1
407 761 1
998 567 0
776 335 1
687 938 0
758 239 0
366 587 0
714 837 0
415 780 1
499 523 1
768 448 0
757 1074 1
1132 48 0
215 1131 1
399 264 1
397 430 0
377 1065 1
559 305 0
345 168 1
473 737 0
112 897 0
69 954 1
923 122 0
494 712 1
996 217 1
523 761 0
97 568 1
488 902 1
812 518 0
917 915 0
452 708 1
595 900 0
216 709 1
446 168 1
1105 476 1
288 718 0
1127 566 0
17 889 1
99 252 1
696 370 1
439 950 1
750 422 1
845 34 1
1121 185 0
1015 800 0
130 929 0
1109 40 0
1136 128 1
675 555 1
842 680 0
436 753 0
19 607 0
291 926 0
185 412 1
385 766 0
235 824 0
1022 323 0
658 102 1
732 754 0
747 564 1
986 569 0
532 806 1
1088 875 1
675 1040 1
468 475 1
509 1119 1
481 858 1
15 903 1
490 759 0
369 3 0
768 1103 0
184 1087 0
998 987 1
929 1125 1
497 715 0
636 374 0
41 526 1
349 220 0
35 890 0
159 598 0
111 179 1
229 1072 0
1023 1102 0
385 407 0
1137 757 0
537 611 0
917 420 0
555 911 1
915 923 1
121 97 0
842 1002 1
570 867 0
664 864 0
1040 819 1
247 526 1
689 377 0
464 458 0
1052 953 0
1009 452 1
39 584 1
952 94 0
609 727 0
478 51 1
565 117 0
957 757 0
67 750 1
1140 370 0
848 1045 0
801 140 1
302 883 1
897 1130 0
708 922 0
1139 790 0
843 371 1
345 376 1
438 171 0
1122 534 0
602 417 0
887 141 1
947 44 0
888 147 1
162 51 1
901 310 0
274 380 0
58 712 1
321 548 1
352 663 1
597 633 1
1091 727 1
1080 684 0
447 427 0
759 423 1
750 1100 0
894 695 0
764 768 1
608 1116 0
180 542 1
295 827 0
940 517 0
382 181 0
575 304 1
1041 789 0
799 593 1
618 321 1
1039 1126 0
775 341 0
576 547 0
920 843 0
475 42 0
146 702 1
979 316 0
136 960 0
664 290 0
1089 900 1
773 363 1
412 695 0
840 782 0
312 684 0
365 387 1
626 116 1
612 490 1
165 260 0
848 241 0
1082 154 0
299 540 1
412 33 0
881 934 0
991 63 1
346 4 0
952 499 0
1069 1016 1
998 702 1
811 363 1
330 810 1
206 916 1
423 742 0
420 365 0
602 352 0
8 431 0
587 273 1
300 468 1
733 128 0
8 822 1
907 659 1
415 294 0
319 995 0
800 108 1
941 1079 1
903 841 0
279 208 1
888 391 1
66 301 1
152 178 0
838 908 1
901 1028 0
937 708 0
19 483 0
293 731 0
316 315 0
414 160 1
524 643 1
12 949 1
248 509 0
1099 511 1
884 536 1
294 908 1
436 200 1
714 156 0
208 134 1
79 1095 0
886 253 0
390 134 1
236 546 1
415 1038 1
572 73 1
239 153 0
80 933 0
65 390 0
1049 419 0
453 628 1
259 1074 0
502 1067 1
194 85 1
393 380 0
375 798 0
389 514 1
977 313 1
881 153 1
295 694 0
805 262 0
1109 443 1
177 23 1
607 765 1
521 275 1
553 560 1
427 1016 0
428 537 0
1017 926 0
42 266 0
193 1113 1
1100 806 1
644 977 0
754 319 1
99 37 0
929 437 1
1123 1036 1
385 1099 0
361 744 1
383 669 1
1003 297 1
588 125 0
232 559 1
167 706 0
702 158 0
335 699 0
1140 1037 0
1131 437 0
618 220 0
656 978 1
803 356 0
258 699 0
1049 853 0
561 74 0
566 568 1
881 1028 1
266 1098 1
773 574 1
1140 122 0
214 174 0
485 773 1
723 931 0
29 1072 1
1061 674 0
303 614 0
386 698 0
932 1074 1
960 907 1
60 724 1
2 937 0
570 766 1
763 390 1
320 199 0
276 301 0
119 724 0
305 410 0
834 739 0
902 544 1
307 75 0
123 963 0
562 1044 1
768 117 0
586 8 0
625 934 0
572 689 1
996 907 1
579 235 1
935 1034 1
849 198 1
1023 265 1
402 161 0
1067 244 0
732 631 0
519 745 0
153 324 1
924 362 1
556 316 1
927 563 1
200 168 1
534 400 1
332 70 1
476 944 0
628 389 0
680 518 0
575 175 1
599 1027 1
40 851 0
143 429 1
1026 681 0
109 553 0
729 953 1
852 784 1
502 619 1
420 55 0
1117 794 0
462 138 1
161 455 0
538 1012 0
833 454 0
186 176 0
687 239 0
863 457 0
806 108 0
688 972 1
864 730 0
693 526 0
380 1097 1
967 662 0
123 570 0
58 1123 1
874 783 1
730 8 1
161 811 0
122 207 1
674 389 0
981 754 1
798 1010 1
845 302 1
460 134 1
691 852 0
59 97 0
369 808 0
1087 229 1
830 527 0
1055 153 0
342 847 0
106 403 0
215 559 0
86 227 0
237 1087 0
388 423 0
171 303 1
674 438 0
519 448 0
1065 422 0
114 576 1
790 215 1
882 133 1
520 599 0
693 875 0
630 70 0
353 1 0
38 163 0
146 954 1
161 788 0
1097 704 0
811 994 1
456 83 0
904 1037 0
55 945 1
377 713 1
128 647 0
428 1130 0
669 517 0
109 758 0
1058 683 0
515 386 1
620 55 0
99 44 0
642 293 0
595 1086 0
874 1036 1
42 442 1
933 1087 0
851 366 1
878 1052 1
794 430 0
1079 525 0
133 94 1
552 1097 1
994 666 0
28 877 1
705 813 1
127 463 0
1105 918 1
741 700 0
547 484 1
46 1110 1
1079 553 0
256 75 0
418 399 1
111 757 1
1128 407 1
49 460 0
204 198 0
1 672 0
1004 750 0
501 612 0
1108 65 0
310 621 0
42 499 0
544 181 0
728 285 0
157 985 0
184 108 1
122 407 1
680 943 0
155 183 1
103 1113 1
717 749 0
346 325 0
875 465 1
70 710 1
1036 842 0
528 415 1
263 364 0
1067 1070 0
207 711 0
928 410 1
215 1113 1
43 561 1
281 640 0
1047 867 0
931 604 1
417 628 0
955 1118 1
88 368 1
77 694 0
1088 600 1
628 454 1
94 557 0
656 1043 1
366 991 0
480 514 0
446 70 1
314 606 0
497 1147 0
625 1148 0
868 558 0
867 746 0
403 753 0
729 907 1
917 1005 0
1140 394 0
113 555 1
791 805 0
444 281 1
937 236 0
709 968 1
1066 358 0
359 934 0
911 976 1
933 62 1
453 927 1
81 995 0
1015 650 0
947 249 1
363 793 0
186 203 0
128 612 1
684 490 1
949 573 0
233 91 0
867 790 0
734 829 0
100 619 0
40 198 1
987 615 0
59 232 0
1024 1014 0
681 106 1
964 437 1
41 399 1
126 868 1
273 407 0
392 542 1
1077 508 0
744 1056 1
925 1100 0
199 473 0
292 1137 1
643 533 1
1022 1070 0
534 300 1
1042 822 1
545 898 0
954 592 0
427 1031 1
201 41 1
969 984 1
288 840 0
436 269 0
285 551 1
779 459 0
84 247 0
16 614 0
284 1134 1
379 1075 1
1056 920 0
224 1106 0
746 581 1
278 46 0
1095 106 1
594 128 1
868 227 0
749 24 0
649 295 0
994 876 1
288 684 0
606 1150 1
609 924 1
419 1148 0
425 383 1
724 598 1
462 883 1
330 855 1
449 225 1
1027 496 1
32 698 1
990 986 1
758 946 0
364 732 1
744 1062 1
298 175 0
624 552 1
49 322 0
884 605 1
586 75 1
447 236 0
255 1136 1
857 887 1
897 575 0
970 833 1
352 1101 1
721 1065 1
648 1022 1
668 1019 0
957 1039 0
482 654 0
434 488 0
376 1001 1
784 776 0
540 265 0
668 402 1
835 999 1
1071 793 0
1037 835 1
177 348 1
61 600 0
270 388 0
143 318 0
929 671 0
587 645 0
145 254 0
994 794 0
278 178 0
1034 95 1
714 788 0
515 313 0
938 402 1
624 1095 1
1105 297 1
667 975 1
858 211 0
1087 942 1
235 836 1
381 441 0
376 223 0
184 415 0
1115 475 0
1036 467 1
237 625 1
104 864 0
82 109 1
730 894 1
338 493 0
353 65 0
737 48 1
111 938 1
59 1064 1
425 706 1
303 911 0
361 531 0
509 789 0
1131 1050 0
144 951 1
567 787 1
1012 1058 1
153 772 0
1143 687 1
12 707 1
897 1086 1
1006 727 1
217 527 0
489 467 0
137 834 1
42 181 0
165 448 0
225 675 0
41 366 1
503 1063 0
345 890 0
667 241 0
638 821 0
328 1066 1
708 489 1
1041 666 0
476 557 0
589 856 0
802 884 0
494 480 0
135 533 1
382 419 0
11 60 1
58 302 1
77 399 1
187 797 0
333 570 0
866 657 1
614 258 0
933 894 1
184 705 0
667 549 0
822 535 0
919 864 0
1123 1088 1
203 995 1
865 485 1
875 1073 1
636 475 0
266 506 1
236 524 1
316 553 0
947 308 0
388 565 0
764 940 1
255 809 1
272 532 0
197 382 0
365 1032 1
863 272 0
415 104 0
250 924 1
965 1125 1
271 204 1
936 847 1
1091 496 1
1037 358 1
780 406 0
489 93 0
37 629 1
214 165 0
364 743 0
484 947 0
1053 210 0
1114 67 0
413 704 1
538 1070 0
106 916 0
426 126 0
486 487 0
436 427 0
242 898 1
679 290 1
378 924 1
367 884 0
152 1007 0
935 129 1
827 295 0
44 42 1
382 1051 0
552 845 0
483 1105 1
1063 1120 1
40 100 1
602 503 0
690 572 0
660 574 1
245 980 0
1055 1124 1
89 117 0
398 948 0
1137 424 0
626 896 1
188 523 0
878 194 1
115 45 0
416 774 1
565 365 1
424 1049 0
176 440 1
1028 711 0
488 60 1
414 691 0
975 491 0
78 422 0
1089 147 1
418 761 1
908 733 1
964 369 1
328 64 0
440 1016 0
265 972 0
1040 823 1
1080 144 0
125 785 0
34 1041 0
572 1105 0
984 1062 1
916 376 0
714 794 0
963 447 1
826 878 0
118 230 0
435 415 1
346 296 0
196 626 0
242 783 1
429 197 0
319 664 0
971 650 0
123 969 0
378 472 0
796 188 0
1043 82 0
333 863 1
512 561 1
1127 287 0
716 916 1
455 659 1
152 250 1
731 1016 0
823 826 1
948 840 0
769 282 0
865 796 1
302 1100 0
235 214 1
78 139 1
330 406 0
676 398 0
565 657 1
516 944 0
821 137 1
987 583 0
936 616 1
253 119 1
195 1138 1
996 95 1
585 841 0
575 530 1
1089 277 1
642 1039 1
800 537 1
275 777 1
719 1093 1
487 876 1
948 580 0
383 361 0
369 835 1
964 1060 0
530 92 0
1009 244 1
834 698 1
849 1007 0
382 135 0
839 35 0
442 5 1
527 374 0
843 381 1
346 1117 1
325 431 0
443 469 0
1022 584 1
498 802 0
1062 169 0
16 610 1
900 921 0
1105 650 1
1090 541 0
913 51 1
150 761 1
264 1024 1
185 263 1
891 132 0
129 244 1
190 1113 1
605 299 0
23 886 0
908 294 0
1121 1149 1
1072 414 0
537 695 0
53 148 0
178 872 0
526 869 0
730 401 1
566 202 1
1052 655 0
741 393 0
535 442 0
776 516 0
440 36 0
632 605 0
150 521 0
403 941 0
941 43 1
989 988 0
806 645 0
790 870 1
1019 466 0
1081 1031 1
682 350 0
104 921 1
233 986 1
836 553 0
1093 281 1
775 302 0
235 737 0
477 692 1
826 420 0
1072 882 1
1037 571 1
268 416 0
573 65 1
210 903 1
64 747 0
99 325 0
312 498 1
808 721 0
1129 393 0
797 263 1
786 339 0
1126 606 0
571 833 1
762 621 0
698 330 0
860 386 0
530 671 0
630 567 0
199 368 1
838 89 1
547 721 0
53 248 1
285 66 0
235 259 1
1091 475 1
177 746 0
650 199 1
139 265 1
703 1033 0
622 172 0
703 328 1
232 810 1
51 1146 0
1104 207 1
827 498 1
415 298 1
351 680 0
256 832 0
49 244 0
841 696 0
195 121 0
106 504 0
180 314 1
357 714 0
2 976 1
803 798 0
858 177 0
136 408 0
435 1130 1
566 566 0
1045 998 0
104 1019 1
24 805 0
497 822 0
918 1081 0
762 978 1
1123 733 1
314 560 0
450 1085 1
141 459 0
265 1147 0
353 974 0
184 505 1
124 676 1
679 395 0
540 116 0
39 1029 1
611 1029 0
659 1093 0
856 170 1
755 152 0
816 690 1
39 930 1
645 955 1
338 252 1
276 34 1
240 771 0
485 44 0
280 1114 1
194 705 0
151 132 0
496 216 0
327 348 1
963 1030 1
359 106 1
298 596 1
141 744 1
205 50 0
652 558 0
182 527 1
675 586 1
216 509 0
621 604 1
121 946 0
299 1113 1
462 204 1
646 160 1
1084 1034 1
701 382 0
682 983 0
1032 612 0
1004 1036 1
122 1119 1
68 1131 0
47 35 0
365 1026 1
505 121 0
1059 1069 1
1077 155 0
570 757 1
318 323 0
713 301 0
126 696 0
487 357 0
197 530 0
717 40 0
831 271 1
83 453 0
252 668 1
596 610 1
88 790 0
260 264 0
315 687 0
1074 1117 1
102 572 0
1108 821 0
53 42 1
1034 1056 1
870 316 0
511 241 0
732 297 0
858 279 0
1033 441 1
1030 52 0
712 153 0
730 7 1
722 419 1
759 180 1
1126 438 1
333 210 0
7 435 0
356 589 0
314 1119 0
358 475 1
246 430 0
1008 178 1
1074 879 0
710 751 0
589 167 1
211 703 1
680 624 1
204 703 0
412 489 1
954 160 0
554 733 1
1105 179 0
243 454 1
812 455 0
323 641 1
794 932 0
50 503 0
565 68 1
644 773 1
275 609 0
438 551 1
286 700 0
137 682 1
15 386 1
697 71 1
694 920 1
734 269 0
728 980 0
973 54 0
993 895 1
251 1003 0
1075 55 1
284 509 0
162 904 0
191 487 0
929 799 1
640 240 1
580 960 0
1065 369 0
643 458 1
714 599 0
244 569 1
132 780 0
315 466 0
496 345 0
427 26 0
461 663 1
165 704 0
246 638 0
482 711 1
207 517 0
46 728 1
402 85 0
892 306 0
577 1071 1
401 226 1
615 1041 1
514 1046 0
292 1003 0
24 453 0
709 295 0
274 368 1
60 477 1
156 897 1
490 526 0
800 616 1
1035 469 1
617 750 0
745 1147 1
686 717 0
202 339 0
859 951 1
141 493 0
1115 1047 0
923 627 0
964 855 1
746 1135 1
390 285 1
307 800 0
176 541 0
420 113 0
749 560 0
1064 1067 0
829 835 1
18 652 0
361 647 0
717 148 0
979 84 0
930 220 0
867 976 1
825 838 0
638 709 0
54 847 1
886 459 0
49 659 1
384 107 1
980 374 0
225 1090 0
291 197 0
181 897 0
783 125 1
564 141 0
32 842 0
655 86 1
587 912 1
475 774 0
1010 404 0
1078 402 0
764 523 1
107 383 1
127 419 0
356 940 1
1149 1079 0
462 362 1
678 770 0
1099 1046 0
198 980 0
564 40 0
1123 563 0
173 57 1
598 256 0
7 214 1
180 447 1
108 243 0
38 189 0
109 998 0
489 962 0
411 823 0
124 28 1
755 1081 1
513 575 0
573 688 1
1085 973 0
972 839 0
556 300 1
151 126 0
113 726 0
1087 1046 1
1093 347 1
99 592 1
800 176 0
229 829 0
686 904 0
35 18 1
73 935 0
296 677 0
460 1138 1
922 196 1
233 434 1
451 938 1
874 859 0
600 805 0
1108 617 0
595 627 0
851 915 1
521 688 1
877 465 0
915 156 0
997 69 0
316 111 0
751 75 0
254 441 1
580 922 0
3 787 1
550 1119 1
867 864 0
856 395 0
298 223 0
115 633 0
717 705 0
948 646 0
666 717 1
139 228 0
196 857 0
519 14 0
250 78 0
915 936 0
164 667 1
896 399 0
1112 591 0
539 36 0
350 783 1
112 685 1
807 871 0
581 841 0
651 16 1
1137 276 0
1005 379 0
172 126 0
483 603 1
485 834 1
14 836 0
96 384 0
805 1049 1
789 630 1
811 623 0
387 722 0
797 964 0
101 718 0
521 724 1
746 406 0
194 1029 1
726 153 1
117 1022 1
198 780 0
549 1035 0
949 450 0
767 1115 1
515 329 1
531 903 1
448 292 0
292 399 1
923 614 0
538 468 1
584 614 0
407 942 1
70 1114 1
506 698 0
335 961 1
1022 776 0
1080 686 1
645 877 1
19 173 1
292 250 1
1030 278 0
393 856 0
781 500 0
682 790 0
1056 344 0
873 1028 1
999 250 0
315 805 0
424 778 0
1046 1044 0
863 271 0
534 618 1
661 794 0
51 76 0
648 713 1
266 250 1
62 421 0
406 610 1
829 135 0
734 658 0
933 1149 1
995 298 0
122 909 1
1078 1042 0
418 163 1
997 684 0
408 612 1
14 570 0
884 698 1
362 120 0
1014 1096 1
785 1087 0
794 299 1
129 1093 0
400 70 0
1015 711 1
224 350 0
1066 803 1
81 674 0
3 796 1
848 427 0
794 616 1
781 826 0
591 455 0
226 588 0
516 1089 0
131 93 1
112 735 0
121 77 0
613 478 1
859 490 1
765 217 0
101 1085 1
264 407 1
396 432 1
951 782 0
182 116 1
488 1016 1
707 285 0
144 69 1
323 1056 1
600 1007 1
261 247 1
571 345 0
479 17 0
444 175 0
142 1025 1
402 399 0
231 233 0
1103 578 1
763 444 1
923 184 0
1126 727 1
602 344 0
124 1137 1
196 105 0
345 237 0
192 629 0
720 1075 1
274 812 1
1027 926 1
586 150 0
394 298 0
670 346 1
298 48 1
221 285 1
105 170 1
644 944 1
367 527 1
75 441 0
82 1006 0
206 1077 1
1052 718 0
584 255 0
1081 626 1
802 295 0
35 757 1
553 726 0
643 520 1
822 574 0
632 369 0
43 1056 1
938 307 1
366 684 0
798 775 1
145 1078 0
766 340 1
319 343 0
667 747 0
503 1112 1
791 86 1
381 493 0
540 562 0
1128 628 1
508 987 0
249 680 0
824 209 1
968 38 0
834 128 1
1022 613 0
286 14 1
1123 310 1
991 459 0
104 1148 0
462 1054 0
123 1088 0
271 155 1
528 58 1
260 693 1
208 772 0
72 69 1
184 850 1
248 876 0
925 512 1
375 204 0
528 152 1
1117 694 0
532 1055 1
30 1138 1
943 171 0
258 43 1
770 765 1
131 1091 0
707 209 0
177 1119 1
559 172 1
670 890 0
626 501 1
694 945 1
571 1002 0
698 351 0
782 701 1
780 1111 0
1112 5 0
958 755 0
84 113 1
336 912 1
626 731 0
320 876 0
445 377 1
980 662 1
598 642 0
863 700 0
465 155 1
644 148 1
973 240 0
718 384 1
678 876 1
191 669 1
949 657 0
1065 332 0
87 283 1
831 1055 0
199 971 1
796 820 0
996 568 1
823 1113 1
639 997 0
870 488 0
101 632 1
38 1017 1
679 696 0
504 948 0
578 507 0
63 1138 1
428 278 0
821 870 1
140 719 0
553 1086 1
589 238 0
352 186 1
308 1106 1
870 121 0
851 783 1
567 833 1
85 623 0
1086 628 0
593 776 0
907 844 1
70 764 1
985 645 0
305 122 1
924 503 1
249 976 0
861 245 0
798 1018 1
575 976 1
1099 809 1
529 532 0
534 52 0
489 221 0
700 490 1
422 442 1
874 796 1
1104 136 1
1092 654 1
823 762 1
1094 596 1
555 803 1
1111 788 1
178 944 1
876 693 0
603 527 1
98 255 0
619 286 0
373 641 0
763 997 1
448 87 0
394 1011 1
476 20 0
339 419 1
54 698 1
46 518 0
542 63 0
461 786 1
828 287 0
1121 101 1
300 1092 0
282 968 1
166 509 0
105 842 0
558 479 0
833 563 0
714 64 0
550 598 1
340 875 1
535 862 0
233 940 1
790 775 1
93 315 0
874 106 1
489 294 0
1126 200 0
1131 9 0
1004 1028 1
432 861 0
50 678 0
529 1100 0
993 281 1
646 741 1
30 1036 1
782 727 1
140 204 0
409 470 1
393 238 1
229 905 0
518 1026 1
931 788 0
298 290 1
121 168 1
661 115 1
281 31 1
405 666 0
840 304 1
806 260 0
499 1138 1
128 966 1
891 1144 0
149 381 1
74 1116 0
36 220 0
636 332 0
365 900 1
913 1015 1
478 382 1
614 915 1
466 261 1
921 134 1
287 42 1
908 569 1
1149 1054 0
138 161 0
39 490 1
218 504 0
999 52 0
791 754 1
705 799 1
1010 380 0
1086 179 0
722 1095 1
430 535 1
291 500 0
1108 526 0
1061 94 1
860 534 0
107 741 0
788 86 1
259 178 0
1067 257 1
27 272 0
1107 841 0
529 218 0
738 944 1
589 1084 1
125 928 0
488 871 0
1082 69 0
1017 265 0
264 852 0
710 869 0
1125 411 1
407 492 1
726 625 1
408 694 0
436 430 0
900 1 0
397 970 0
479 769 0
271 200 1
994 142 1
405 524 1
269 107 1
909 1022 0
986 760 0
801 826 1
555 506 1
843 929 1
433 9 0
1009 562 0
711 157 0
469 970 0
637 138 1
466 752 1
18 862 0
46 984 1
1016 857 0
952 1069 1
708 689 1
688 10 0
806 1037 0
1002 678 0
350 397 0
210 602 1
1140 490 0
64 668 0
330 259 1
809 619 0
994 107 1
148 1070 0
461 517 1
495 576 0
494 1068 0
103 947 1
936 83 1
61 248 1
498 522 0
91 498 1
162 183 1
769 276 0
506 175 0
733 1121 0
472 503 1
415 620 0
530 848 1
1110 181 0
899 1 1
1145 113 0
518 947 1
457 815 0
186 1006 0
638 815 1
559 346 1
921 936 0
836 969 0
390 369 0
1128 674 0
143 626 1
539 653 1
1115 341 0
75 553 0
762 787 0
675 774 1
102 764 0
612 119 1
944 879 0
806 109 0
446 434 1
893 794 0
739 881 0
831 545 0
890 415 1
720 1070 0
589 171 0
262 164 0
74 125 0
369 220 0
592 777 0
823 403 1
431 233 0
694 1084 1
372 398 0
609 1126 0
679 11 0
510 719 0
301 374 0
520 871 0
597 7 1
140 538 0
38 84 1
223 380 0
295 1058 1
467 743 1
898 1053 1
838 1097 1
226 462 0
1027 579 1
616 275 0
673 322 1
718 448 1
284 1029 1
358 282 0
564 980 0
865 322 1
886 1032 0
802 428 1
1082 718 0
276 422 0
398 278 0
1042 949 1
256 176 0
340 655 1
1094 567 0
835 380 0
1027 1012 1
110 592 1
430 784 1
522 834 1
265 151 0
625 135 0
858 365 0
1143 754 0
369 964 0
842 632 1
1096 706 0
58 500 1
358 742 0
823 763 0
1064 240 0
248 347 0
136 108 1
1125 328 1
90 856 0
35 1111 1
533 741 0
954 396 0
540 818 0
563 392 0
522 213 1
41 473 0
852 87 1
743 80 0
1055 1104 0
1092 1054 0
445 998 1
643 92 0
362 194 0
977 59 1
439 99 1
342 947 0
312 1129 0
14 618 0
494 822 1
122 813 1
371 749 1
467 523 1
987 1119 0
199 63 1
749 359 0
126 771 0
703 9 0
1120 976 1
63 931 0
676 440 0
1056 910 0
804 205 1
971 506 0
1004 27 1
826 497 0
181 1011 1
456 108 0
536 807 1
1039 312 0
263 507 1
1118 673 0
427 346 1
1055 347 1
744 57 1
835 378 1
1033 1012 0
189 641 0
1099 161 1
82 153 1
794 496 1
183 486 0
1139 745 0
324 947 0
467 1039 1
23 534 0
100 599 1
761 171 0
826 806 0
413 354 0
1113 753 0
797 436 0
951 87 0
464 753 0
762 392 1
390 25 0
447 544 0
540 650 0
23 117 0
1149 1040 0
734 496 0
806 948 0
653 412 0
952 433 0
155 1030 1
59 953 0
543 62 0
409 1040 0
215 689 1
934 189 1
735 184 1
565 292 1
140 11 0
435 608 1
336 377 0
359 460 0
373 927 0
297 1131 0
318 286 0
1067 162 0
1081 496 1
983 769 1
717 689 0
1147 561 1
323 874 0
3 566 1
922 76 1
480 1030 1
293 657 0
90 125 1
376 712 0
197 78 0
85 846 0
1054 563 1
649 923 1
957 129 0
452 586 1
210 816 1
938 380 0
496 735 0
1102 35 0
304 1105 0
953 392 1
559 345 1
659 828 1
278 600 1
1139 956 1
152 43 1
386 221 0
1054 794 1
1070 641 1
1012 737 1
80 509 0
704 286 0
843 606 1
735 106 1
303 682 1
818 892 1
510 654 0
156 255 1
1059 896 1
157 1007 0
1067 235 0
54 271 1
976 898 0
1062 598 1
1065 581 1
248 927 0
1050 355 0
475 825 0
864 58 1
1009 972 0
1089 237 0
231 723 0
174 396 0
36 45 1
191 1014 0
936 633 0
997 972 0
597 598 1
1003 77 0
330 639 1
962 859 0
1133 541 0
890 283 1
155 347 1
1043 397 0
748 641 1
897 871 0
236 375 1
36 973 1
819 1030 1
22 367 1
783 288 0
1090 318 1
421 1057 1
441 1065 1
390 51 1
156 853 0
907 1117 1
256 1034 1
60 1112 1
46 811 0
358 593 1
748 448 1
930 1000 0
222 578 1
959 314 1
1039 350 0
282 1140 1
824 1099 1
728 986 0
1120 582 1
817 680 0
932 871 0
416 684 0
465 348 1
638 602 1
198 601 0
507 128 0
1111 603 0
138 532 0
747 576 1
720 881 0
929 440 0
978 253 0
174 129 0
20 1039 1
1118 652 0
770 461 0
440 627 0
65 293 0
241 935 1
726 276 1
347 141 0
96 494 0
212 745 0
312 652 1
791 917 1
664 1104 0
1066 504 0
1038 125 0
1002 877 1
628 423 0
630 15 0
625 230 0
572 723 1
5 152 0
1111 703 0
294 535 1
203 412 1
756 159 1
1054 357 1
513 176 0
341 17 1
1041 996 1
1069 1145 0
639 802 0
77 273 1
430 284 1
770 959 0
530 517 0
974 969 0
483 250 1
799 549 0
712 966 1
654 956 1
1026 67 0
735 601 1
100 287 0
497 659 0
496 654 0
599 140 1
149 498 1
671 731 0
1047 766 0
559 966 1
103 242 0
893 666 0
231 170 1
814 129 1
884 510 1
801 762 0
748 755 1
479 236 0
637 615 0
1078 812 0
420 252 0
894 356 0
1035 1028 1
250 175 0
380 202 1
1081 930 1
1015 551 1
254 606 1
179 960 0
481 1055 0
298 1125 0
126 787 0
1108 243 0
335 565 0
215 128 0
147 355 0
965 318 1
291 1086 0
778 674 1
678 738 0
1026 266 0
452 416 0
516 162 0
900 985 0
893 690 1
370 776 1
835 138 1
466 990 1
740 53 1
839 1079 1
1021 855 0
24 1033 1
94 946 0
891 799 0
142 131 1
322 110 0
529 1043 1
194 1034 1
935 65 1
601 1060 0
816 599 0
725 729 0
92 919 1
860 573 0
370 622 1
917 343 0
62 889 0
493 385 0
1015 442 0
935 237 1
1055 879 0
555 787 0
678 852 0
374 993 0
140 674 0
532 566 1
79 904 0
115 577 0
660 61 1
138 1119 0
208 11 0
200 732 1
650 258 0
721 577 0
725 515 0
445 723 1
1020 228 0
841 1027 1
632 601 0
708 136 0
146 885 1
1089 116 1
228 649 0
1098 323 0
955 216 0
87 303 0
549 950 1
86 43 0
129 552 0
639 338 0
242 841 0
187 965 0
702 61 0
366 115 0
182 19 0
63 747 0
140 939 0
1019 406 0
231 571 1
622 798 0
351 646 0
667 387 1
210 642 1
665 945 1
1037 367 1
99 1024 0
799 531 0
1018 867 0
1030 1041 0
885 1008 0
760 1070 0
107 893 1
516 433 0
244 1011 0
630 682 0
752 774 0
159 247 0
693 461 0
54 324 1
217 555 1
422 548 1
990 245 0
629 946 0
562 316 1
643 1018 1
247 583 1
1136 1115 1
367 1068 0
518 487 0
1137 24 0
706 917 1
985 329 1
749 1002 0
857 584 0
1121 665 0
571 334 1
617 63 0
332 133 1
1127 1027 0
606 175 0
999 904 0
474 597 1
505 667 0
435 257 1
426 73 0
849 1012 1
806 1112 0
29 76 1
410 789 0
604 315 1
686 158 0
309 1015 1
816 637 0
126 513 0
694 1117 1
825 622 0
221 910 1
418 242 0
611 1085 1
396 260 1
774 336 1
1016 436 0
997 795 0
206 948 0
112 772 0
321 15 0
906 549 1
562 36 0
334 35 0
140 180 0
334 753 0
1140 629 0
459 637 1
800 311 0
518 174 1
180 1068 1
1079 261 1
580 5 1
1001 443 0
44 1051 1
1040 630 1
90 754 1
987 356 0
618 725 0
62 120 0
249 312 0
20 866 0
76 311 0
529 855 0
708 639 1
1124 1079 1
994 1139 0
1092 76 1
309 209 0
270 290 0
936 882 0
326 1055 0
473 335 1
451 316 1
121 100 1
163 756 0
873 1091 1
1048 662 1
56 673 0
259 938 0
941 412 1
510 271 0
685 9 1
849 515 0
287 964 0
315 153 0
866 1134 1
1137 206 0
263 848 1
1031 337 0
62 174 0
798 622 1
82 616 1
76 1143 1
169 197 1
249 365 0
735 1094 0
957 610 0
671 910 1
861 527 1
73 604 1
1110 44 0
1120 644 0
939 545 1
286 361 1
442 577 0
346 1105 0
685 753 0
416 210 0
566 457 1
1039 1043 0
956 76 0
912 230 0
578 1067 0
1023 355 0
421 676 1
179 934 0
546 248 1
363 876 0
482 212 1
402 286 0
245 1013 1
340 1057 1
545 598 1
228 547 1
345 528 0
1144 899 1
910 27 0
985 210 0
764 771 1
53 965 0
576 651 0
991 399 1
643 152 0
763 652 1
604 58 0
439 72 0
762 1063 0
1078 1125 0
788 130 0
730 555 1
511 274 0
782 1075 1
1126 630 1
674 208 1
406 1061 1
412 10 1
692 1061 0
231 687 1
16 843 0
186 211 0
377 190 0
855 1093 1
734 995 0
514 707 1
687 768 0
1146 816 1
661 213 0
419 1032 1
948 1136 1
1086 1018 0
567 990 1
883 442 1
781 1040 0
760 347 1
767 427 0
372 870 1
1066 601 0
954 425 0
893 1040 1
126 236 0
269 1115 1
186 359 1
455 793 1
1097 115 1
966 73 0
883 72 0
659 946 0
886 133 0
832 857 1
512 1031 1
327 850 1
946 520 0
305 1070 0
364 8 0
1 365 0
57 62 0
558 433 0
974 502 1
30 90 1
187 165 0
1113 634 0
976 790 0
890 1007 1
372 885 1
43 598 1
41 303 1
10 845 1
804 167 0
61 450 1
102 8 0
1033 963 0
270 897 0
843 1092 1
