932
589 69861
678 58479
645 28842
6 11289
342 90209
786 40295
815 76262
429 53545
455 37070
614 16881
538 31035
666 84892
56 71830
387 18492
141 5914
542 90781
30 68188
914 24158
17 38603
200 23822
516 61125
593 26109
373 66627
459 65266
706 51294
704 99325
81 31729
311 98760
529 5535
492 16729
450 40652
344 91482
637 2751
535 70587
471 12495
604 94490
8 56876
534 80987
305 79472
388 90811
528 41515
471 52396
232 78616
280 6430
415 2217
762 45991
883 72307
723 8429
869 25029
737 89678
913 993
569 53949
296 90144
285 19628
459 86474
273 82380
632 5151
590 61070
400 7966
927 2059
307 17249
533 20634
526 30381
107 9275
869 38363
225 29627
225 62304
662 74113
128 77426
429 47605
280 85348
73 40767
297 47017
914 3901
540 66675
39 95613
36 23057
434 80069
361 43612
703 55625
30 3579
238 53145
328 87466
931 9075
623 24169
196 65451
572 11837
417 13103
85 76565
680 36906
470 5407
184 71778
606 74076
446 6472
650 58361
459 22300
411 76483
798 70449
225 63212
110 2858
569 30720
795 94211
913 541
782 7972
159 78893
431 27289
861 88463
744 21906
26 56756
51 16840
616 44157
712 99714
863 75045
313 60215
341 89504
439 60564
463 43548
786 79055
690 47771
417 65842
673 64050
421 15932
119 80541
111 77466
80 19148
917 81624
677 59988
466 20757
165 82691
549 37051
134 577
481 73591
410 8615
433 31789
80 47235
102 1678
391 56714
78 3688
381 18050
673 35532
165 52662
737 69137
340 50201
356 77620
302 96237
246 75640
510 12174
325 57877
800 18178
289 70620
495 44806
250 69084
150 91964
316 7177
178 33437
291 44513
39 72097
655 24987
781 37730
281 63029
478 28263
266 70909
650 22000
692 18125
354 96809
301 96068
207 55896
521 74023
197 16383
114 87955
483 4964
285 41192
28 97646
697 20965
725 5672
553 53487
646 83384
554 18316
574 36359
879 76434
376 2564
68 12677
650 57160
814 61289
542 49969
746 83090
482 51009
367 33848
447 50104
788 31765
842 51918
251 71497
907 62914
465 71332
183 21397
606 83942
266 97530
408 4071
137 7779
200 97229
327 71606
244 81992
374 86849
475 61716
151 91119
686 44346
772 9536
791 87482
2 49587
220 83873
538 26202
99 12383
197 39907
548 1316
897 43572
537 59293
919 68686
431 63998
148 83683
271 45934
758 47182
72 44829
93 31905
790 19770
186 89921
154 19590
478 1998
443 61397
619 14967
54 84835
104 39971
790 70215
716 55568
457 30389
645 65256
599 6588
751 5761
130 673
207 23809
305 99470
567 48662
743 72859
240 36171
80 23086
737 81766
583 45431
682 9211
301 92516
824 12589
729 4922
768 71902
726 23009
659 17150
356 27361
414 33233
388 29251
922 16633
209 53354
922 96035
546 80654
818 52014
558 13614
21 61238
731 23949
511 39205
190 22943
765 23783
910 78497
235 46566
252 24293
691 35537
528 72252
544 14547
398 12495
619 36553
304 55040
762 48458
703 28118
426 93054
118 41770
726 47013
825 13839
511 73614
681 43349
179 72775
919 68182
687 93698
54 38425
139 87902
737 78308
914 57213
508 80798
231 7869
56 66943
867 51489
298 80022
263 18482
689 33796
563 90402
282 40908
783 20995
419 45861
546 74155
441 70103
487 11467
75 13154
486 89837
447 89683
579 43083
320 59722
414 6287
290 19833
43 93356
149 70022
525 13566
407 55452
175 20618
772 71322
376 41331
251 3992
96 55447
646 86206
220 12302
339 4507
236 24675
706 39370
570 28023
132 37770
615 76778
242 18062
212 95539
834 7055
885 98839
472 31605
879 92557
703 35868
491 77586
920 72936
386 86897
379 98012
14 43102
896 39154
259 29935
390 46420
392 66809
626 87586
295 8810
721 13630
656 90299
892 95278
413 65119
432 92978
857 37385
178 94125
573 45769
482 35834
629 11532
335 85632
242 30432
788 65782
305 85611
819 16636
120 36337
370 7727
326 51283
175 30107
435 96408
426 36967
482 44042
278 59778
811 35718
217 16768
152 48009
60 95944
498 98480
299 88870
54 89345
675 51024
459 21004
21 97761
112 49131
891 88652
317 13306
271 90474
554 61500
291 65156
457 55620
137 24410
177 76347
532 72393
605 21157
562 79546
548 52691
799 12854
894 64377
745 53752
880 40115
40 47976
332 31319
798 30741
289 24774
812 3516
742 71686
918 94014
232 55577
377 26538
381 30126
27 41441
206 81450
164 14561
880 55303
157 52156
53 71202
852 45061
542 98820
541 35627
821 99383
184 6547
233 60668
812 49993
190 56521
318 70027
801 89507
635 53257
127 31309
288 14794
268 2251
688 19313
724 94230
864 20851
74 19231
335 51395
538 53739
255 93729
483 96052
236 49751
635 55309
764 68820
209 62751
593 24201
772 45258
20 90659
677 29275
492 73707
536 83006
874 11773
276 28890
870 63375
734 40207
358 94505
98 95934
435 58751
150 18862
61 67200
692 72653
53 86030
301 29696
775 30857
666 50091
188 46908
496 58125
661 98763
367 74377
94 75546
453 40204
202 47203
78 53226
914 20833
687 34906
901 65827
563 46207
623 32555
717 51120
239 68781
88 52305
187 71567
525 75838
576 42713
28 63223
812 92758
890 30588
424 62701
248 8368
839 98961
787 55394
174 78152
897 91676
36 92308
585 21787
592 43991
264 35927
263 355
288 71277
888 47860
907 65491
501 40961
88 4524
826 17892
125 11779
733 95299
478 51638
806 62936
865 19374
689 51833
470 97470
163 60143
909 15652
109 44420
423 90296
200 7449
673 63010
349 10586
194 25910
68 4783
590 35039
71 81276
630 85782
353 38536
298 62303
833 73422
306 64249
171 80605
700 14156
521 61835
609 49512
809 95585
39 70106
633 43213
772 6911
632 95609
806 92064
839 94486
853 25921
712 9639
132 53832
237 48542
421 30586
418 46849
460 11137
779 95606
795 9991
493 98804
674 2244
204 73598
620 35087
649 8567
771 88319
431 45925
751 58523
94 96157
878 20308
168 59372
501 7706
834 29575
49 87488
169 27943
152 30596
156 47981
899 69401
564 51601
288 96043
800 88939
702 21933
163 14990
472 88888
198 89071
713 29448
778 98053
793 81338
815 67560
579 93315
859 85499
128 95094
304 40096
168 73001
798 25489
203 86743
602 67102
625 95175
402 93446
12 61084
65 29694
677 90586
544 15378
90 13413
291 52484
152 31846
254 37084
863 58820
712 79947
825 90610
210 4255
179 16415
875 43931
101 66620
574 84306
654 24418
71 72285
83 29057
705 61557
884 1968
228 59020
166 43199
494 17298
341 86636
467 1586
461 19627
845 57665
440 29871
620 99190
201 39867
86 32770
76 17160
57 22432
623 96406
178 72313
311 63412
128 79311
813 30920
127 81760
683 35292
659 85761
477 72250
373 16605
774 57686
422 61297
27 48124
616 33610
407 68095
82 3621
241 86108
270 11967
897 16927
886 44581
281 44102
720 5604
773 3374
691 22682
308 34728
382 41643
94 56101
897 82502
13 6942
902 65203
703 17596
641 69563
347 72951
481 50032
543 9980
839 22054
655 84001
499 7738
242 39427
14 99156
107 64899
195 10571
642 99282
76 24364
49 43967
710 59737
165 95202
526 68570
83 76178
795 7806
68 4194
103 39623
463 78686
145 26065
374 15847
650 76031
633 29300
278 89849
272 21394
531 20656
583 22050
374 4804
263 44374
406 53216
302 7970
596 57711
752 59304
201 63171
56 958
549 12328
387 8824
572 51437
393 24648
598 42662
436 54548
480 64661
640 35973
442 51535
103 91645
232 35152
314 59086
210 89273
303 16866
50 34708
242 91943
247 16728
868 67423
745 41388
778 22876
46 75370
642 28980
869 13653
867 62811
814 38231
164 71702
491 13968
344 96372
397 22486
528 86948
136 53609
129 29059
727 53373
64 86825
680 31813
40 20808
811 26465
740 37611
755 37901
396 65505
901 99505
777 62191
387 71478
57 85541
500 68669
460 77258
54 59870
599 60290
704 93534
694 19793
256 84532
39 37385
613 28881
292 15244
442 88722
328 84799
662 38917
489 82868
690 81726
693 60256
309 5391
913 51909
825 48972
742 5994
529 28420
437 40672
408 33888
449 27515
254 70584
354 3515
163 41521
283 1897
70 18113
913 63909
411 77034
338 53907
39 17029
80 65767
731 85360
677 88139
607 73093
676 72117
462 34471
247 45953
260 32942
665 7070
629 32749
561 28142
786 49455
107 16682
111 25729
390 36828
601 4882
781 9062
28 28712
636 99155
92 60715
122 21911
862 27130
190 21134
655 5208
60 97839
520 3822
544 25859
97 51615
483 39
352 39596
629 55670
728 59047
885 95990
267 7316
218 65311
292 78810
286 67762
739 10558
647 4338
716 71957
181 56515
158 20922
680 15712
592 43620
469 97991
68 39283
61 226
91 77363
293 98841
203 97456
674 32028
313 22983
389 36227
515 6252
124 76389
311 41327
928 18233
799 50576
816 42089
830 81064
289 22653
477 4401
803 72657
877 89398
813 80684
900 15546
26 94198
320 77688
175 14101
543 40216
702 24269
344 85088
787 53765
795 71641
375 34162
324 95211
931 8217
916 33674
291 70291
795 33579
429 88341
371 53452
104 82259
774 57173
114 75001
416 53501
20 49478
301 72985
612 86405
518 48452
192 29858
927 13754
499 553
2 32180
674 52958
105 89274
435 4391
627 14991
189 94786
477 42001
418 9064
480 48670
67 9750
546 30619
562 45900
181 57250
316 6562
657 11571
557 32601
330 47656
475 34779
789 81795
312 32835
649 73624
858 76818
829 53352
565 66500
338 79055
783 88316
797 81388
318 33060
687 41252
474 32692
590 81707
72 37574
439 18505
785 56027
140 81538
823 69899
136 34641
336 91667
92 64720
522 88450
373 18924
59 57632
523 1507
76 12565
121 72180
888 83574
343 4041
215 14706
870 36477
794 87788
793 3999
513 70314
417 32952
249 8120
738 74250
790 73864
12 63407
167 67963
143 22727
762 48687
757 14304
247 82378
258 37021
477 48781
885 52906
814 23038
779 91610
442 87582
373 9207
443 27558
92 43464
811 1177
777 98098
717 56915
297 88172
562 85515
765 38846
298 85885
726 91532
9006
415 70229
106 82465
720 48991
38 12593
189 68180
827 93245
95 5972
885 61492
674 16661
688 2915
687 7567
545 83918
927 4839
287 85045
107 5808
170 35337
384 15218
431 75515
841 83977
886 18617
71 29394
56 6878
789 10192
508 78855
698 39271
906 359
21 54814
284 30775
400 7224
316 85137
871 55037
570 89919
817 38689
6 81662
166 54501
502 76614
33 84721
478 8201
238 1139
582 78759
116 27623
265 48911
311 77093
700 34272
479 22931
41 56379
124 60440
833 6432
240 5530
557 22455
3 81471
664 60945
200 81875
245 96073
678 45248
357 24885
832 95307
549 86503
166 19464
168 81066
675 52729
192 59608
734 44824
53 70470
124 27791
470 68843
637 26407
586 38408
11 29777
227 31380
566 81218
293 4904
232 74839
372 86467
1 81838
925 77851
885 16723
591 69097
756 46320
464 1202
620 73955
482 13441
729 14387
208 44947
650 39723
54 15888
368 20672
653 28210
126 95042
349 95731
487 49998
260 71894
694 75263
40 27949
63 31108
815 76954
704 98549
666 13060
724 70175
688 9226
422 75948
311 56892
434 87452
683 69266
381 9469
85 91028
486 63984
874 57294
441 90284
555 56431
436 26509
869 20891
633 38554
576 9417
120 79384
663 41858
37 39954
114 88554
586 67734
306 60202
551 29345
543 66742
792 20416
897 33674
20 14493
173 6939
711 50100
733 1567
585 14386
896 81521
500 3207
98 18042
33 79413
628 78722
799 66189
847 76654
208 41265
179 8549
569 82998
159 92813
711 29818
405 51622
26 16969
860 57784
5 27211
675 46784
552 99099
872 78873
474 48828
908 30378
309 95520
540 5722
671 26133
434 80225
887 72478
53 45518
493 45568
928 20465
130 42993
60 13548
394 8393
492 10730
280 39948
903 57093
429 21968
176 64400
730 82409
546 58386
6 90617
280 35658
94 99610
491 41957
773 4265
756 59752
335 40412
589 39766
104 54297
641 98030
717 213
225 83655
307 15773
549 74534
866 2798
45 42435
381 19933
766 7974
549 65687
860 28757
819 11313
744 93030
511 17006
6 12565
764 62657
667 93133
108 43622
492 81515
19 88933
493 15650
855 25572
48 6573
609 55961
308 1670
542 10479
404 27963
546 36588
276 97651
512 31582
8 84744
178 38415
904 20543
686 80727
204 58933
421 73670
233 5480
606 43562
419 75051
655 55920
39 54516
475 51646
261 12935
522 28217
185 81165
308 21754
695 28837
234 477
265 72624
239 72029
159 4976
467 45137
173 28577
442 17482
492 47252
671 79667
238 95516
193 83463
664 15144
336 33122
524 44158
246 36184
677 64954
798 70558
537 96987
493 96562
796 99069
495 13717
258 1325
395 81188
375 54928
91 39967
609 97824
65 34702
800 50218
67 13078
784 75848
771 34123
833 98767
288 41153
335 78438
72 30747
165 51482
299 12728
293 10705
470 29949
234 80007
513 21422
453 5814
203 6867
701 21878
691 80083
659 23289
161 91268
617 94939
894 82236
609 37628
895 42152
305 31375
275 58396
74 91777
543 69129
507 25776
149 16116
78 6353
374 71274
127 43435
862 83859
217 98587
691 39578
395 18021
503 71381
264 70477
846 66307
274 28549
121 36075
522 86042
606 57917
164 58682
901 50508
279 64162
241 89443
207 20377
729 50682
878 65646
118 93557
546 34912
37 13046
71 34539
910 76925
912 60607
34 16331
542 9515
645 81988
29 80981
747 70790
396 577
602 5867
205 57637
293 25219
794 50964
826 84993
822 3223
443 67297
626 60643
523 7382
897 94919
664 93651
785 93961
597 47456
231 31911
841 26596
429 7908
473 6476
67 58033
101 76793
403 35091
510 16457
82 27936
66 56151
523 3211
434 84445
584 84646
79 52069
189 81629
96 710
257 90319
175 25835
203 18578
706 61346
7 267
232 21335
121 68544
443 58033
353 35252
40 61494
423 52422
378 45213
593 65833
556 66150
101 56619
76 38478
523 30449
289 8845
768 73635
903 24134
73 25854
858 72944
36 80735
487 81198
565 45292
388 69022
708 57926
774 88339
400 10114
698 51286
820 34817
600 67164
19 25577
626 85988
519 86922
800 8702
486 32075
81 89592
110 18591
70 81586
222 14290
259 79574
208 20053
136 76390
931 70160
437 46362
718 88218
746 20171
18 13746
356 95771
593 83247
74 79228
186 86778
822 75383
692 34914
234 11432
103 72942
57 48277
83 57340
807 42413
75 40027
205 26936
366 34690
177 27374
882 56428
143 37403
507 53787
400 17270
560 46821
717 44202
124 22517
516 36547
300 43489
138 73039
11 43806
73 28746
20 11793
568 42963
433 7855
901 72146
11 4489
385 83451
460 72137
673 46968
923 82283
712 88501
550 76446
133 69545
427 94334
558 11667
255 93036
369 56405
335 64987
615 40940
721 78270
15 88461
151 9456
51 59107
335 77887
530 70233
684 38938
537 11005
511 17401
468 45864
705 12849
532 8025
160 23987
301 16259
208 42409
649 359
433 24788
843 76320
367 10886
784 14409
240 10978
198 79069
113 15926
783 83938
66 3578
255 22460
750 24047
494 16300
292 8107
718 91378
760 38470
830 97569
423 72512
658 17760
812 93861
430 49791
664 49445
570 79061
662 6845
815 58609
678 60116
342 61607
45 29454
552 84101
293 31720
112 81639
310 2851
891 94971
860 93378
243 61961
338 54128
545 44157
298 33987
47 20725
350 19950
559 95109
809 38575
274 36665
339 95268
816 93316
579 64971
650 49881
640 58526
829 1502
406 13383
312 74832
833 78702
884 82703
443 55514
599 89101
49 35378
894 47651
234 7459
258 24169
731 65476
240 20905
497 30340
806 97563
359 74399
874 91455
65 10086
812 66454
363 59558
462 57438
572 50359
461 26639
240 39631
697 29393
588 44758
136 93801
472 24217
50 63538
533 28343
639 63542
111 64421
38 99164
375 66073
789 8930
187 5378
480 92211
491 59027
507 4412
704 93163
568 19474
895 56909
294 91938
12 19535
68 19327
15 71171
166 36302
233 34484
755 98274
332 56311
665 81806
707 95123
149 93523
193 97592
414 43163
462 86743
262 994
288 1430
429 86648
471 72385
320 22099
802 62365
808 67579
773 32551
859 44032
181 23626
134 43437
150 91777
597 73349
798 52629
806 7730
692 84098
327 62409
186 3383
682 71030
391 25372
531 57280
760 13248
748 87337
448 83872
509 42556
801 32536
551 62246
299 57169
872 67197
329 68304
222 83870
509 30843
863 88851
497 26397
931 11355
458 46033
546 54805
23 83174
86 18212
418 89501
854 44836
640 14183
768 61347
636 68050
802 35798
826 34617
627 10425
50 2763
599 92289
138 57245
707 2257
854 63374
12 32267
446 20465
471 48708
194 93139
745 99121
198 71413
269 16654
164 68864
906 49106
707 31410
701 81055
531 3678
606 61144
506 36094
155 98508
388 5360
613 22926
580 88633
249 52111
666 46709
211 53610
81 54823
214 96250
633 40928
836 66900
87 15728
138 78915
827 19692
758 48264
547 70843
569 79965
924 12715
733 50041
751 83376
270 71746
104 27626
888 89265
909 59874
184 76437
639 87495
85 3654
100 97484
696 45945
544 24504
500 14525
716 19959
130 59107
34 44145
883 21336
858 35492
859 80504
412 58812
193 37176
417 7330
689 88745
863 26809
458 81546
249 47297
633 38945
756 90164
828 71443
274 24514
62 13964
284 64622
297 36253
349 68814
108 69406
109 71880
778 43924
398 77583
420 92133
291 81784
251 39371
273 6877
445 22595
388 13377
705 90254
679 25586
597 4754
351 76525
377 64785
909 61307
158 20817
570 13321
775 8619
786 11807
4 2027
91 37627
850 29173
511 54769
61 30091
369 55979
575 45085
710 65381
459 634
687 47183
755 24670
536 77287
589 5705
602 69589
498 33092
90 45647
873 43088
522 84984
500 15306
127 5878
220 87028
29 84253
892 36966
689 16590
571 91450
241 94378
829 82872
568 25685
794 58403
467 83875
872 71630
234 55058
922 91747
648 48408
459 26508
77 76116
627 6794
864 46057
890 38693
257 99914
50 85414
486 69392
264 45058
275 96023
599 119
40 59176
636 31759
682 77787
608 86441
922 54480
492 26679
621 77162
399 95204
300 82568
404 77736
666 40887
745 78863
125 82704
308 17093
384 71070
132 77432
311 21387
804 23359
910 63860
856 18581
778 83788
809 77216
142 73972
551 99960
307 82044
326 79280
22 23942
44 97347
824 73720
148 60422
247 13095
411 22374
65 26297
838 13025
226 26045
469 52329
647 73962
368 70829
930 28361
365 99766
52 89433
315 13101
456 5893
611 96254
244 205
89 75372
426 74001
747 31729
862 79150
240 68544
734 77396
652 79799
838 24810
801 31913
487 81058
263 63487
431 5940
102 10881
821 7483
162 27391
253 94761
316 90092
40 57774
605 70339
651 15677
295 98189
926 84235
591 72169
433 61795
268 59817
715 94466
62 74952
232 19630
30 32766
344 56460
229 52114
486 61196
725 90636
524 96016
787 17882
268 76839
616 99886
828 11997
273 9616
740 89966
567 81358
25 10732
570 86838
190 34722
486 95437
661 9210
784 85628
247 27703
572 69890
548 11814
420 74063
782 99401
340 62302
79 31678
578 13004
618 80654
441 30367
905 62439
566 12244
598 61561
446 87215
321 57251
196 32753
272 90331
150 72989
120 75684
356 30596
253 48009
124 90794
42 98539
171 97014
281 27606
569 52196
199 36852
371 69255
19 58424
245 11462
199 71659
265 71135
192 21240
310 69159
894 85964
458 66390
280 59515
72 18584
718 35728
329 15479
624 80886
535 84641
381 10701
840 28753
522 30361
159 53747
449 99167
110 81312
420 10730
468 85897
107 93174
191 14674
330 78302
98 85826
217 63294
765 51121
148 64751
702 52314
561 88253
187 79079
149 40230
896 20661
703 71031
738 60644
635 49652
431 3145
510 22901
929 57883
608 88234
62 79780
694 86190
354 77011
741 49510
516 38148
295 98596
448 64451
181 88561
898 94327
129 70580
726 35608
328 20983
156 17087
543 92648
525 80846
195 34347
538 55242
855 14692
858 40709
888 2208
502 63138
355 76598
668 73011
295 27826
353 15708
752 57941
551 53549
105 92315
38 34395
825 46066
891 10563
362 69201
374 84749
602 62162
466 57926
502 30678
414 82877
69 51111
869 86385
255 90946
336 12695
399 73658
124 66396
623 50298
280 83754
268 2138
266 5382
130 89808
856 89399
489 25816
323 60755
439 50938
877 23970
642 22229
660 12595
336 847
246 87469
190 33993
444 87554
780 34415
227 86837
140 92593
88 29401
613 41061
255 67989
308 85866
225 41998
278 67149
407 91105
768 42746
69 34117
236 88182
28 71873
133 23873
886 46244
148 98882
175 51457
840 45556
197 23422
419 84082
486 21722
148 59274
17 78274
32 20262
550 15270
109 93081
679 65751
54 73739
917 99294
596 77999
92 45996
716 73461
92 30542
273 91584
392 6741
820 2691
57 45023
143 94594
461 86272
303 45437
264 64093
805 98715
687 87317
424 82360
611 93323
198 20715
877 39003
227 45567
642 66922
593 53065
242 35636
844 32793
536 28118
419 85570
841 67452
297 99780
243 15981
43 27161
637 27582
490 66456
442 32864
354 10991
499 85528
466 28880
754 88388
210 18037
201 59705
618 17657
566 61996
844 69074
163 66407
215 87323
768 92785
530 51115
531 54756
423 44687
156 2202
725 80022
920 3198
336 32826
262 34668
93 11859
43 44535
178 69660
430 97834
433 8599
296 52690
834 19348
331 95086
729 25429
740 47008
595 2227
348 4603
394 4381
361 41073
820 46604
732 11095
91 65899
330 64048
45 1285
575 89934
103 43734
647 67624
340 89374
350 2409
332 36492
814 3689
81 87473
380 50959
85 95287
370 55759
19 92183
171 68641
163 75982
461 26659
759 84656
303 24375
409 83665
189 96436
408 92020
546 49703
100 82173
694 88584
905 3195
263 48905
431 78628
370 84317
519 33956
629 86845
653 53826
21 68548
548 30788
604 12059
911 89048
155 19192
35 87353
473 49294
533 71230
340 93876
625 31476
353 54944
291 70914
264 7259
631 46252
148 35588
826 67512
572 85109
678 46552
455 24627
438 48966
186 71202
632 70963
244 84887
401 19249
908 91884
781 76672
508 58375
534 51942
380 33276
700 66241
522 38367
151 43200
624 36482
689 24787
639 90257
383 42047
508 72851
828 14072
314 11383
727 26751
156 63758
299 175
249 8642
487 32365
474 4390
492 55434
730 3026
437 48777
722 2041
359 67329
181 2854
739 44484
869 51453
362 56981
100 21016
537 59374
485 3576
47 37978
318 57100
72 66197
147 31067
54 69402
427 87989
858 56369
538 17217
856 73425
176 68292
829 80862
589 16070
347 71827
67 14195
244 76569
364 99499
182 72537
444 82272
237 83097
754 66480
612 85268
577 17625
514 49240
695 48963
81 88137
714 11146
387 184
467 54179
124 45941
442 71925
329 28086
64 89719
516 73781
861 26577
170 12717
301 66486
75 54621
485 73658
287 98148
216 86108
68 24137
204 66024
324 30479
683 5314
436 72568
23 58653
35 42132
532 58005
174 54610
247 43633
475 63877
858 93301
305 83040
703 75351
676 16807
251 97007
636 47654
72 25331
259 22541
9 90394
486 30495
741 12115
444 12851
323 95986
913 18999
923 10123
580 39732
131 52940
265 97058
191 79982
566 55508
695 90860
754 8778
683 81565
115 8873
576 76130
388 85986
634 62625
220 89023
279 37298
592 96831
608 38206
530 31682
93 33146
335 91492
508 27425
126 86284
626 51706
895 23344
804 67897
444 65352
593 85474
466 20476
690 56549
718 10708
186 7185
80 73097
736 66079
164 97245
600 29497
257 77525
590 51325
501 1228
375 46064
93 69896
905 17599
322 3493
665 28213
43 89662
610 78435
291 46902
474 41814
686 41863
357 90052
611 75082
600 90647
128 29063
596 18410
116 72994
336 24205
860 54733
706 3360
377 46304
296 62916
860 11392
265 71061
798 91521
77 28762
800 56564
410 12764
439 62555
861 50799
37 91364
651 98826
316 17857
235 87179
582 64165
81 70952
697 27746
829 5438
532 50600
360 82942
679 87551
457 89171
746 13562
870 97010
351 85991
19 90734
386 27492
743 21488
177 7356
700 95989
621 36853
340 25801
772 11669
514 33055
372 91160
16 54027
737 12352
261 66106
422 46265
199 69964
380 76646
361 80450
94 49785
347 11376
59 92857
763 27201
581 76848
121 22944
703 30713
150 13098
253 45746
574 72
875 11824
612 7959
571 41137
818 68836
100 10518
524 86647
871 82640
633 98772
825 33180
821 80156
760 26047
288 10433
623 89442
85 79527
126 85171
173 71416
100 93929
198 41763
467 56308
159 75344
158 29568
336 60626
283 90526
807 87409
476 72479
330 88286
158 15766
82 10860
329 36885
809 8413
539 67844
530 53150
71 55917
3 55600
189 54471
702 67187
692 27708
213 79697
238 33182
314 95856
870 24867
665 43723
187 26127
492 84234
887 7326
669 73247
843 64532
746 59219
384 20243
170 37573
932 71906
620 73910
550 8362
879 74020
838 97354
840 45392
809 47720
906 4099
257 67649
498 62936
570 34814
78 38348
390 47267
8 5166
451 94738
869 90209
312 15085
118 22889
755 35520
641 54925
928 92897
716 96592
13 51932
767 41396
13 28632
479 24710
324 4542
254 81499
63 65066
72 48221
360 24088
557 55700
69 65748
830 57423
618 40231
606 52026
690 36795
727 68510
588 44465
27 72412
560 28600
658 94910
471 65445
624 70312
231 75474
816 67274
248 30316
588 28814
728 70487
894 84045
807 80040
801 52580
93 55937
667 13109
685 82750
467 57307
43 36973
677 2465
422 98579
577 53438
647 69336
480 46345
529 91152
7 57868
539 94793
79 14727
11 30614
359 16349
391 1325
57 39095
416 30981
258 87472
537 29622
272 29766
423 48791
224 41817
195 82205
723 94974
233 99964
522 52223
60 5194
198 45551
392 16286
200 747
693 29378
400 29075
344 17854
42 1214
49 10329
583 36662
29 45807
436 76609
136 28393
800 93216
377 43269
891 41315
202 11632
100 14645
274 87723
21 32747
836 50382
138 20929
156 24925
238 34662
172 24790
897 20734
919 2757
688 10020
805 66930
929 78926
600 54163
895 35470
453 11752
916 52155
787 76204
802 60563
41 33246
312 1289
277 6011
846 14868
428 46798
80 23987
84 58438
451 53856
51 44537
188 45044
326 27221
163 15295
42 77421
559 69148
326 51663
344 49612
760 96209
706 95287
728 11230
270 18902
35 97470
750 60125
24 70224
162 13452
909 66619
174 84680
113 57934
332 21061
272 57824
486 83396
398 21127
345 5502
74 30179
414 49758
838 87244
635 62782
520 85199
121 97210
416 47195
709 23553
556 28767
28 69973
119 91316
69 21918
311 47552
140 38347
2 15613
640 8298
168 62281
320 88273
809 82201
329 91747
257 67515
816 11071
728 65297
407 46850
122 15581
818 88053
464 37764
658 94412
575 42138
610 33385
202 67853
344 68966
585 25391
403 42406
292 3577
804 25420
453 41122
230 83289
215 28021
133 95761
28 71448
870 5161
148 85543
351 45278
571 78884
257 90525
772 36069
2 6881
461 79757
211 55581
703 19526
882 47378
539 51749
743 8083
772 63772
301 83559
441 44647
137 41977
85 93475
117 2325
396 5791
524 83511
391 85912
36 7829
885 39949
51 14003
177 2863
364 40998
712 95118
75 6737
322 94524
872 49775
530 85618
317 7055
797 19853
683 49128
336 37176
111 84741
26 10007
364 517
124 75129
887 70423
880 49198
834 72069
598 13973
775 4096
288 84431
664 16595
918 28192
563 28935
62 68840
479 16330
723 10692
483 37699
598 89011
781 49643
246 23667
748 14812
636 18776
97 72805
378 42668
157 68076
727 48479
334 28954
855 35737
67 89188
166 85341
433 99975
357 20123
846 11219
51 2753
530 12325
789 38425
199 28137
651 18043
713 50032
359 79575
771 54983
547 15847
535 66188
701 8228
444 69194
617 33427
206 26785
506 48511
204 63493
583 61005
384 95048
435 91506
154 23967
11 67710
8 29455
620 71105
630 79429
606 67374
237 41640
315 72811
175 31805
237 55664
699 56198
458 37318
569 20829
812 78653
486 97315
12 73738
361 19943
299 21899
314 65122
289 69885
568 15162
548 68499
268 38800
701 1567
323 56560
648 45899
228 54544
649 19402
374 36501
931 68877
401 65985
192 9858
632 82172
489 93443
261 98671
32 29340
926 80545
153 68016
727 66725
824 9191
511 73729
350 27478
267 13279
242 5109
690 41510
32 20354
246 11306
921 32201
707 81854
819 94419
799 17083
16 88711
184 26493
391 62803
801 53556
372 87323
869 9698
793 95571
862 62201
96 24360
733 68627
694 81180
853 15374
401 76072
670 50998
712 42494
860 25918
89 11318
750 87864
663 18696
270 43984
455 41255
470 42115
770 86362
204 51742
243 47179
6 93408
94 27624
863 96089
347 34356
647 41329
107 69017
784 4298
37 83100
398 48749
374 28752
264 40247
629 29794
307 92251
13 28425
84 20448
551 55009
268 77030
388 63694
861 23343
554 11970
438 79348
441 4581
855 34993
736 25659
268 71972
804 64717
571 19017
23 56957
162 20801
806 84780
72 4961
347 56300
447 77463
184 23048
45 13399
310 37628
355 78400
88 9103
268 24017
929 66034
343 63040
255 10449
366 9768
251 12134
90 63654
36 4953
42 51144
369 44401
84 86617
186 76922
247 22356
726 37717
361 97831
895 37890
219 43175
193 89932
291 65799
4 94914
68 60586
882 24078
271 74282
461 50103
865 23380
788 82676
542 67312
223 78032
239 88177
812 26002
589 88473
346 95377
684 55854
322 80691
795 97577
358 54594
764 58334
621 18273
508 19819
621 28851
480 27944
60 64696
670 22892
682 78003
404 62307
226 17414
428 1524
56 31190
205 3882
898 798
757 61981
677 74164
480 49998
879 2364
735 64380
840 17098
761 49433
707 14769
532 46972
853 52823
630 15001
221 46103
746 23351
215 75318
659 89658
239 53102
200 6798
471 86899
477 20786
451 92644
648 30468
388 95190
258 9033
627 26674
742 81965
144 54246
673 84482
696 70087
321 31306
1 82897
752 67041
52 89195
282 75136
179 2730
784 43065
300 75243
754 96474
340 96388
7 25352
718 37311
847 70187
650 8374
413 10612
689 65708
893 36070
164 72348
594 62909
272 79842
761 64157
56 80506
95 28860
165 10412
627 79812
812 15697
429 10859
78 97390
749 28952
36 69448
669 10126
436 3146
182 95389
842 20784
843 86918
152 33520
783 7632
802 99797
207 8006
664 30275
233 97430
501 18724
926 24016
669 40362
573 87951
188 9671
529 44175
524 75581
488 87121
94 71859
379 18229
2 62243
154 28444
528 26038
502 17324
151 87687
123 93949
656 53577
749 58113
138 71506
647 90714
231 55170
476 50045
227 11413
669 4214
800 89629
752 18872
81 92136
3 76564
338 10268
66 89146
225 71453
886 79215
341 91024
345 63051
42 58508
889 21086
768 45126
612 49052
8 51586
526 48561
267 21823
853 97584
156 2364
670 46969
729 70137
327 6759
766 8984
63 32985
620 90701
109 53754
212 83949
9 4689
2 50356
383 60255
860 25622
673 29087
316 92974
105 81708
352 54018
365 47185
112 66931
564 91465
505 52577
757 43670
338 96349
810 36496
593 63305
254 88326
461 47599
310 79656
231 50188
519 47915
819 68312
363 91572
919 32006
470 828
617 75490
918 36029
783 19681
731 46944
158 90853
398 59223
454 36312
899 43041
35 86691
74 53465
728 42837
233 10492
527 3287
596 82756
422 15930
58 87862
678 11588
160 34625
235 57042
55 59459
135 35119
847 58535
47 62257
473 20687
397 83271
171 58320
484 78539
170 2862
877 99074
312 77629
13 73451
884 50567
561 90345
437 31081
213 46766
298 66769
656 44861
177 3733
195 27892
4 37540
111 81674
660 23653
89 76607
261 12009
311 78978
330 1926
230 28716
574 96354
308 51880
692 99284
598 88198
908 8212
60 63141
489 44725
438 3159
725 3614
148 92522
569 84772
170 73493
362 71891
462 22838
352 66899
825 74702
129 68241
555 20504
637 98231
845 30579
618 41920
720 5243
286 40804
179 57970
786 75664
576 16532
665 75633
60 6752
170 80863
94 46215
655 77392
635 44447
268 5812
450 66365
921 32583
390 2849
248 4558
647 5363
79 64224
65 87660
106 67583
194 97959
445 20038
318 74414
844 93551
81 5972
506 58877
349 81177
806 17547
195 76013
374 41768
335 29506
762 11551
197 21836
820 43722
920 22395
770 53143
844 83170
228 68994
872 30105
834 1657
736 82211
800 29802
39 82548
234 40992
143 29470
204 23516
624 90243
24 89897
801 17870
238 56195
176 57575
490 28397
277 6068
284 6616
301 5890
591 47530
220 39463
389 13131
426 46308
221 58577
339 65377
498 84809
577 6581
210 55971
87 19980
244 73773
780 69306
300 40978
824 66015
43 25364
178 50205
176 79947
320 42678
1 23610
794 9543
765 10430
612 78486
193 92144
553 37931
217 28240
6 38989
185 59475
647 30871
860 80355
603 63857
126 9168
198 99685
56 45359
545 74473
479 27066
507 25419
925 90180
31 99432
515 61402
455 38064
308 89372
247 24351
331 80317
215 24381
787 77267
537 88230
793 42366
226 16582
92 16591
317 32914
338 39377
625 3466
120 19490
428 40633
594 88055
909 83819
23 12284
833 56043
814 63220
515 63978
686 61984
78 14416
852 4151
906 57884
246 6082
540 58566
647 76941
299 22849
55 87660
667 43939
156 4213
369 23036
804 67834
101 76489
755 80464
405 46872
377 72014
59 62770
804 27800
592 52288
869 10389
626 28875
503 5690
578 28875
360 77594
903 35778
199 68289
31 69239
500 46460
849 23574
75 43824
641 97344
505 53175
643 11721
526 96013
230 16480
586 60795
1 9266
334 76040
305 95492
61 36824
259 10026
575 20206
928 35096
236 62308
512 22913
498 91415
460 73163
395 48642
264 47925
647 97383
69 2033
293 15530
159 56706
701 52450
256 193
81 6338
270 30331
876 84923
301 89066
119 48756
263 36543
5 78116
420 50690
603 97016
481 32437
341 1592
561 1145
75 58510
796 1364
630 22055
872 33259
265 10880
455 24808
174 76635
13 46090
72 18162
682 21224
430 56202
70 25381
41 85770
556 7798
878 86869
667 63459
906 50025
178 42696
668 44790
528 60180
603 4665
447 95182
664 97945
577 81576
133 56552
693 34515
73 52378
622 8718
12 7801
28 28662
602 60940
74 37950
86 33932
464 53055
860 75957
487 62871
638 98440
716 72094
21 22552
624 91169
506 86743
702 46743
226 77335
749 45671
708 71630
86 84900
523 20601
213 42663
162 69219
310 66212
448 76013
54 40285
730 52793
570 11395
181 64558
221 14341
855 98293
688 53031
709 34744
896 6704
490 82450
155 20923
644 98139
90 70768
656 82739
126 32674
480 74029
84 1173
633 7528
188 86989
640 18944
457 23164
274 7130
468 45671
628 18062
381 70460
696 5508
339 33606
540 33659
277 11190
532 6805
786 4404
326 17209
683 67805
314 3770
279 44222
597 42613
41 90263
441 41247
328 5535
618 59551
429 48908
193 6755
84 77900
88 69891
102 28110
177 26508
355 24862
403 67637
603 15013
279 92641
354 1066
659 90035
35 73307
12 97417
745 40985
527 6517
2 87684
471 1276
771 8563
113 36959
289 98898
931 73019
774 62900
539 35672
860 97696
751 62934
509 13789
470 44580
8 80107
788 86765
610 15149
607 5846
453 55087
895 47744
411 52951
461 38835
536 10304
930 92679
737 9648
147 31972
699 91325
34 77987
665 67568
741 9392
738 23664
358 52779
99 83509
176 81589
463 46112
149 32159
677 47271
385 19279
225 68527
79 47270
604 61603
651 77496
262 39679
396 71900
118 38092
409 14297
571 34910
31 8240
582 47320
545 57547
453 70712
855 12504
895 36493
290 97927
750 80458
195 99867
524 53700
516 43950
265 35011
159 42224
183 15064
573 19548
516 76123
323 95743
49 81838
361 9113
460 94662
301 7051
91 5046
410 64723
597 48891
144 23306
103 45584
300 86509
639 83819
542 81411
511 72286
776 86245
716 4883
175 25219
886 32073
541 8316
163 30702
116 53127
212 62696
210 8594
18 43136
708 61624
552 24647
112 26324
122 3827
910 41920
134 25789
184 23433
235 66201
384 42154
715 20427
692 32272
695 48286
804 38968
19 46300
536 9148
899 63445
63 1299
540 84355
439 15582
386 36609
514 91082
322 49943
102 25504
651 87603
390 94452
441 37318
350 39800
359 38432
767 40437
897 4871
431 70247
227 66535
381 48543
513 29470
222 56196
470 61039
298 81070
911 77749
164 50203
519 43741
391 66918
327 22887
515 53725
298 1918
499 52006
172 39634
657 2044
369 75254
48 4519
835 51968
147 46141
317 15028
97 83368
830 36094
443 72253
887 76020
144 70552
387 68608
720 6559
452 24940
775 71192
100 87413
128 94269
141 23001
663 35994
898 78559
405 21639
622 9320
279 18392
246 20528
700 1338
694 19845
91 3562
408 64514
320 60717
179 65418
117 6131
183 39807
91 26265
817 39423
644 77142
581 47970
315 13964
532 54166
597 11122
91 34677
285 27193
912 10987
381 49997
11 39705
575 99283
26 69245
561 59197
464 78469
706 89085
133 19547
711 38651
889 53471
827 76605
1 32923
833 99994
262 57173
860 1592
297 71626
807 1126
390 93181
235 10217
379 13427
452 9937
900 83860
535 39005
194 14018
198 67426
655 28961
814 11758
684 46586
76 32167
568 51891
321 12267
745 93426
804 35478
499 32773
914 63051
48 6453
664 93231
737 57629
111 6979
647 72116
616 33436
572 13351
320 98011
912 49345
504 76788
755 35988
641 53910
288 48948
595 51888
566 18661
460 16054
828 99463
148 70385
288 67433
416 56432
170 85647
769 14390
90 33869
266 38374
922 74719
58 9996
216 24350
717 5647
270 77098
30 48644
59 83275
29 12114
636 96873
151 78112
49 87602
422 88867
668 28562
288 78213
574 90047
340 62121
714 16534
314 70318
215 89273
161 62879
752 95994
140 35528
559 88456
830 33018
115 47828
251 55171
762 90094
609 55400
374 70377
279 11891
446 80889
230 5581
583 62871
776 64806
27 90665
272 72032
805 84617
501 32327
238 5494
262 31691
709 81065
833 91590
231 63667
154 34614
467 49326
462 81382
3 92691
609 76580
533 80741
707 60790
418 27371
168 82506
813 45291
359 57105
144 56939
607 9156
915 28180
270 71864
281 96081
19 55099
180 57417
104 62901
716 68149
333 45496
103 14461
465 82116
260 40721
764 53542
58 56345
539 60513
322 2060
833 94396
688 35169
276 24888
9 3776
8 11086
441 84299
60 4205
412 74882
195 56473
363 97762
702 74326
749 94629
433 53701
671 83439
498 35030
78 94797
480 6714
692 52556
192 95241
74 69985
771 6516
79 98523
263 18691
710 87615
179 9276
345 91889
370 31459
657 50344
585 86934
607 45472
80 1449
473 54386
411 39913
136 77975
549 54030
219 8971
754 96965
719 25764
855 60354
438 3108
323 4016
86 76196
523 85281
658 1636
6 63575
890 66069
97 89929
491 4603
804 65750
736 71653
8 21291
271 36206
766 71547
232 35963
745 79326
829 87083
173 26434
678 82743
452 9148
849 91186
373 27043
771 76047
256 18688
343 52205
303 12606
822 2549
903 84547
664 9550
24 38576
396 61535
786 68398
919 36855
802 70655
820 87681
910 99942
580 95256
833 73586
628 11577
166 17562
513 87175
778 30043
54 29875
182 3066
28 70461
782 35972
799 19792
580 51598
23 15123
544 18543
605 16512
126 72698
409 61137
258 21808
341 62751
921 32851
93 40528
175 57655
135 54111
339 98100
272 23887
732 34727
520 42209
328 33169
917 28622
41 7274
678 56633
272 59596
868 7879
798 58075
608 22640
240 81236
200 24706
491 53198
128 16284
153 26142
25 54528
448 11192
85 47683
305 39735
69 60334
677 52995
635 23857
561 26179
65 52875
221 41278
615 94982
403 72636
93 56504
4 90585
670 63966
234 6141
406 85193
533 5714
282 55360
135 8810
233 51954
871 50834
373 86088
90 24119
349 80030
425 17130
431 85067
293 47334
552 43732
922 79510
440 63640
60 21565
517 50054
902 34413
193 2514
875 67533
450 67381
185 71518
339 17813
146 67093
651 38395
357 91440
389 50989
824 83937
902 13264
637 38879
818 84242
188 99174
69 65541
687 67955
463 44930
897 41176
663 61060
722 94662
172 48508
750 84059
277 26108
776 88961
847 45486
14 18289
612 744
377 41411
134 47670
864 34540
449 94712
104 22230
507 2666
68 42421
622 70600
789 48563
539 25289
280 75169
305 22714
587 24236
462 75220
34 47662
287 35794
709 72575
76 79186
299 66594
303 45187
852 23159
464 36821
184 95507
476 77236
315 12638
350 44603
559 12073
840 77279
932 87336
724 96420
203 34401
169 42432
909 95651
701 50504
756 54306
685 42152
36 60864
487 23407
42 29945
681 88252
637 84285
683 45160
595 59509
723 53837
726 80641
273 1793
815 43200
423 23609
919 96263
143 34863
721 73465
370 51636
107 26108
914 4565
136 66224
321 62269
655 27788
429 17299
481 10244
244 7482
183 275
642 82425
211 52137
17 75726
709 6359
568 94933
189 62369
365 16136
843 94887
284 88801
339 56323
653 22894
353 82533
818 52657
778 58621
927 186
114 3451
714 24836
103 28716
822 46432
430 20343
359 54241
216 13521
526 6065
541 7985
603 53646
38 42768
636 60043
242 61957
804 86841
144 51565
515 19628
127 15799
812 85582
865 34207
610 51173
782 59873
59 87744
352 14440
361 16505
542 4820
918 20903
699 14975
714 21366
392 66232
896 17022
6 31265
65 3326
207 93825
725 56119
241 37254
665 56094
912 13040
94 48786
469 35214
257 88740
771 48034
518 10391
19 26398
226 51017
74 87913
833 12956
551 1010
254 82472
729 90315
765 35501
730 98212
170 26972
836 97550
378 16632
826 88805
463 72246
79 75617
81 9446
422 55128
559 55838
781 46773
44 32925
767 29944
573 14386
80 308
436 31553
490 28070
165 96220
231 3822
126 4289
721 28442
192 73945
826 72850
870 15604
549 85260
431 81644
561 4635
35 67628
870 74186
767 22220
188 6552
772 60710
214 1323
126 62598
700 77404
19 80430
452 54352
557 9440
261 50536
329 64743
172 20242
872 21301
91 99798
780 75695
191 75499
659 8430
740 17742
302 54716
785 78118
47 62518
821 48708
488 81648
104 13145
619 69645
654 97186
702 41835
451 21888
582 33714
629 12847
26 48649
171 5199
387 64106
605 79811
526 16784
919 91399
529 60380
399 63271
610 67327
377 70844
384 67724
635 16676
590 21784
590 11793
781 56686
686 51177
409 14614
218 47595
460 38217
642 77928
559 29304
29 69318
333 59660
793 24641
510 38696
713 75710
474 52146
880 98700
873 50942
30 96043
141 58694
75 86543
572 10967
651 77319
34 78788
719 2111
786 1396
21 66284
481 53587
608 12814
15 56456
52 21036
845 44861
665 96862
272 95006
683 10024
446 7885
232 41546
203 13115
179 17501
280 46177
875 54286
722 56175
654 28256
629 75191
190 21463
504 54433
908 57889
845 28942
230 57773
818 43102
212 57733
741 13722
875 50328
873 94789
223 5910
249 57121
613 61798
54 95597
160 1230
430 4561
50 48967
337 4686
590 98149
100 70621
684 8864
55 2152
379 5700
51 46659
484 3837
772 53747
184 82029
868 13573
199 35262
165 43594
863 15617
534 22334
695 40452
527 61342
265 84206
606 17852
552 30458
911 7370
286 9430
552 61025
435 39095
883 41356
504 16179
887 10667
669 43877
10 26630
484 25343
651 26077
736 81847
81 28211
308 30773
84 52397
925 38079
356 25591
922 48210
156 27683
745 8411
497 88095
42 11412
64 89758
521 53874
565 54327
413 17140
827 52060
847 7225
710 2308
190 70068
91 28906
430 47223
581 95758
164 42251
490 95365
65 17561
887 75661
543 90172
94 84028
109 46228
411 98353
848 4266
918 88145
318 8671
742 31003
210 37144
67 70233
931 99529
299 77049
495 78478
317 80429
355 24310
448 66696
17 62669
72 59334
10 43827
181 27582
891 53148
713 136
385 15092
522 99275
465 53464
132 21711
325 75647
436 80666
511 49257
753 30491
234 34849
90 30487
432 23896
879 68129
841 60979
427 34601
443 4552
817 49126
357 61312
428 52838
802 78050
319 14097
883 37722
680 19420
636 92364
153 25309
368 63569
703 35156
777 84686
669 18891
127 69916
522 45495
342 33910
732 26918
845 12254
130 90884
926 99540
602 27744
709 50697
929 19035
811 31818
928 54512
259 92317
35 93272
764 23122
123 11468
227 94632
634 63217
241 10432
60 87948
498 12265
800 11977
899 19226
747 47257
148 4911
296 59474
38 16696
479 30763
258 88536
162 75706
540 42247
29 2112
398 22070
404 19836
347 14466
439 1415
794 97307
55 11710
502 60925
33 25036
732 35446
69 80594
182 28848
335 314
164 12102
68 76928
115 70164
91 36071
902 80998
414 46244
432 41344
556 67043
425 19819
100 38032
158 68881
212 50874
33 59606
476 38724
722 98998
328 49633
928 7613
905 9432
811 56359
161 37374
438 18327
316 99201
43 19951
379 29703
55 63002
536 64702
270 24708
223 62927
673 25767
403 36306
124 63653
34 2037
312 95878
57 73543
351 3905
68 70233
833 90933
308 50217
218 74699
88 1522
63 39851
719 1556
157 66570
166 65803
870 64584
558 57052
714 8232
125 46245
6 466
426 89183
775 10150
605 6022
516 3227
562 26085
683 74580
234 64294
751 85625
618 11030
384 86062
92 72456
259 2042
510 61200
122 92266
406 56547
921 96505
349 57137
26 17412
616 60401
1 28236
362 32746
98 58567
526 2454
271 58767
886 77694
676 19465
911 31033
562 17275
291 69161
644 37550
408 65994
204 60285
223 59914
888 32370
48 90214
555 17898
892 11118
146 33958
344 63593
17 83641
562 1043
331 2050
445 47203
592 14079
524 74863
585 91795
685 67070
258 77449
410 52986
516 16615
144 46148
782 51091
13 72539
874 11319
42 97435
97 75926
279 52720
746 92769
732 56327
787 93067
731 53959
101 19864
904 33530
175 83078
747 52239
746 73036
546 97089
152 48190
886 16995
53 86956
73 43388
183 87727
812 45531
755 99630
640 99153
659 63302
74 29713
832 55055
762 62339
386 38162
60 80058
532 33779
695 10235
905 81750
73 53120
353 98080
184 92972
178 33944
736 88053
685 664
153 12530
543 33148
509 33559
715 79065
214 47255
132 54583
475 74483
8 8418
501 15008
76 1347
850 9604
815 44251
583 66478
415 9197
112 11838
572 44117
683 38802
530 94459
47 80155
434 67174
461 11332
368 92576
118 3338
605 1482
438 83606
105 92108
846 44596
156 31385
243 11190
894 27606
271 62667
823 87428
255 98448
635 8885
69 66895
895 84743
194 83161
459 41372
915 13030
416 76470
121 68213
855 69473
183 39839
489 77117
124 46895
385 15702
715 22411
398 30157
86 98870
674 73535
660 16454
641 79042
9 67544
274 68304
701 46757
359 20489
701 75568
280 71277
375 48395
32 37696
893 34884
403 89426
781 86167
724 54239
732 18835
373 84455
769 27743
494 51137
238 83077
178 98573
815 16273
622 12798
422 74035
827 99616
110 24067
720 46408
225 39790
878 42552
642 99860
217 855
525 90300
547 76821
75 94452
407 32557
336 74161
169 41877
142 27240
194 1685
639 19268
850 40511
930 16451
166 45524
432 78160
583 46814
236 65794
7 2608
685 65994
870 56636
428 89841
658 77536
35 32603
614 63332
773 91482
373 77412
925 59535
889 39484
552 69726
635 81527
520 91641
354 46546
834 59122
864 52529
67 67
236 55565
447 16109
28 40739
56 86663
638 14035
762 62892
846 40696
428 35876
784 40071
530 91631
16 93745
570 64251
163 93941
686 8636
297 33675
58 47610
107 8603
151 77134
184 13289
199 51415
88 78684
351 12808
590 22344
503 90134
81 60383
538 64662
53 30758
37 89337
562 87008
220 9316
410 16947
852 11652
768 65402
917 40197
326 80640
712 80682
487 21828
437 66010
297 43558
920 75225
806 99778
721 52260
362 1943
525 23308
471 24091
524 84700
123 52414
301 73234
720 66766
69 14449
931 5438
740 9623
414 19590
119 39161
123 69214
537 79370
684 38651
849 67281
618 69936
513 23813
540 96892
500 10753
171 12830
293 75234
758 51125
774 9771
256 47719
659 7451
815 68714
193 63504
837 95565
726 95541
526 92
456 29166
461 44781
672 16691
632 98072
299 87265
138 67272
94 47895
782 87225
475 48069
169 26703
643 51596
326 30643
116 61866
474 31000
513 91714
657 79451
894 39011
487 73655
760 18174
148 69142
761 12337
96 35282
390 46068
222 98925
725 44755
184 22328
627 18215
212 1884
273 55122
720 33279
214 634
189 25848
49 90572
205 68136
813 96370
565 31457
312 86504
350 52446
843 69426
238 92403
79 37969
855 56900
227 61856
831 19020
366 55723
217 79197
587 32870
358 60131
766 16305
92 9457
915 45668
327 55181
127 1587
785 34971
630 9067
520 7564
811 32216
723 73524
423 47748
67 98578
226 58506
834 93898
403 43944
784 62191
244 8031
49 58655
311 81141
229 81161
455 79178
425 43203
551 14879
351 77591
279 54241
844 93430
718 25018
106 95425
389 59760
784 52917
796 17111
358 23854
922 8217
68 88414
136 91736
919 37854
766 84608
260 67920
146 71128
928 28711
480 24682
44 5230
308 84631
491 57654
737 48834
914 89822
99 66049
69 58908
772 46062
747 63836
109 51861
252 12311
23 40197
699 98352
645 862
906 50279
903 66947
480 91008
195 143
202 14237
786 58256
460 33825
73 98367
629 98383
806 20223
810 76326
372 88904
923 16766
218 89116
19 50959
412 19098
784 91879
780 23944
25 98925
147 78178
641 43576
850 32316
371 13414
801 95518
149 87431
927 15285
807 21983
537 31521
635 21285
265 13498
68 43202
631 8218
570 65268
610 57221
620 1802
539 37818
57 84224
575 58069
738 14254
202 96012
501 64197
63 43855
430 17621
677 23143
507 11996
667 60114
487 8154
921 14461
90 73581
684 96041
334 63657
9 98974
394 28790
142 76465
94 88697
206 62333
389 19114
322 44856
420 3733
554 11524
283 68952
647 3960
328 36987
893 19602
823 20581
644 60044
632 8797
802 64377
736 98737
932 97619
121 56265
486 52869
485 4607
885 27186
365 27686
126 56504
361 72323
687 3609
183 87575
742 2433
354 77916
237 53763
384 26013
614 30765
657 35427
776 98411
905 768
906 80840
324 60764
269 4304
725 54290
289 48560
101 28836
251 34603
496 35989
592 65553
891 81051
424 20991
575 46439
515 74181
103 22386
218 849
347 27584
308 88944
100 44855
105 15925
708 68323
597 81215
759 37307
494 193
63 4500
315 88905
780 69099
870 23057
160 86191
348 1265
864 30140
97 99325
574 62100
500 39033
759 21752
326 41914
101 72188
865 37866
345 67695
247 5436
730 77371
539 28346
265 93131
569 11641
734 17696
375 14354
39 73234
110 35132
235 97501
233 41684
514 18712
637 34528
115 81258
330 82586
10 11425
924 34927
627 70386
427 63814
446 34095
800 36750
737 46427
271 34081
400 13519
145 38331
777 10081
769 29531
915 10486
112 86612
814 54827
705 88429
425 60060
479 35202
625 84636
580 52492
363 124
26 8625
545 19816
348 92839
470 17155
691 64510
393 5790
273 88461
835 4553
244 41270
192 7613
508 23123
490 60348
121 92944
259 70500
185 95434
664 67563
365 84343
24 59036
174 26199
582 81952
149 85892
676 57075
901 81143
569 32905
415 46351
797 23295
557 17710
532 54175
620 68532
428 58860
290 14130
928 56413
209 98710
555 68371
401 4587
647 65908
532 28058
682 56679
229 66747
125 9538
224 23154
697 93807
850 96259
293 90295
312 79922
644 51944
359 72249
682 24515
927 19951
85 90766
694 68093
149 8323
520 21463
909 79422
847 89610
127 59283
18 19278
325 91494
590 68097
635 31851
644 54683
642 58132
629 273
401 3177
691 24446
713 87800
789 9994
288 79178
579 15005
601 84352
364 93141
345 62065
517 88552
289 66719
325 10108
654 80865
260 25773
195 51163
745 44434
530 40929
612 54780
809 69784
627 18439
324 63660
127 29944
668 37824
305 44903
88 9326
281 34184
164 36293
482 85690
508 88619
750 16738
809 44706
169 64372
261 18877
138 86518
130 21914
441 20707
693 10882
745 46859
303 80051
904 1931
400 65179
672 95096
562 58780
40 75506
148 49857
324 38597
14 35867
539 23224
542 58609
10 69277
195 77628
833 63689
789 53874
656 18676
625 19962
683 84125
266 22846
485 64683
172 80850
527 57384
88 57228
420 23312
561 11573
123 99720
64 309
792 79327
841 94524
701 53382
252 68906
57 43640
126 92656
333 53711
363 16557
504 79981
107 47780
871 87802
111 35156
263 22989
175 18828
889 84302
160 56706
43 95595
385 20658
399 52029
820 10876
774 16865
319 85726
480 22270
239 23043
150 12021
500 68594
120 16919
568 20585
626 85818
483 4253
641 42592
463 31002
889 23209
827 49357
709 68497
484 48034
726 7084
439 462
382 76393
539 15320
51 6689
359 74435
644 23819
759 13558
732 81990
331 36951
736 183
839 39816
78 57485
735 18592
399 37389
275 83093
482 76562
692 87122
712 76463
192 20302
823 42578
717 73732
792 70133
866 2779
742 42929
684 66419
219 54991
603 81922
325 71980
395 47090
507 37809
900 41771
218 18587
50 60500
129 87169
545 91594
704 59429
874 23436
291 50242
144 53347
72 46324
836 55225
909 76119
13 58446
284 16167
334 13385
201 57657
711 88726
845 86734
784 71395
282 27114
566 73124
634 79695
849 21761
39 79960
761 31238
863 88932
59 9612
720 26725
612 39618
881 35188
472 67531
808 5843
252 75103
103 98540
251 56891
161 40631
890 34940
74 86623
312 54693
719 85745
283 64299
654 91437
307 7684
123 33114
722 84197
412 64129
671 45878
695 22546
871 62852
519 63226
503 10682
375 97485
99 82983
866 48947
98 22109
91 52369
128 5868
874 59892
332 81910
281 97670
744 66364
767 97698
507 89180
465 74186
476 69568
112 35355
912 59935
154 3744
537 89308
106 23524
284 42596
683 30601
901 5727
481 16534
784 32184
287 24590
796 79186
536 5152
170 34598
108 64999
841 15539
167 16672
569 34498
463 78995
577 44115
227 61331
141 5748
468 55308
545 39532
373 96838
523 71979
74 45928
385 79589
329 40426
845 97165
229 29140
267 78084
354 90557
423 92860
356 68517
329 32439
826 74502
307 79383
888 1454
27 83629
271 43524
315 19787
140 59337
374 54817
186 22117
319 37692
125 19650
594 28767
720 64549
861 20245
564 50828
436 94202
103 73020
713 3999
185 34350
263 37148
841 88229
773 12920
742 25679
705 48260
25 84941
326 73454
865 81197
396 44158
287 53847
867 41994
181 68520
76 35800
825 4589
159 70505
131 45098
852 98051
67 55540
682 44470
894 3055
420 10954
467 7115
128 24950
679 72727
261 32393
667 21317
854 13176
491 75878
546 93136
104 99202
560 23095
20 94575
39 11681
846 559
383 53389
33 84395
251 133
10 58248
910 99282
115 21331
862 59407
147 52665
230 25729
225 88629
606 69230
555 23607
74 50947
682 71092
750 80916
718 79933
822 66149
539 89426
751 93301
692 56588
173 71899
673 63231
312 82138
825 9130
290 93918
642 88218
196 40057
789 1471
922 77475
544 74076
541 80839
391 97056
311 35539
668 79020
502 14330
410 2297
118 25963
575 85640
30 44031
684 32612
83 24066
370 72828
514 10777
404 29097
468 18196
514 21071
508 28008
95 32404
92 7417
126 7268
703 92979
498 48681
616 86977
324 68576
65 73239
321 92166
161 46325
157 39954
769 40494
849 78776
368 28446
612 68293
477 89120
875 29307
654 55565
22 97569
86 1638
692 57447
130 93115
286 7728
814 80762
725 20650
598 39807
443 97046
222 47844
668 5870
592 5850
269 51580
884 26554
763 9791
554 49686
263 10625
659 10561
667 52368
95 67867
556 95213
16 42983
20 6402
6 59843
329 1293
792 56077
450 76330
646 26159
197 37129
718 77768
836 30445
474 67407
771 23656
586 77465
904 14103
787 1749
856 93394
178 50669
358 20468
67 6468
446 40790
897 24464
319 77306
49 12311
926 31259
57 85644
127 51703
172 1158
726 34041
505 88075
312 99426
840 54467
455 90576
442 46918
436 58759
881 77222
44 33292
263 18444
828 45025
468 97797
65 53731
835 52748
511 74977
378 83763
481 59707
56 46919
740 38016
406 69214
348 22994
225 88020
224 84060
301 79589
156 83581
30 71173
908 77043
613 60480
432 73087
495 18285
99 64144
663 62045
488 54454
394 20848
482 33119
181 12864
848 80791
414 65721
259 18411
728 72616
818 13497
626 67638
113 93731
384 45206
238 82216
218 9962
335 70681
224 52401
79 81231
74 91752
516 26103
505 63618
464 8391
186 61030
665 31893
270 49400
10 6716
108 92298
779 3598
138 58937
181 29970
459 58179
755 23636
614 73370
827 85012
20 65359
148 38357
922 9860
463 33848
104 22784
334 775
779 96113
873 32783
574 32652
286 47063
7 54965
553 96062
930 66368
140 11400
387 16170
878 58314
35 37859
800 18351
330 49234
800 37815
650 52543
833 10564
575 93626
563 27423
211 32120
891 90039
753 73747
561 30020
632 63725
447 79847
810 89757
788 40960
276 31256
171 51112
747 46986
740 67581
172 72435
715 40885
715 37369
34 42438
3 69264
666 21986
451 74837
554 62726
95 54908
527 77061
410 63244
322 70114
263 57720
157 91782
774 92874
172 38456
156 22774
65 95228
251 93407
699 4599
86 72947
435 37984
140 32704
190 48039
309 12593
772 58697
414 83775
220 87987
610 90474
829 68488
497 10837
870 81911
694 98742
102 17398
626 5995
833 40189
721 48470
787 47281
193 43794
427 96227
372 25183
312 27514
855 377
195 31877
195 24001
871 42901
835 71082
167 58278
663 11752
448 29102
839 63125
205 79229
344 28939
915 64198
129 44852
229 93812
103 71108
218 53657
212 41391
189 91549
643 66161
49 58214
417 23139
845 71872
343 48498
306 53833
602 70202
508 36537
456 60753
50 9956
212 7826
660 44284
903 85791
666 18729
787 28498
237 65922
799 87697
801 6874
102 87586
892 48935
421 62771
434 21654
546 16004
188 7336
247 99640
807 19307
190 94896
882 36063
477 68225
882 96893
498 93604
798 56597
217 89889
599 38673
558 62225
736 66133
114 51837
861 67226
138 32282
305 65674
728 24738
731 81065
59 61024
74 38688
452 7123
338 40925
648 93451
808 28283
552 40141
847 86917
631 48582
71 79293
911 61437
728 47686
912 67817
14 40663
402 29309
37 7993
850 40521
523 16423
281 6361
319 12011
586 37890
447 17105
712 71389
774 34429
112 23319
277 1258
308 89610
575 93060
352 68467
504 71292
448 54823
510 54055
118 98070
677 41500
231 17802
537 81723
281 75769
751 80973
882 45694
864 71688
372 72014
714 45826
379 66525
439 7524
43 94617
459 67365
31 6515
884 54636
396 28315
842 78078
383 83005
358 67647
261 35734
709 51246
700 64095
745 17336
929 74960
701 18742
370 55139
431 29368
689 51322
191 91324
774 44479
633 28147
360 7192
724 79898
756 65605
334 56398
848 28885
285 1730
731 50652
72 63169
542 72268
351 27311
276 38625
19 31276
175 64878
89 39640
542 95915
15 65986
259 98627
685 2491
920 30293
248 58674
118 68873
234 23095
506 61650
737 43337
119 61905
425 15435
832 8387
919 65771
665 19608
650 16691
779 53958
204 3208
774 47715
383 78604
801 48506
173 1090
264 69919
316 10408
674 31649
892 73142
213 35393
420 72933
708 18711
595 1499
389 63741
185 14483
802 38195
478 40013
632 63330
844 23061
586 68912
172 13499
504 35630
577 70037
442 5245
309 18249
91 59537
128 34756
88 1230
858 52592
381 5932
315 78285
564 12735
133 24644
296 44069
87 83914
698 56626
35 42470
297 5749
158 78896
785 71390
284 42517
434 8359
926 89660
708 17567
888 86909
781 5918
359 49107
18 51540
512 54638
212 14157
222 81817
813 52916
193 54017
502 71930
448 57808
223 54009
483 29347
471 32700
688 84891
709 53455
66 68192
112 78566
638 34175
679 29617
129 72991
311 45400
815 79330
501 40798
840 41597
745 58452
411 28164
75 55239
564 93863
626 12155
525 21703
502 4258
748 8330
514 10618
99 24688
224 83071
24 49003
261 89674
618 52179
459 66926
334 30832
38 8548
163 82782
129 94257
874 53632
774 50052
655 87163
304 71616
282 80024
645 17746
182 16896
529 13304
872 96246
155 73604
248 80517
404 38103
80 79565
488 37444
735 31822
535 39360
577 85440
868 44308
121 98383
912 24645
124 68600
548 67116
193 78639
36 76849
741 59784
784 45842
244 29543
414 54005
442 71536
853 44125
802 18870
209 49242
120 56137
334 65742
720 5554
90 71188
695 49688
529 12360
331 98027
801 49697
932 34520
580 82056
516 15928
32 40523
927 60497
172 75319
224 18674
719 57465
468 85790
396 40431
747 45793
827 61683
653 61303
301 29666
417 86439
268 45805
308 35934
629 7372
140 40574
381 90347
928 63888
274 61748
868 59741
765 57102
149 43622
100 78565
228 90860
406 30088
274 3172
849 51197
510 15256
32 58260
652 94631
540 29980
598 1168
847 43484
109 10912
720 66048
97 21889
30 47707
280 98130
913 84583
157 65411
155 86980
696 57383
97 67472
341 37539
401 77692
773 63301
475 52569
324 55417
322 91859
186 80073
384 66462
859 24794
827 64148
334 45262
692 85602
185 58696
42 35028
369 38924
789 18839
751 74232
292 87188
910 78302
340 82205
124 18994
9 31939
202 51480
187 4257
62 9265
448 82475
290 51798
351 10674
180 31570
712 73755
121 39934
218 92934
236 28972
772 32996
780 20637
219 4998
876 31007
479 70655
377 27525
324 44874
429 6743
594 12044
90 4518
584 34160
377 75346
889 83083
505 20631
679 96226
190 67843
122 23040
104 99680
697 38363
110 16613
827 25226
918 47092
899 29743
30 80896
765 19967
620 86617
489 83124
498 2906
382 57880
640 31098
842 16158
372 21666
630 86390
188 78128
900 40827
91 41326
689 32476
543 93968
311 63473
79 77206
328 44776
687 90977
71 33266
39 17852
121 9558
531 63053
113 13938
548 91477
98 381
657 98976
245 95614
556 93667
8 32272
560 50007
588 19723
918 98421
37 32989
64 74696
672 2418
21 82839
777 98216
7 10658
742 61731
117 43217
809 18414
860 36718
468 66215
235 75195
483 14576
521 37752
210 96956
865 79606
70 83339
506 61612
332 61033
200 12685
311 78469
12 76845
567 25667
139 14299
38 28676
195 56840
603 59875
481 46212
60 33936
661 33175
301 49734
845 82571
490 98477
673 1250
405 62708
695 79963
305 94686
35 31383
327 75348
94 1425
484 70560
520 13081
257 94199
279 98784
529 92550
38 77776
372 66100
223 78308
424 37567
774 40203
315 39276
184 54542
234 10876
403 93688
764 180
927 75044
541 15010
837 56351
12 9733
207 9254
113 88066
253 15142
213 2204
377 92403
423 15044
807 12565
928 36928
151 41526
382 36279
551 30012
511 83660
859 2770
526 87106
125 46141
50 30219
602 87912
148 89834
772 30924
16 1031
364 16232
896 64389
415 11094
563 6820
169 44470
512 30894
21 94381
635 88863
464 45446
218 62050
770 52437
255 83443
191 46576
579 67048
596 11121
264 34788
30 93396
697 4911
424 77471
752 31388
819 95859
71 44448
922 96386
767 96983
732 27046
232 72668
793 77463
13 21182
752 20021
354 9141
674 52300
240 8412
464 11676
5 62255
761 96453
433 60772
833 20479
669 54514
248 38332
110 79398
363 69173
86 91486
319 70379
478 73744
856 95896
230 65010
833 1271
520 71248
929 17507
206 8339
108 38132
37 95923
857 51917
838 18638
918 96455
44 9813
31 71811
12 63230
313 95262
409 66361
736 80785
640 11043
277 2138
880 20994
211 27160
377 51526
504 71146
600 41419
387 44007
259 12269
340 80957
746 38402
181 56832
817 48832
508 93119
303 92590
96 64767
97 27052
66 68997
361 28583
335 119
370 79911
329 19602
576 4224
874 97139
593 80804
40 51282
437 81597
94 55360
606 13542
636 12594
332 12969
294 14495
159 79093
798 28110
263 91568
508 26338
684 24550
323 9243
440 3405
518 75708
350 72494
334 81718
320 50886
490 70793
732 89411
112 69867
494 69581
48 36477
179 62688
639 23257
325 83769
505 61692
489 73636
400 95821
80 57208
553 65633
170 96752
579 93633
843 26045
125 63246
295 832
18 22966
493 97101
289 24986
690 91445
215 78036
183 23732
900 27409
742 45184
125 53750
549 32040
237 88953
119 92041
761 63602
887 90988
859 48301
373 77750
701 69196
195 40324
723 31179
201 42412
259 10038
298 81492
448 86238
433 59154
556 37462
41 63060
18 12242
552 29564
496 24772
256 306
172 54383
766 67452
31 72426
15 43599
377 82136
20 15551
904 62417
474 10468
221 11063
471 80445
174 73499
613 16765
306 21311
15 57468
104 73615
3 30294
874 49029
804 50159
923 28445
625 39408
647 30564
460 42349
927 53971
731 58850
900 52580
477 20123
112 75597
185 62077
302 50709
669 90097
11 26912
355 58562
143 41286
777 5470
20 78339
120 58997
77 35677
461 69169
723 54879
64 48627
670 61523
409 3989
612 4794
23 43326
680 93312
553 28980
738 12355
393 78303
134 27793
179 10254
736 60245
605 50060
800 23486
763 22076
223 25448
693 3131
734 19303
395 50120
537 59923
65 37255
302 64118
847 59865
732 4356
666 6801
274 20502
207 51151
97 19276
291 59490
724 97352
399 17856
502 66968
445 30853
372 33904
238 72394
932 38173
265 88674
122 2610
751 83360
179 11281
416 13028
665 33944
365 22425
258 82116
656 34508
832 52334
554 28024
417 66190
162 91596
634 11640
118 83892
332 17514
341 64791
690 64458
716 16219
243 30045
669 22046
490 41902
26 28152
303 86485
490 55335
596 30396
264 17548
873 12549
810 10499
604 65115
825 19841
14 21633
221 19394
869 46435
800 60121
534 56440
282 10353
71 15042
173 44565
356 17545
583 79087
827 63734
640 80819
132 10271
22 59215
139 83511
431 69746
866 78975
295 24995
442 46939
432 12804
772 13724
445 14238
328 24785
521 13928
289 48273
714 82298
917 24387
538 62218
144 76080
550 70964
226 92160
53 55781
864 35143
335 9800
22 80459
169 92267
722 88835
664 44251
863 26703
110 52939
573 18351
359 2590
782 37539
68 87430
838 60381
189 29388
854 3638
273 14488
912 22520
18 83013
786 85554
209 90314
438 7928
69 90254
794 92067
927 23181
684 36709
256 86705
512 26693
756 7828
686 69365
426 69943
780 52449
926 63168
348 67161
270 70490
504 939
749 81397
331 89523
741 53432
181 79321
602 36570
217 79057
373 79927
406 60413
167 32675
576 86103
312 97331
678 58544
382 74057
121 63148
618 36340
643 15214
609 28264
60 57298
67 98491
681 54239
383 88871
173 75192
888 88260
728 58724
284 64289
577 57992
331 56999
94 47443
524 40364
610 32938
318 40198
289 88340
271 36796
197 43125
635 4800
801 301
36 11027
304 76785
579 8749
46 53233
776 73598
897 26716
917 86867
711 15267
144 13615
575 43431
13 64444
709 73225
310 8380
30 24651
798 16895
301 47510
456 20158
601 78904
71 41939
770 24885
529 46664
457 8306
705 98556
791 8725
491 76429
809 27335
307 66846
596 34868
647 91025
354 87184
474 28846
330 74389
443 91638
473 77854
15 19611
291 72422
717 2186
529 37868
768 97067
362 35745
695 65596
235 76010
122 48731
205 94014
536 19940
672 15092
75 37225
161 68014
292 78380
569 18453
540 21034
41 79237
759 32040
320 25296
401 96263
858 44445
465 25125
862 46450
569 57672
896 2458
333 21307
112 86173
807 80701
574 32964
245 69347
45 66355
538 64355
465 58265
465 58552
562 57049
516 64062
737 60881
462 23463
446 45784
287 49783
124 25740
734 7655
248 81131
716 8417
630 5462
363 6210
357 45724
490 76546
588 30932
144 2065
649 77711
406 71014
228 94360
565 5956
203 21388
295 45100
554 6071
121 87480
849 51531
409 94556
918 39390
756 94799
566 34342
568 61376
178 44653
92 90842
622 31284
218 11821
719 99609
305 50205
355 96991
552 53874
599 10552
504 6804
385 78639
436 63471
244 60893
519 86587
167 41319
37 15390
421 63961
694 43677
425 5412
369 4382
114 55003
325 47909
482 40199
224 45622
428 68102
884 33224
140 35745
148 38795
876 22780
257 82663
303 93010
660 3878
142 89121
441 24039
273 79653
883 13464
383 92120
511 92501
848 27697
329 67611
274 76834
429 1414
100 25191
349 52421
851 710
867 86628
564 87807
555 78686
724 12215
764 75580
606 61445
603 58857
461 78831
39 97302
873 30637
29 20964
118 65324
696 53137
619 63540
397 76686
587 23832
510 1615
495 3249
510 15607
93 23653
287 57491
874 13205
187 96401
135 70156
720 96913
721 56420
792 85756
798 22548
649 70527
715 99054
864 66508
231 86283
575 16290
393 56813
876 68858
516 65386
688 32344
171 86287
755 52180
340 93680
241 63132
767 16888
920 90123
168 16494
225 34955
910 20101
928 89206
166 75292
799 30812
794 64912
351 25590
864 12519
217 97186
243 36297
878 32554
76 45264
401 87564
817 17682
388 67763
420 65838
254 49738
219 18172
741 99638
220 7426
815 60267
890 70801
706 24649
573 1654
702 60021
74 69423
186 39024
105 55793
615 47719
861 71052
285 85295
139 25011
424 572
110 17788
133 77749
420 180
742 61454
271 56047
910 75999
796 81123
921 95656
25 7816
156 40854
853 74929
10 27166
779 69539
307 69735
766 43008
548 76888
417 26052
108 29264
259 62614
818 15112
644 35299
35 93516
723 60281
186 9283
122 38731
74 78564
157 61028
793 79287
527 75380
665 84987
327 65959
27 66032
865 56844
175 62547
364 27932
208 97682
555 99582
764 76158
760 20354
389 84438
462 50714
672 18195
104 85901
688 89569
138 63944
55 80595
550 95491
711 6871
37 71360
27 95476
333 27553
687 58980
186 67772
332 77591
570 3249
411 5862
194 80067
558 835
606 19574
126 58247
228 94212
288 70111
742 53748
704 93806
28 55525
412 84508
816 568
428 69603
643 42866
931 38083
858 35392
559 86983
243 46396
652 25259
455 20802
735 62034
222 63675
765 30515
834 580
718 1404
826 93802
18 57585
99 47623
174 25885
438 21505
875 55715
565 79946
1 31721
216 80588
177 60562
312 92611
906 96436
345 65830
30 23220
641 33747
378 24216
417 13880
235 90573
320 52006
518 23595
216 7024
204 8930
266 34354
672 87332
334 12575
139 47086
809 5285
44 85533
232 70601
592 93412
207 87471
875 59906
768 38507
588 18479
96 1915
276 54287
250 14041
800 59328
115 24495
83 47643
210 81244
280 96841
436 80853
327 90995
515 32278
852 1868
807 265
645 7127
187 35039
537 88405
892 76643
477 73809
781 30234
662 17462
515 72232
207 18707
477 59085
24 96152
191 90364
794 62041
686 23210
57 7128
231 5166
619 66002
326 28597
272 57220
260 48370
547 55521
238 20087
399 60667
219 408
166 67835
146 11803
76 72242
556 93923
827 23236
32 37983
249 72123
594 97259
760 43772
434 30975
568 96340
587 40292
899 96694
188 73875
829 91480
747 64236
699 91507
262 46102
229 89899
360 81367
470 77311
84 12437
885 61490
556 4209
236 77445
911 94709
387 86819
101 63235
511 43564
50 93107
272 61649
321 64975
71 37383
311 52367
306 62591
653 4963
827 18440
316 7508
613 73278
294 41073
76 7269
655 56050
735 98972
80 69372
796 41991
59 42342
599 76189
401 55146
115 84563
601 93322
223 69681
35 58304
412 56492
359 41471
67 76275
288 81317
240 27571
820 85951
131 3695
747 35509
829 38932
439 86211
488 56503
534 36013
81 75795
586 45573
816 36207
594 54738
630 43989
814 33036
370 51
875 60715
699 36703
863 88282
471 34961
143 30906
164 18620
536 71770
686 37417
323 15756
909 96211
558 9354
369 76480
149 21503
441 30806
395 99072
283 98525
105 9864
22 61904
929 96016
102 94575
511 19311
146 18656
73 56604
373 60002
458 82059
837 69512
454 55764
771 84629
493 71693
684 38875
423 56108
3 49342
301 64415
680 96335
578 26387
433 59666
757 44432
12 55916
520 61487
295 21603
669 60994
336 40337
852 75312
531 74296
885 10296
337 64330
656 1916
140 19372
721 3468
199 72444
401 22073
35 79994
88 54388
761 11276
482 77264
585 62743
277 6598
445 40641
621 35827
497 20765
356 67859
434 44214
699 61493
486 24683
652 53253
610 16395
123 30028
563 65279
814 25114
507 8516
817 35102
820 31203
841 92407
435 80126
619 85881
729 58984
803 15827
621 82973
788 43114
54 84980
20 67534
459 81046
301 20608
439 77933
430 54062
18 108
54 65309
763 39679
501 80998
112 33025
904 45010
193 73801
511 79443
809 9201
792 21404
747 98605
337 96223
799 78750
176 76744
278 81910
575 35714
482 64691
92 74025
319 10374
217 53734
819 60969
720 82593
702 64270
747 63641
485 59021
558 51656
864 85293
707 48626
105 24260
222 38592
742 51256
102 86512
604 14897
653 15220
510 94836
840 28441
345 65321
579 10688
290 99765
168 94764
277 82509
512 42915
823 99924
740 34632
127 65175
928 6988
271 63067
600 2043
780 71476
519 74981
500 62824
311 6722
323 78827
14 17528
695 96593
392 95093
786 34194
926 26730
741 18291
850 23774
336 77856
415 41066
38 6193
618 74314
381 78753
729 3619
733 71910
527 10135
819 91499
154 1404
343 24157
454 63274
235 93467
174 25944
324 18241
163 71136
319 54216
243 22105
338 29886
766 74851
423 14280
76 50819
40 12284
502 72461
275 63968
489 14285
904 27578
827 74635
178 39010
58 91975
855 37439
112 34155
576 86073
515 31305
316 93997
862 91678
790 57400
285 28038
497 20999
241 51306
456 8459
243 37129
380 6046
219 47139
873 54150
493 9968
135 85559
435 21063
889 10723
764 17774
263 1112
791 57336
205 93449
375 563
235 7647
929 79336
148 98513
391 89610
807 76988
480 5947
51 23190
417 90376
567 81643
542 55788
287 49309
309 76839
326 14059
854 89346
759 70851
766 62706
847 66196
834 38734
565 23197
430 37198
357 14008
7 33422
333 95682
539 67941
924 58762
543 26029
789 29593
402 57773
174 58363
910 47072
394 87553
845 8390
562 87141
521 2569
314 91587
79 55410
331 56895
743 87485
538 924
458 8925
775 5832
446 96520
2 57259
696 22423
405 96797
643 28466
871 57449
507 2065
447 32817
395 22790
524 72348
600 15660
293 33870
654 74007
175 58992
650 44309
69 69336
882 49761
840 45283
478 94402
685 21097
732 1266
34 17557
883 72786
679 40257
507 18353
668 23207
623 28697
400 12957
746 59145
398 69737
923 8269
782 82032
814 53599
575 72214
622 28221
170 64321
670 2239
915 34660
220 76819
420 94245
525 53352
553 33898
49 38036
665 25622
493 43285
458 80436
138 7772
712 40881
578 15102
694 38063
148 75575
1 9588
547 26151
760 55089
424 28667
615 92731
687 1664
364 90544
324 70216
278 18535
166 22940
212 89791
283 68496
323 38564
831 69162
778 94627
797 59616
349 39482
179 393
657 53110
99 32935
296 43004
240 57569
132 38912
393 88834
487 3673
484 74619
870 94666
837 93154
804 76865
551 56914
441 18689
684 97267
901 51060
82 61876
441 83260
627 84426
356 84995
110 83372
821 92688
85 32403
320 96526
29 78593
103 10899
830 16290
306 50564
814 2883
459 41842
342 75844
549 45159
99 35847
839 88990
113 55207
849 30582
527 44800
19 70012
484 54579
857 86195
520 60773
796 43050
569 71659
167 53640
587 88121
870 33070
359 98494
21 85782
108 58335
562 25532
443 12227
569 85319
13 36875
688 88069
345 98762
650 45624
777 17778
771 94744
393 41129
2 3067
95 88461
84 36150
785 23055
677 26500
424 72733
88 83898
635 43439
596 95820
917 97974
522 63493
877 94747
891 74795
829 83226
308 30443
35 78069
609 78158
351 2792
155 62995
804 80471
218 86844
255 7433
567 17915
603 70333
494 79160
913 45528
539 19743
683 50183
354 61176
173 89519
438 98662
901 765
89 2259
756 58360
800 26692
129 35
346 40362
867 40333
846 46424
825 14573
381 19931
869 77284
578 93459
815 19932
741 60217
678 4142
373 81838
327 64743
737 22289
597 60678
123 77275
64 37229
269 11699
624 16365
437 93593
516 46313
105 97261
21 45817
663 60604
125 48915
84 42590
896 56033
581 29662
300 73241
31 74003
736 33110
326 88488
386 17992
486 87282
879 96219
334 97705
661 69245
237 58256
422 14350
79 79324
56 22035
73 51457
116 33585
421 5280
387 62501
717 47453
393 13100
534 48030
516 62024
39 46142
800 214
720 30820
893 97569
412 55270
784 50537
759 66616
77 62470
655 4743
763 22421
409 78023
591 42510
71 11449
625 83059
310 38918
867 52006
321 29231
299 54741
741 45056
364 83086
205 51355
791 79944
580 78389
880 22718
106 70681
547 59923
182 94939
35 81247
69 81907
652 70068
184 30687
513 78400
207 95649
775 58655
802 24907
464 30399
629 79776
497 44447
911 74481
342 93156
705 70443
365 90190
632 9915
428 91938
91 95052
83 21739
810 64918
915 68323
529 85292
860 83551
380 87285
797 84444
749 39749
699 30864
229 74953
131 31197
929 10664
876 87598
652 96117
49 40051
26 95690
252 54036
228 14335
299 98079
674 87575
855 52814
826 91189
248 25617
399 92034
594 9957
210 75873
319 71693
831 42023
9 15360
652 5346
819 28554
270 78787
733 61540
158 64511
544 938
588 24774
597 17680
195 9907
424 35496
438 51229
53 6837
347 65074
718 4245
107 63660
523 35609
297 39905
153 48008
504 93996
645 65636
123 57780
491 60214
257 50278
649 14272
736 38343
321 78231
463 42838
93 33211
131 36520
454 26101
94 11313
748 97273
8 14593
572 96734
558 93897
249 27144
212 32716
778 53319
394 35907
377 32250
472 35852
56 82089
905 33232
405 48082
540 39851
537 65119
832 18620
256 84220
477 42321
353 68559
330 5916
484 740
240 14829
726 69455
80 92107
905 14485
261 34830
899 35221
64 67481
137 29039
886 41539
67 85363
745 42355
307 67824
796 9672
632 56879
534 43231
833 1682
832 14249
295 98189
877 55424
209 47759
693 60876
448 82607
284 28008
215 77682
510 94879
819 8611
518 22968
22 68121
825 11342
30 21832
528 7432
540 48175
638 58625
719 63023
179 99525
60 46659
369 53972
423 89097
499 70405
566 50918
519 44128
286 39880
272 18820
263 10446
419 326
670 35884
614 48447
3 66107
550 24286
485 57482
653 77466
620 4925
744 15059
128 90176
742 10164
126 71465
317 88194
663 78395
751 33801
272 31950
350 93144
325 34332
596 15062
813 48450
428 93659
360 50468
723 19278
489 18907
23 84080
230 62115
611 29444
857 31967
462 92645
858 21773
805 4990
789 17518
631 92078
524 32346
118 14566
812 62106
905 51466
521 89175
884 42086
164 49076
45 26803
462 41098
32 3161
122 1347
871 76802
404 77551
784 77377
864 98009
863 71552
597 78098
389 47415
468 95564
465 17877
307 74936
600 32595
263 58214
563 7871
417 7724
365 56349
723 9768
157 39295
839 50276
593 65323
64 29066
162 33927
260 21669
481 17123
641 80581
247 27038
499 73354
687 47981
599 67310
131 78393
379 21265
13 60861
508 94323
2 84484
567 57521
572 93776
446 35217
14 50837
167 58118
22 25074
705 39789
620 39907
339 32878
258 98821
57 89136
743 24146
69 50997
865 96897
288 77627
104 94307
139 49817
608 89119
74 91928
488 226
108 43646
704 1070
749 69601
773 73700
111 55211
603 90852
580 33228
131 7715
491 78980
838 37481
47 95523
176 64898
828 94671
427 74472
592 27010
89 7
165 27954
217 19279
629 50383
14 61470
239 7852
163 89059
432 44623
295 79322
522 46462
842 94573
809 15594
58 90852
79 57128
660 90879
742 62870
768 69374
338 35231
752 78858
114 39407
479 61462
640 11105
173 10783
478 9983
117 42459
878 72921
764 719
509 33262
251 365
564 5803
321 54318
473 90915
764 27532
452 66471
637 23486
370 11667
776 88774
830 47628
284 6724
582 82201
386 95021
886 7819
841 95548
140 95563
717 4478
517 84739
104 88755
826 18327
824 20549
603 10113
875 82525
420 25537
792 71211
724 62144
44 44779
333 82506
307 38092
641 28363
71 26922
545 17572
648 7584
312 42126
228 58611
743 21091
293 60405
820 38746
658 5617
216 17291
258 52637
674 83562
435 42332
551 58854
359 32365
790 40411
596 76100
748 56560
120 9467
135 60542
130 96525
419 31700
246 58377
285 32761
368 17961
701 44407
921 54117
264 53589
6 77723
188 51927
733 14942
243 65366
410 7924
221 56343
422 41512
734 46432
8 66481
846 30563
425 47429
309 99428
545 59955
334 45327
468 15751
707 94966
914 1218
3 8867
659 11859
348 23094
362 44229
892 70879
686 75344
274 76722
275 37639
920 55754
107 854
382 24687
143 70573
774 35654
123 74889
847 64740
263 18342
214 78316
423 13294
75 26222
34 10980
682 99204
59 32162
172 62505
494 3740
415 6606
319 91422
776 32499
889 87765
226 41183
616 85520
640 84046
236 44682
633 41893
734 54403
69 89775
400 49943
596 49466
707 67355
393 91261
568 50553
845 7753
296 89217
307 3758
117 27401
585 4760
472 76652
856 18310
135 49907
478 78188
513 12957
797 64358
49 50021
665 11546
406 78161
66 41994
177 256
501 81133
266 91571
642 91525
11 66969
221 32897
277 576
315 82759
99 9054
557 28740
900 99049
78 92789
545 54082
830 91186
730 37000
573 64865
103 49892
442 76525
869 87792
568 32071
500 13028
735 43261
590 11294
688 99915
332 16217
402 24602
883 15472
494 82392
85 43116
231 34307
922 71147
574 20110
824 83018
830 46774
725 60456
606 38018
748 99342
577 64548
717 66968
377 50903
686 8418
653 91046
260 98842
921 1646
81 40870
679 95432
4 47909
87 26090
305 81443
311 83014
817 12225
354 89949
444 10169
59 33840
180 54090
695 51295
77 5963
666 1986
163 14213
83 36104
661 61327
499 30687
543 41918
634 98499
650 86346
910 80363
29 20017
675 68216
206 4589
677 85955
494 67010
920 18044
527 44187
113 57145
11 65374
504 40709
544 73436
226 90389
276 66109
164 41404
588 32823
215 16816
184 28616
238 99281
473 5899
529 40657
265 18414
549 57876
456 45723
575 91469
606 8050
488 76086
587 67044
4 8447
336 1381
906 41022
850 50956
775 94959
804 28004
655 16051
590 20106
62 82709
24 18466
614 12409
262 71113
559 80240
51 77308
124 65722
851 13789
406 43505
805 30818
418 40182
223 19626
178 91666
791 64351
15 47917
906 74218
63 84247
34 52480
293 56883
483 24149
58 69301
662 16822
750 20285
498 3846
625 2655
297 59810
897 80280
421 93298
274 41788
877 49089
538 44290
130 22412
41 46672
752 72217
519 97836
796 84713
82 81501
564 24238
726 13604
212 83607
586 52585
115 89943
869 48613
681 22142
867 74567
729 31066
921 21526
499 86397
843 64078
128 82193
672 46676
120 82338
439 27794
227 20317
433 29408
485 29946
547 45138
683 89789
52 70894
675 77786
787 31842
410 26647
793 24713
279 20394
186 59583
154 55432
709 26896
323 65768
394 66083
731 61417
182 10810
289 69847
524 60595
111 49735
537 73946
333 92070
688 97852
175 94094
365 68623
340 87706
302 89686
848 4029
125 68626
204 90680
322 85511
839 40273
710 89749
249 38343
479 50558
56 10055
717 19348
306 51293
472 41684
305 88899
230 28496
332 67676
290 88093
98 68006
540 73126
480 74278
612 83310
746 89755
26 74616
21 6664
258 15082
335 32043
613 69557
228 91513
860 94126
761 51118
135 35400
425 57259
344 52723
110 61383
887 33241
738 45012
380 52926
862 19806
3 81465
234 35258
268 90576
481 63666
198 51941
800 6176
399 19189
792 10228
172 24476
932 34518
705 12015
538 39709
802 29092
726 2858
772 93203
342 65864
227 64303
103 78182
548 19818
169 65052
77 49130
709 76772
783 87529
777 87226
369 26677
812 35541
81 80606
84 8688
700 42519
927 17698
384 12930
344 23199
537 41239
139 86995
797 60903
507 60565
271 93135
769 83606
425 50679
644 56448
149 68392
350 73712
190 63316
338 81044
764 89637
730 49286
69 64757
234 65105
586 68397
613 1547
441 10398
6 32836
507 31194
329 78428
499 81917
448 14763
159 609
505 40375
398 73142
697 98643
32 53804
743 95958
233 44590
602 90667
128 12145
378 15996
714 57405
60 37502
253 35945
180 65440
593 64585
710 31742
249 53862
325 58460
366 58687
9 67566
730 47501
820 41116
542 52933
239 3267
520 10198
508 85588
123 79659
858 86897
254 3816
573 78570
52 51083
260 91896
147 19169
65 57385
735 33374
382 35572
932 9469
450 26234
824 11482
20 47217
589 81878
564 98730
211 85507
871 51581
237 37410
178 66394
689 55689
859 98984
362 83355
762 93026
771 11652
362 8843
262 8690
788 85330
331 95522
216 20194
323 84601
663 31241
474 49172
495 34630
634 64067
808 56418
163 70736
234 29722
484 75378
719 33471
736 97349
911 49469
467 5489
539 22902
926 27852
113 81309
518 22
741 64918
573 3227
191 45810
795 16156
201 14704
646 23582
728 61415
87 93209
554 93999
208 21524
421 82200
471 43643
682 9632
388 2776
118 34055
153 43912
674 32278
801 78507
655 12855
261 18322
66 24689
501 42110
178 60915
604 47355
500 33070
261 70390
880 60734
391 24843
559 62583
881 73116
904 97276
130 56911
246 21747
588 28900
399 44478
830 98185
477 85719
442 23287
309 19680
925 72404
259 57564
322 95455
434 27111
175 92304
436 95346
629 9388
617 18171
834 93267
86 3077
375 45642
499 25227
183 84154
429 22042
517 45098
267 52240
725 32913
662 36773
470 11818
576 10882
481 56539
841 9402
583 45682
201 53426
133 98593
673 27445
645 15252
850 96908
873 51999
779 31310
310 94404
524 26682
265 54820
537 12991
269 74171
676 4028
398 16083
10 23242
312 13336
372 95964
529 38503
419 16696
714 16683
315 41635
107 28354
417 77095
329 97564
758 91302
830 59760
80 28412
220 65602
314 80249
383 46457
359 28088
630 52999
568 1593
185 92865
94 1952
173 12512
583 56801
555 74395
483 93525
410 22299
375 49305
806 35098
661 66067
648 48295
143 13288
137 86307
907 66937
692 91684
758 37229
583 84010
561 42668
189 90808
164 16548
567 44838
754 22542
504 41141
599 3002
316 85987
849 32557
460 14313
486 52191
289 35431
717 46817
793 69531
721 72453
462 33645
238 56762
774 60201
304 46153
119 51246
506 52719
21 17625
472 831
763 61464
832 34699
838 78453
856 65467
793 15573
915 45518
6 28513
790 9538
729 52683
134 1537
195 60836
563 98389
41 68281
260 21757
280 47425
645 32422
684 32966
604 25634
198 86567
131 55558
519 11654
525 89039
260 56959
25 70931
78 54320
736 85518
597 47371
70 34639
904 24031
388 11103
5 2377
914 9620
463 24932
643 93200
856 44264
256 52635
629 27876
927 14217
600 23376
314 32389
136 98713
3 8321
61 78412
20 82621
688 67654
113 38172
100 80501
716 27674
458 59741
110 40436
792 48821
374 95554
96 53830
749 1824
99 96120
584 18011
895 40014
786 6100
718 59817
810 49022
697 77889
749 38635
423 7447
697 32457
825 5842
750 98910
644 83340
799 32151
116 95274
865 12755
33 23651
133 90082
740 66367
601 2927
411 89578
105 44908
182 23447
704 96642
816 20033
379 64479
663 95711
486 20508
6 1212
929 47409
18 69469
312 68795
717 5590
147 75811
651 58682
509 27190
466 11247
410 35405
523 96176
284 13093
423 23183
523 80052
177 54692
637 49607
23 85040
491 98197
20 42898
473 50441
732 46849
573 14195
414 30982
92 32812
75 32784
64 93852
598 1053
224 87916
479 22015
518 94304
373 74451
367 35205
709 13974
405 19453
885 38697
358 98132
67 94036
396 47365
577 53672
858 77097
285 33166
601 1457
626 5771
475 95644
209 29824
244 89665
371 22942
790 94193
69 18122
426 62604
642 48745
456 10166
783 47056
923 38600
520 16380
98 97490
856 15645
553 41778
47 83520
889 5054
654 81989
78 56136
188 46052
187 43429
184 95038
769 31464
698 63172
598 82319
314 19591
17 55666
332 35982
72 89561
17 54737
57 92039
208 31212
586 27917
335 31552
171 60770
129 63685
626 83116
509 16578
862 40544
595 92075
361 15016
921 83643
357 57530
645 21472
464 65348
684 48114
546 33218
127 35997
67 24024
103 95169
263 32054
349 11783
920 93110
554 54619
369 43397
111 73433
534 79331
78 25941
487 71397
143 24657
551 49243
214 58469
286 89983
659 31289
288 45534
783 44293
200 55540
707 51215
91 40583
18 52711
381 98800
790 200
912 2064
1 67354
167 64346
658 70851
569 50111
159 80724
123 3628
463 71489
116 26000
185 81625
635 26369
717 75689
207 92707
498 26209
635 20032
780 85250
881 50273
868 76072
870 73131
480 86097
121 65204
467 22779
259 39879
666 63696
320 63993
730 34442
896 13786
336 59263
591 6760
65 87866
688 96972
15 7335
908 32078
407 59183
661 38854
882 36197
73 85194
743 63044
894 45208
319 53023
591 72765
250 77984
888 88275
369 70531
798 94807
851 32723
631 32796
815 89086
330 22116
751 48830
339 3145
580 84530
269 18454
236 91570
133 10509
911 58411
217 12307
402 69640
536 69352
28 31668
163 32491
583 78523
865 83617
249 82546
217 31672
691 27988
95 82596
765 78473
687 20493
746 40529
727 58529
34 60685
73 69488
396 46641
926 74357
926 30600
764 34591
708 64538
585 69735
125 45892
882 83606
381 52049
341 44721
359 2287
95 21546
617 84557
428 63599
101 3757
333 4975
359 91352
898 22322
606 11142
354 37611
246 29737
104 13108
78 62572
760 70063
80 58780
392 30101
417 46968
703 70375
743 23052
542 58254
251 43886
170 11079
375 87599
217 98635
95 20144
627 64260
719 95368
92 86131
923 85685
578 24206
866 73674
522 96226
71 49847
591 25785
916 29726
146 19250
454 46530
276 4365
910 9640
12 8949
484 80909
704 52116
124 70074
786 78684
221 45452
461 56118
201 10943
895 9495
155 39260
653 85665
784 10303
925 65854
635 19067
446 94320
832 32463
738 8603
630 71609
391 16754
716 95722
45 41717
872 93860
463 3276
485 23906
825 95598
395 72784
540 68483
576 95284
487 3723
244 49961
764 58361
227 81842
531 9885
153 38596
246 79002
762 41411
698 26372
176 1848
280 60437
331 27425
449 38928
224 183
8 39659
723 4312
814 81769
468 34080
881 14147
38 49934
611 40171
109 62248
636 16554
109 10522
516 51049
321 22539
289 36214
81 95654
660 79577
361 72643
104 5436
327 4003
844 53066
119 16266
71 68479
442 48754
190 93025
308 29570
404 84407
513 34706
911 15933
916 79198
685 66759
700 82087
516 64692
600 52343
339 18436
725 61271
704 96059
431 24918
226 33818
413 31217
425 78303
740 13339
242 68620
603 3784
710 83290
547 36779
570 53815
837 74083
681 62473
49 35932
85 86504
472 59637
488 65618
880 19180
836 53615
306 85495
78 95525
911 23006
589 14865
455 28628
826 28256
39 82014
384 81990
307 92781
715 33459
412 38202
720 42716
749 3075
711 57048
931 32991
235 5034
258 59408
336 30969
150 67655
865 74517
209 89055
795 41423
746 3137
18 73100
469 60625
805 68136
42 13749
326 56296
495 24949
642 87748
23 86667
876 37978
271 21231
5 2188
272 87840
793 95234
52 20229
511 20994
469 17284
822 21617
470 68506
481 42757
480 16739
234 27056
539 61212
757 67874
422 44236
776 94477
144 66289
763 38762
271 19941
630 67147
745 14580
169 39837
208 96840
144 77539
343 84365
312 72891
298 22098
25 56421
836 12250
192 78896
229 5156
203 92481
815 70525
852 51820
758 79799
92 75777
153 68864
477 34787
911 34884
829 93768
88 82814
765 65880
804 15138
849 31380
350 33476
926 38117
407 21644
444 53071
416 43307
795 89011
384 75001
298 40344
613 48953
662 24091
270 53571
369 37060
680 46912
42 23248
522 50979
856 40724
674 31807
237 45644
500 51944
856 15360
653 30880
382 7518
208 13596
255 19411
4 62775
289 82689
752 289
928 93120
748 52416
454 87585
442 53653
646 58881
363 87919
677 68169
922 32753
679 77766
786 93050
139 81905
118 19003
5 60176
823 30444
757 56602
910 61928
613 43586
276 22544
311 77398
260 17834
909 91875
680 6804
656 66513
281 2658
381 32571
313 59829
165 39419
59 94182
702 13229
473 71861
659 9377
234 58881
208 4087
440 29789
830 22038
174 98928
885 18346
409 13195
896 95467
813 42174
204 78310
675 29650
251 78293
513 23981
377 84436
133 43970
912 5395
844 16121
30 97335
700 14766
856 736
718 59687
775 22219
402 96990
462 7459
710 3414
40 1149
566 21166
760 91326
74 22433
615 17817
166 24380
634 36694
264 55710
169 44021
61 48376
612 90764
78 9879
785 15280
652 40176
807 27615
544 39130
668 5898
624 34085
512 65107
558 80162
556 34969
630 34738
437 65757
791 49453
13 80170
330 97500
761 66228
878 61405
501 9772
157 77314
114 57256
291 59028
253 88974
437 15141
424 96778
594 58250
686 68909
881 54643
840 38325
192 37139
705 14967
83 49656
726 83165
263 70704
627 89697
289 12383
12 34984
890 81411
791 90012
922 9342
657 348
288 74279
759 36072
470 54050
551 34613
772 36875
737 53366
407 49003
614 17898
447 51145
572 87417
235 38097
320 12141
477 53905
482 3218
535 30683
481 55362
332 88393
265 64405
463 33914
880 96752
470 12657
528 56829
390 74676
894 69736
252 33801
280 51463
816 81283
165 4975
357 53860
398 31799
875 30688
6 96896
584 85177
348 76531
3 74734
41 16555
440 87213
70 59803
632 54233
372 9284
650 39963
647 164
594 22763
614 16446
14 53619
851 90390
706 60513
800 52256
102 27246
314 34053
763 406
514 68999
479 81129
26 60336
714 61896
534 17848
174 61078
361 54107
712 93550
336 63006
729 14201
473 32298
190 75304
756 52195
780 50685
833 81862
529 92821
106 32161
42 64410
568 26992
719 65540
804 78996
192 78450
890 8124
130 68374
681 45132
926 13689
725 8461
73 42860
924 2378
741 22843
510 63079
68 48657
436 76547
224 37523
194 80885
922 19056
586 57903
603 86136
109 49571
614 65702
347 6691
335 21631
34 1180
102 50183
2 85551
192 87019
58 82874
473 22799
116 43992
779 73735
562 8048
416 2876
473 17210
356 30925
243 29790
673 47
253 91191
65 13639
716 73039
826 44140
149 73857
275 79671
183 4496
30 3869
619 36492
294 65336
128 66062
424 63822
218 75012
347 57154
897 39730
704 97378
879 23775
517 58531
835 47223
133 31648
878 87062
345 50044
110 90736
687 43616
887 33325
64 57521
476 54427
606 75052
222 65626
77 6882
852 78499
450 30396
487 29774
269 47228
549 47540
911 39802
329 57612
771 97810
98 97420
705 47464
775 7926
667 65505
882 59165
814 19242
519 60077
219 10540
901 82562
419 9312
666 45604
799 35137
484 49614
514 17174
92 62177
821 12940
18 74546
91 17493
873 66178
5 95779
93 89664
843 33693
470 69223
876 50999
729 95604
49 9814
445 6601
451 38663
466 8914
257 66977
625 2765
607 65358
375 87173
323 85504
11 80003
720 28888
919 66023
419 65445
396 46040
2 85912
550 94859
244 51114
53 58520
786 95729
671 38454
646 83269
834 14924
184 13625
447 82084
65 10867
662 96115
549 86920
757 92050
359 49054
315 5672
858 53298
518 75533
900 5451
409 80559
523 32528
195 4462
722 68234
437 51640
13 55388
235 14796
252 44903
210 9049
766 10382
892 78494
535 84168
153 30323
388 78018
192 70691
743 72643
746 78902
720 55722
514 32445
381 84836
600 8590
831 67836
91 2069
840 70060
893 87881
656 20845
22 20597
264 53854
237 43226
607 26970
79 60533
481 42380
33 85181
77 21667
623 37977
615 53905
455 82518
628 3177
241 57084
184 11900
77 30801
595 74078
500 34917
502 50301
444 95546
887 7059
458 94654
554 22310
707 18283
901 60478
58 29115
282 41809
865 15573
817 54518
798 91960
617 18627
530 85604
473 45402
519 5409
688 15632
230 24533
509 3520
163 69312
349 93635
800 37967
469 59969
445 71977
225 5218
484 52871
201 29552
852 67401
307 74733
46 3055
240 46827
73 17104
592 87680
746 99483
467 50835
504 81015
291 43017
159 57346
891 79593
66 16462
811 46053
423 57341
44 84698
265 77935
579 89871
380 22964
569 95289
356 99269
11 26276
345 65625
17 38210
303 16915
545 17758
731 92119
383 99372
607 13230
457 89537
544 19367
659 83083
139 97730
783 60874
908 34675
847 98560
211 49582
745 12480
568 68508
663 96602
725 55979
135 24367
119 95371
358 32919
556 20374
670 35696
157 27874
307 17660
103 73960
707 44850
296 58796
110 58608
124 24371
388 43447
677 10133
773 45665
296 88634
165 46074
251 25558
490 77819
839 76079
123 51633
825 67269
33 79811
393 27157
489 42731
825 85597
386 84040
359 49243
811 99239
287 91982
756 6529
346 5793
463 57014
404 85325
463 61623
415 91820
109 52789
509 46332
899 64594
752 10352
578 8407
307 87701
922 17404
855 43550
96 37568
287 68470
143 78627
459 65816
144 27127
321 30951
636 63419
574 59651
654 93570
291 67413
18 56065
648 74490
177 7466
229 39140
163 85164
134 96116
818 598
53 97608
232 51365
870 9743
623 23362
585 28576
392 46572
927 18617
337 51156
430 55117
30 95163
242 47151
865 19525
572 84640
563 93115
178 23538
197 68052
5 14950
524 22112
767 84921
205 28628
833 1012
315 7570
912 508
120 23703
359 39550
556 99460
160 43046
687 66890
916 54022
203 36391
5 89122
224 45459
278 39156
149 63257
378 87667
857 68589
338 16607
683 21992
670 66458
234 96201
454 5159
307 26433
154 62020
511 57290
448 68613
23 75062
861 18566
161 72774
361 34907
402 92786
833 83220
661 59454
748 72054
702 90991
870 55011
786 94243
808 77662
850 64894
536 11818
366 27431
63 26914
884 44539
395 53483
251 65962
848 41267
291 90402
580 45068
428 87357
916 96266
560 14677
27 73068
99 84335
812 57944
207 51946
731 27106
177 2907
840 79969
131 19022
57 20084
247 17410
635 50720
352 19975
834 77875
649 61210
704 12870
223 17090
259 24893
555 24569
860 56035
381 17130
788 44468
242 34774
756 52613
178 56222
912 72575
277 73409
94 78790
1 3444
311 39675
201 68748
897 68321
77 79042
37 64418
707 66123
579 50310
33 99904
546 9704
163 2046
188 1188
852 47045
439 64222
162 65533
283 24106
16 50133
807 225
496 48039
525 70278
544 79647
505 17496
614 24327
716 28173
21 47154
352 46414
304 45499
742 26527
817 42801
196 70450
384 2855
332 94792
228 24573
296 20046
352 48492
415 75730
826 91565
359 81587
921 18371
182 91732
506 36454
429 15777
524 50523
919 10793
332 57912
182 97887
43 3295
79 56328
638 4894
297 77489
47 12475
66 78213
97 37978
787 98841
502 33243
555 35758
516 79177
645 32088
560 91226
421 34604
766 84901
731 46891
629 37262
18 84716
200 35494
832 69661
342 49681
220 34980
251 66759
642 50055
522 90063
443 60700
442 2298
821 40989
90 38837
385 10675
287 6137
550 34870
178 9253
232 60275
368 50430
432 12951
840 4829
468 267
79 25613
166 81558
19 96843
846 49733
732 83645
272 69574
223 55438
711 26710
731 46581
194 54908
695 92566
293 79619
485 95919
898 82200
424 6073
281 62988
119 5559
410 11609
810 42396
427 69391
882 96321
431 70069
573 73200
709 43977
372 77441
859 98261
734 73222
206 99417
107 24597
630 11670
273 902
586 18719
176 717
591 96573
527 35498
324 67104
674 10197
617 65817
240 78232
892 81486
416 11585
901 44429
443 15054
614 87971
754 14097
560 92068
276 20490
194 57307
912 60594
616 9477
467 10397
747 66291
371 60673
11 41893
670 12869
28 4101
869 7765
469 3874
338 74887
189 21825
336 44991
876 24878
769 56951
599 16987
661 38336
338 29617
169 87183
56 76218
910 69438
578 14813
568 88988
356 34539
238 27940
172 37997
763 74642
851 30254
360 50743
76 3816
520 35589
471 69057
920 74201
902 98923
173 11669
431 22510
277 99166
270 25706
461 76288
22 19224
204 822
839 93911
109 56007
213 67885
698 76129
733 96631
851 36590
429 43434
504 21261
503 11317
617 76849
448 33724
561 2599
515 63330
791 85112
911 49723
257 46944
134 20195
914 19893
694 32550
245 85933
86 58144
706 26447
796 22802
633 14276
928 40980
861 79767
315 70085
166 68285
219 31631
773 54512
138 53237
3 96177
774 58420
451 14076
886 28555
408 45982
708 90514
136 4737
834 19161
108 16632
76 79698
757 28171
813 99063
888 19394
351 81925
27 71946
665 12543
890 95483
28 94758
861 52784
82 98782
376 96211
98 72799
593 72428
776 21904
70 77731
499 42804
62 61465
430 82711
125 87299
446 75928
674 52437
200 79840
817 95977
817 49276
705 85567
149 92978
337 78908
547 32431
367 29731
572 65162
210 26747
196 1473
383 39092
129 8872
282 13563
205 89723
727 38034
860 13005
79 36072
764 23860
229 5376
195 19334
46 39717
759 26668
783 65706
850 10444
51 49875
428 14922
55 67145
159 34270
191 13539
311 11426
373 64443
584 49125
387 68173
796 24450
429 52209
46 33121
436 28276
456 87391
530 78455
587 11384
56 85939
52 17786
781 240
173 62908
682 47501
630 74561
370 93984
443 72036
682 38823
821 94447
217 53032
258 85329
360 83105
732 54718
233 10782
831 8205
528 25622
428 56657
125 82866
850 61932
819 98475
521 88353
744 18074
701 8396
335 70808
783 66442
613 8243
640 19333
50 14661
645 39288
303 28693
513 18862
303 4193
603 50717
369 11665
162 43389
413 16767
349 9490
671 73377
179 34563
597 41366
748 68989
235 19153
196 47272
901 2407
907 20911
564 42696
213 3644
298 38580
568 59483
28 65464
265 56342
916 73173
608 59255
60 52501
232 90810
324 92389
893 24895
825 18848
873 36271
220 81979
241 10394
507 4065
453 23283
145 87377
233 11706
907 5707
498 23906
704 16867
654 32511
484 1681
788 45534
259 98477
504 22922
91 51632
217 72730
20 99438
733 26995
421 13523
352 2232
167 13786
551 69939
684 79827
337 62838
561 15523
139 16592
136 65072
506 83771
329 50896
595 7579
231 92610
166 46249
683 50937
269 28005
733 44419
876 49879
295 93710
792 58880
419 19432
7 63206
632 62972
811 27191
352 65428
544 63087
635 5414
255 53131
122 7657
410 30120
106 41893
348 61807
731 33808
585 82368
187 70464
368 75827
270 51021
527 96683
269 68075
426 3482
410 69505
658 56827
702 4904
449 18353
719 33861
380 14007
812 23800
647 79438
715 76965
438 79848
720 73455
324 56152
649 64168
164 73066
772 68409
32 84385
129 11935
95 23977
905 55312
699 11465
910 69738
476 68410
790 90438
394 83391
7 62055
180 69269
358 4076
750 22372
101 84924
137 70731
761 71321
113 62792
243 6435
474 59748
584 49065
707 87119
207 6210
212 82672
478 58674
75 59117
673 8783
551 68510
827 59656
682 81046
237 49002
423 17631
746 2761
358 67212
218 1175
22 10649
708 37879
339 1075
574 99958
642 97672
213 49965
193 41913
916 49166
366 21619
579 75106
237 98761
746 90583
301 87756
2 65497
289 95652
468 57035
743 60710
367 69715
451 18527
307 95545
434 10726
444 58838
567 83563
616 30834
863 71923
879 31415
118 77645
454 42650
862 8544
28 77754
258 69455
880 88640
844 96478
743 90328
544 61398
823 42874
287 41076
790 42093
466 32895
516 91426
879 7086
658 43719
400 14540
745 70732
6 48791
15 34914
273 35160
793 34075
5 13782
303 44367
690 2372
842 15532
313 80373
204 37614
718 36198
766 9667
579 11192
129 83778
154 72028
520 97719
773 35385
474 98134
227 74960
666 78965
490 71460
112 87576
317 23658
359 1730
445 60609
707 17859
138 8468
46 27255
158 39619
631 15226
486 7292
642 96633
383 24044
34 89015
929 81617
301 60669
17 3290
24 37474
93 19580
762 54692
541 95008
22 9130
410 8355
677 87705
469 22640
801 53301
252 30461
194 57820
214 52495
733 29469
652 15655
389 16654
689 98045
533 97312
882 64460
724 85246
818 66464
6 7914
164 87794
647 78073
517 81344
686 34411
159 13309
487 17383
239 87323
440 24743
884 60966
183 26230
660 28816
827 11506
897 37898
423 8234
569 42089
773 17315
180 97004
197 71927
55 72448
101 93059
899 29892
929 54706
25 30985
499 67305
833 93544
429 29347
27 14506
730 41714
259 99078
811 91631
786 17957
389 49458
188 6675
871 21139
311 42402
229 8532
708 24558
133 3777
538 10185
878 86311
229 7447
836 95952
375 28724
191 4320
536 94593
353 71541
66 39291
383 53027
930 44117
154 72657
399 67300
639 46164
81 83344
273 9644
774 46604
682 92510
130 9682
572 87551
45 81366
481 34797
315 32509
822 91972
467 64737
811 8810
408 19332
353 24994
453 59739
586 199
190 86503
327 56217
816 59217
836 75816
81 54332
498 63774
819 37203
607 10915
732 31819
821 37721
885 61974
144 4684
908 59426
67 17248
121 18597
412 34667
5 82458
195 94196
371 52870
254 60342
183 69
539 82557
437 3503
311 16980
280 82239
454 24413
217 92072
217 49708
827 83822
667 97013
342 72059
359 2144
184 23100
832 15484
189 51634
427 15338
663 78220
139 43026
226 37996
610 69103
52 41875
197 91667
603 9275
589 31782
342 75605
868 73726
544 67608
58 73885
856 76456
896 8504
657 60803
205 81261
547 26230
42 60121
141 74894
885 73975
186 75097
597 82839
854 70240
339 47439
397 43333
319 97847
128 76798
419 70934
255 33812
854 33374
333 17911
816 85312
429 61066
711 17637
870 68843
589 76816
436 80127
475 45588
372 90371
643 54099
352 273
50 94081
886 88876
30 37841
670 18369
327 975
552 2490
784 53583
657 29290
741 41911
147 7259
307 57906
668 83508
335 45219
927 5362
627 92207
469 58236
448 38798
772 12607
197 31843
414 18125
782 16667
154 1813
563 38287
49 85318
545 15719
664 7674
254 47767
764 5873
371 99375
70 61934
192 28440
447 84725
184 73165
117 48117
12 50571
733 62198
814 29145
6 45489
789 32990
62 81333
116 40763
603 50903
734 16898
332 67571
277 81403
231 69919
829 19942
387 38018
593 50568
901 63083
731 27340
558 78256
652 56409
73 14711
342 99324
580 8606
667 94746
773 53354
480 20076
184 39054
116 41925
619 89248
706 17219
198 20643
180 37701
127 97504
682 71535
55 89214
186 87551
210 11647
87 82403
48 74491
765 2934
502 772
846 87971
452 54161
836 45905
84 74533
807 82408
266 46353
807 50789
248 61624
97 81479
923 52025
423 67585
754 58839
218 22663
446 35180
806 38622
124 78012
347 21144
924 78413
547 41744
188 13691
209 60257
490 74473
539 60829
498 35562
631 33034
907 80902
76 11989
392 82405
58 62302
437 43294
708 85183
490 5551
499 63516
822 3961
623 11631
111 30437
167 58354
916 1851
419 15349
170 4581
485 56571
285 54431
877 97163
383 28410
806 25540
29 31082
464 64480
324 42360
540 52196
581 90544
716 26840
598 72477
578 23790
924 14682
659 8775
675 44027
730 94029
198 48927
330 72217
588 58779
608 35311
687 43820
310 87379
874 41332
634 7489
505 68245
4 20104
782 29561
743 42918
578 49301
676 22888
597 6506
343 72231
69 18937
783 85976
