5000
1 2
2 3
3 4
1 5
4 6
2 7
6 8
6 9
9 10
8 11
11 12
12 13
6 14
7 15
10 16
12 17
17 18
13 19
16 20
17 21
20 22
18 23
18 24
22 25
19 26
22 27
23 28
27 29
27 30
25 31
30 32
29 33
26 34
33 35
31 36
31 37
32 38
31 39
35 40
39 41
36 42
42 43
41 44
37 45
42 46
39 47
46 48
48 49
47 50
43 51
49 52
52 53
47 54
49 55
49 56
54 57
50 58
57 59
55 60
58 61
60 62
56 63
61 64
57 65
65 66
63 67
62 68
67 69
66 70
65 71
65 72
65 73
73 74
69 75
71 76
74 77
75 78
74 79
78 80
73 81
78 82
79 83
77 84
84 85
78 86
82 87
80 88
82 89
82 90
87 91
88 92
89 93
87 94
91 95
94 96
93 97
91 98
98 99
96 100
94 101
101 102
101 103
102 104
100 105
102 106
104 107
101 108
106 109
109 110
110 111
104 112
108 113
109 114
108 115
109 116
114 117
117 118
114 119
114 120
115 121
119 122
121 123
117 124
119 125
121 126
126 127
121 128
121 129
128 130
126 131
130 132
126 133
132 134
128 135
134 136
130 137
130 138
134 139
137 140
139 141
137 142
141 143
142 144
143 145
144 146
140 147
147 148
146 149
148 150
145 151
150 152
147 153
153 154
148 155
152 156
154 157
150 158
154 159
155 160
159 161
161 162
161 163
157 164
159 165
163 166
165 167
166 168
163 169
162 170
166 171
170 172
166 173
171 174
167 175
168 176
174 177
177 178
172 179
177 180
179 181
180 182
178 183
183 184
181 185
180 186
179 187
186 188
183 189
183 190
187 191
187 192
191 193
189 194
190 195
189 196
196 197
192 198
191 199
197 200
195 201
197 202
202 203
199 204
203 205
203 206
199 207
205 208
204 209
202 210
203 211
207 212
209 213
212 214
210 215
213 216
211 217
215 218
217 219
214 220
217 221
219 222
221 223
219 224
222 225
219 226
222 227
221 228
228 229
226 230
229 231
224 232
231 233
230 234
234 235
233 236
232 237
235 238
232 239
236 240
233 241
240 242
235 243
237 244
242 245
238 246
242 247
244 248
242 249
245 250
248 251
248 252
248 253
249 254
251 255
251 256
249 257
255 258
252 259
252 260
256 261
261 262
255 263
257 264
257 265
264 266
266 267
267 268
267 269
266 270
269 271
270 272
271 273
268 274
273 275
268 276
276 277
274 278
276 279
275 280
280 281
281 282
279 283
278 284
280 285
282 286
286 287
282 288
281 289
285 290
290 291
286 292
291 293
286 294
289 295
292 296
294 297
292 298
291 299
298 300
294 301
298 302
302 303
298 304
300 305
303 306
301 307
304 308
304 309
308 310
309 311
305 312
311 313
313 314
310 315
313 316
316 317
311 318
312 319
314 320
318 321
314 322
321 323
316 324
318 325
320 326
323 327
320 328
327 329
323 330
327 331
327 332
329 333
328 334
332 335
330 336
329 337
336 338
333 339
339 340
336 341
336 342
336 343
340 344
340 345
340 346
339 347
347 348
346 349
347 350
345 351
344 352
347 353
351 354
347 355
348 356
352 357
356 358
355 359
355 360
359 361
359 362
359 363
362 364
359 365
363 366
366 367
366 368
368 369
369 370
369 371
371 372
371 373
371 374
374 375
373 376
374 377
372 378
378 379
373 380
379 381
376 382
375 383
380 384
377 385
379 386
380 387
386 388
381 389
383 390
385 391
385 392
390 393
390 394
390 395
390 396
396 397
391 398
392 399
398 400
393 401
401 402
395 403
399 404
403 405
404 406
406 407
401 408
404 409
402 410
409 411
411 412
411 413
413 414
412 415
412 416
416 417
416 418
413 419
412 420
415 421
419 422
422 423
421 424
424 425
419 426
422 427
424 428
424 429
424 430
425 431
424 432
431 433
433 434
428 435
433 436
429 437
435 438
434 439
436 440
437 441
440 442
439 443
437 444
442 445
445 446
443 447
441 448
448 449
449 450
443 451
446 452
452 453
452 454
454 455
454 456
449 457
456 458
452 459
458 460
460 461
456 462
458 463
463 464
459 465
465 466
464 467
464 468
468 469
466 470
467 471
471 472
467 473
470 474
468 475
471 476
469 477
471 478
474 479
472 480
474 481
475 482
477 483
483 484
480 485
481 486
483 487
483 488
481 489
487 490
488 491
484 492
492 493
488 494
487 495
489 496
495 497
493 498
495 499
493 500
494 501
494 502
501 503
498 504
504 505
503 506
501 507
502 508
504 509
509 510
505 511
507 512
511 513
509 514
514 515
508 516
516 517
511 518
518 519
519 520
520 521
518 522
520 523
518 524
523 525
522 526
521 527
523 528
527 529
529 530
530 531
531 532
527 533
528 534
532 535
533 536
531 537
531 538
532 539
539 540
535 541
540 542
539 543
538 544
540 545
543 546
543 547
540 548
548 549
546 550
549 551
547 552
548 553
547 554
553 555
552 556
554 557
556 558
552 559
559 560
555 561
556 562
559 563
556 564
561 565
561 566
563 567
567 568
562 569
569 570
563 571
571 572
570 573
570 574
568 575
571 576
574 577
575 578
571 579
573 580
577 581
578 582
577 583
581 584
580 585
584 586
586 587
587 588
583 589
582 590
589 591
584 592
591 593
591 594
587 595
593 596
595 597
593 598
591 599
594 600
595 601
594 602
601 603
601 604
597 605
601 606
599 607
603 608
606 609
609 610
606 611
606 612
609 613
610 614
614 615
612 616
609 617
617 618
613 619
619 620
617 621
618 622
616 623
618 624
622 625
620 626
621 627
627 628
624 629
625 630
629 631
627 632
631 633
629 634
627 635
630 636
633 637
634 638
634 639
633 640
636 641
637 642
636 643
643 644
644 645
639 646
643 647
644 648
645 649
646 650
643 651
647 652
646 653
647 654
654 655
653 656
654 657
651 658
658 659
659 660
655 661
661 662
659 663
657 664
661 665
663 666
659 667
665 668
663 669
662 670
668 671
670 672
666 673
673 674
673 675
668 676
676 677
670 678
676 679
676 680
677 681
674 682
682 683
682 684
678 685
679 686
681 687
685 688
685 689
688 690
683 691
684 692
685 693
693 694
689 695
689 696
689 697
692 698
691 699
695 700
696 701
698 702
701 703
697 704
699 705
701 706
705 707
707 708
703 709
704 710
705 711
708 712
705 713
709 714
714 715
714 716
714 717
716 718
717 719
717 720
715 721
716 722
720 723
722 724
720 725
723 726
722 727
727 728
726 729
722 730
728 731
725 732
726 733
726 734
729 735
730 736
733 737
730 738
738 739
734 740
733 741
738 742
738 743
738 744
740 745
739 746
742 747
745 748
748 749
742 750
743 751
745 752
747 753
750 754
753 755
754 756
751 757
757 758
753 759
754 760
757 761
759 762
762 763
760 764
757 765
761 766
761 767
760 768
761 769
769 770
770 771
764 772
770 773
769 774
770 775
768 776
771 777
777 778
775 779
775 780
773 781
777 782
780 783
782 784
779 785
779 786
786 787
781 788
785 789
782 790
785 791
786 792
791 793
789 794
789 795
788 796
790 797
791 798
793 799
794 800
795 801
795 802
796 803
797 804
800 805
801 806
802 807
805 808
806 809
808 810
808 811
811 812
810 813
812 814
814 815
811 816
813 817
817 818
816 819
815 820
816 821
817 822
822 823
819 824
823 825
820 826
823 827
822 828
823 829
824 830
825 831
824 832
832 833
832 834
833 835
831 836
831 837
836 838
831 839
832 840
836 841
841 842
836 843
838 844
844 845
843 846
846 847
843 848
846 849
845 850
849 851
849 852
850 853
851 854
854 855
853 856
850 857
856 858
857 859
859 860
855 861
861 862
856 863
863 864
861 865
858 866
865 867
863 868
861 869
865 870
869 871
871 872
866 873
873 874
874 875
870 876
873 877
877 878
877 879
879 880
878 881
880 882
878 883
882 884
883 885
881 886
881 887
885 888
886 889
889 890
887 891
886 892
888 893
889 894
890 895
890 896
893 897
894 898
894 899
892 900
896 901
897 902
900 903
901 904
898 905
900 906
899 907
903 908
902 909
907 910
905 911
910 912
909 913
906 914
910 915
912 916
911 917
913 918
913 919
919 920
917 921
920 922
919 923
919 924
919 925
923 926
924 927
926 928
926 929
922 930
924 931
926 932
930 933
932 934
931 935
929 936
929 937
936 938
937 939
933 940
934 941
939 942
942 943
940 944
940 945
938 946
942 947
943 948
944 949
947 950
948 951
947 952
946 953
947 954
951 955
952 956
954 957
953 958
954 959
957 960
957 961
960 962
957 963
958 964
957 965
959 966
964 967
961 968
962 969
965 970
968 971
970 972
968 973
966 974
973 975
974 976
975 977
972 978
974 979
977 980
974 981
976 982
980 983
976 984
981 985
978 986
984 987
986 988
986 989
988 990
989 991
991 992
987 993
993 994
991 995
991 996
994 997
997 998
998 999
996 1000
993 1001
994 1002
997 1003
1000 1004
1004 1005
1000 1006
1001 1007
1007 1008
1001 1009
1003 1010
1005 1011
1009 1012
1006 1013
1013 1014
1007 1015
1009 1016
1011 1017
1017 1018
1016 1019
1015 1020
1018 1021
1014 1022
1020 1023
1021 1024
1018 1025
1023 1026
1019 1027
1024 1028
1025 1029
1026 1030
1024 1031
1028 1032
1032 1033
1027 1034
1034 1035
1029 1036
1033 1037
1035 1038
1038 1039
1033 1040
1035 1041
1037 1042
1036 1043
1039 1044
1039 1045
1042 1046
1042 1047
1040 1048
1045 1049
1042 1050
1046 1051
1047 1052
1048 1053
1052 1054
1053 1055
1048 1056
1054 1057
1056 1058
1057 1059
1052 1060
1056 1061
1056 1062
1058 1063
1060 1064
1061 1065
1062 1066
1060 1067
1063 1068
1068 1069
1069 1070
1068 1071
1070 1072
1071 1073
1068 1074
1070 1075
1072 1076
1069 1077
1071 1078
1078 1079
1075 1080
1080 1081
1074 1082
1081 1083
1081 1084
1083 1085
1078 1086
1085 1087
1084 1088
1081 1089
1087 1090
1083 1091
1085 1092
1085 1093
1091 1094
1089 1095
1094 1096
1090 1097
1094 1098
1098 1099
1093 1100
1098 1101
1098 1102
1100 1103
1100 1104
1100 1105
1100 1106
1104 1107
1100 1108
1108 1109
1105 1110
1105 1111
1107 1112
1112 1113
1108 1114
1108 1115
1112 1116
1116 1117
1111 1118
1113 1119
1116 1120
1117 1121
1116 1122
1121 1123
1121 1124
1119 1125
1125 1126
1121 1127
1120 1128
1123 1129
1122 1130
1127 1131
1125 1132
1127 1133
1129 1134
1134 1135
1131 1136
1132 1137
1133 1138
1135 1139
1136 1140
1136 1141
1139 1142
1138 1143
1139 1144
1138 1145
1143 1146
1143 1147
1145 1148
1144 1149
1142 1150
1143 1151
1146 1152
1152 1153
1147 1154
1148 1155
1148 1156
1153 1157
1156 1158
1156 1159
1159 1160
1155 1161
1161 1162
1158 1163
1156 1164
1163 1165
1159 1166
1166 1167
1164 1168
1168 1169
1168 1170
1166 1171
1171 1172
1172 1173
1169 1174
1170 1175
1173 1176
1169 1177
1172 1178
1174 1179
1177 1180
1177 1181
1179 1182
1175 1183
1181 1184
1180 1185
1183 1186
1181 1187
1185 1188
1182 1189
1188 1190
1189 1191
1188 1192
1191 1193
1193 1194
1194 1195
1192 1196
1195 1197
1193 1198
1195 1199
1194 1200
1193 1201
1197 1202
1198 1203
1198 1204
1197 1205
1204 1206
1202 1207
1206 1208
1205 1209
1202 1210
1207 1211
1206 1212
1209 1213
1209 1214
1210 1215
1214 1216
1213 1217
1210 1218
1216 1219
1217 1220
1219 1221
1214 1222
1218 1223
1222 1224
1217 1225
1218 1226
1222 1227
1226 1228
1223 1229
1223 1230
1229 1231
1224 1232
1231 1233
1231 1234
1233 1235
1233 1236
1234 1237
1231 1238
1235 1239
1235 1240
1235 1241
1234 1242
1237 1243
1242 1244
1241 1245
1239 1246
1239 1247
1243 1248
1244 1249
1249 1250
1249 1251
1250 1252
1245 1253
1248 1254
1252 1255
1251 1256
1255 1257
1256 1258
1258 1259
1258 1260
1257 1261
1254 1262
1257 1263
1262 1264
1259 1265
1259 1266
1263 1267
1262 1268
1261 1269
1269 1270
1268 1271
1264 1272
1270 1273
1268 1274
1274 1275
1272 1276
1272 1277
1274 1278
1271 1279
1273 1280
1279 1281
1275 1282
1276 1283
1276 1284
1283 1285
1278 1286
1284 1287
1280 1288
1284 1289
1285 1290
1284 1291
1284 1292
1286 1293
1286 1294
1288 1295
1294 1296
1294 1297
1295 1298
1297 1299
1299 1300
1296 1301
1295 1302
1297 1303
1303 1304
1303 1305
1302 1306
1304 1307
1304 1308
1302 1309
1308 1310
1306 1311
1309 1312
1310 1313
1309 1314
1312 1315
1311 1316
1314 1317
1315 1318
1313 1319
1317 1320
1315 1321
1318 1322
1317 1323
1317 1324
1320 1325
1319 1326
1321 1327
1321 1328
1321 1329
1327 1330
1330 1331
1329 1332
1325 1333
1330 1334
1332 1335
1329 1336
1335 1337
1331 1338
1331 1339
1334 1340
1334 1341
1338 1342
1340 1343
1340 1344
1343 1345
1339 1346
1344 1347
1347 1348
1343 1349
1347 1350
1344 1351
1347 1352
1350 1353
1351 1354
1353 1355
1355 1356
1350 1357
1350 1358
1357 1359
1359 1360
1357 1361
1360 1362
1361 1363
1358 1364
1364 1365
1365 1366
1361 1367
1367 1368
1363 1369
1368 1370
1364 1371
1366 1372
1371 1373
1371 1374
1373 1375
1375 1376
1375 1377
1377 1378
1378 1379
1379 1380
1374 1381
1380 1382
1382 1383
1379 1384
1384 1385
1378 1386
1385 1387
1387 1388
1388 1389
1388 1390
1386 1391
1388 1392
1385 1393
1391 1394
1392 1395
1393 1396
1395 1397
1396 1398
1395 1399
1397 1400
1398 1401
1396 1402
1399 1403
1396 1404
1397 1405
1400 1406
1399 1407
1401 1408
1403 1409
1403 1410
1403 1411
1404 1412
1408 1413
1407 1414
1414 1415
1415 1416
1415 1417
1414 1418
1416 1419
1419 1420
1415 1421
1419 1422
1419 1423
1421 1424
1418 1425
1421 1426
1426 1427
1427 1428
1425 1429
1423 1430
1427 1431
1425 1432
1429 1433
1427 1434
1430 1435
1433 1436
1434 1437
1433 1438
1432 1439
1435 1440
1437 1441
1436 1442
1439 1443
1439 1444
1437 1445
1439 1446
1442 1447
1445 1448
1448 1449
1442 1450
1447 1451
1448 1452
1449 1453
1447 1454
1453 1455
1454 1456
1449 1457
1452 1458
1451 1459
1459 1460
1454 1461
1459 1462
1459 1463
1456 1464
1459 1465
1465 1466
1466 1467
1467 1468
1463 1469
1466 1470
1467 1471
1466 1472
1471 1473
1466 1474
1474 1475
1475 1476
1476 1477
1476 1478
1472 1479
1477 1480
1480 1481
1480 1482
1475 1483
1482 1484
1478 1485
1479 1486
1479 1487
1481 1488
1486 1489
1489 1490
1489 1491
1488 1492
1491 1493
1492 1494
1494 1495
1494 1496
1496 1497
1491 1498
1492 1499
1497 1500
1496 1501
1494 1502
1502 1503
1499 1504
1498 1505
1505 1506
1499 1507
1503 1508
1505 1509
1503 1510
1509 1511
1507 1512
1507 1513
1511 1514
1513 1515
1515 1516
1511 1517
1516 1518
1513 1519
1518 1520
1513 1521
1517 1522
1517 1523
1520 1524
1522 1525
1518 1526
1520 1527
1521 1528
1526 1529
1522 1530
1528 1531
1526 1532
1530 1533
1530 1534
1532 1535
1534 1536
1531 1537
1534 1538
1536 1539
1538 1540
1535 1541
1537 1542
1539 1543
1543 1544
1537 1545
1540 1546
1542 1547
1544 1548
1545 1549
1547 1550
1543 1551
1547 1552
1545 1553
1552 1554
1550 1555
1548 1556
1550 1557
1556 1558
1555 1559
1557 1560
1555 1561
1556 1562
1561 1563
1557 1564
1560 1565
1565 1566
1564 1567
1562 1568
1567 1569
1562 1570
1569 1571
1568 1572
1567 1573
1567 1574
1569 1575
1572 1576
1570 1577
1573 1578
1575 1579
1579 1580
1580 1581
1578 1582
1582 1583
1577 1584
1580 1585
1581 1586
1581 1587
1586 1588
1585 1589
1587 1590
1588 1591
1587 1592
1589 1593
1588 1594
1591 1595
1590 1596
1590 1597
1594 1598
1598 1599
1593 1600
1596 1601
1601 1602
1601 1603
1603 1604
1604 1605
1605 1606
1599 1607
1602 1608
1605 1609
1603 1610
1608 1611
1609 1612
1612 1613
1608 1614
1607 1615
1608 1616
1615 1617
1613 1618
1613 1619
1614 1620
1618 1621
1614 1622
1618 1623
1617 1624
1622 1625
1623 1626
1625 1627
1623 1628
1627 1629
1629 1630
1625 1631
1626 1632
1631 1633
1627 1634
1631 1635
1632 1636
1632 1637
1632 1638
1637 1639
1636 1640
1640 1641
1640 1642
1639 1643
1636 1644
1640 1645
1645 1646
1639 1647
1645 1648
1646 1649
1649 1650
1644 1651
1648 1652
1652 1653
1651 1654
1647 1655
1653 1656
1650 1657
1651 1658
1653 1659
1659 1660
1656 1661
1658 1662
1655 1663
1660 1664
1658 1665
1664 1666
1663 1667
1663 1668
1667 1669
1664 1670
1664 1671
1669 1672
1665 1673
1669 1674
1670 1675
1673 1676
1669 1677
1674 1678
1676 1679
1674 1680
1676 1681
1677 1682
1682 1683
1677 1684
1679 1685
1681 1686
1680 1687
1683 1688
1688 1689
1689 1690
1687 1691
1691 1692
1692 1693
1689 1694
1689 1695
1690 1696
1690 1697
1694 1698
1692 1699
1692 1700
1697 1701
1700 1702
1697 1703
1696 1704
1699 1705
1701 1706
1700 1707
1707 1708
1704 1709
1705 1710
1707 1711
1711 1712
1711 1713
1712 1714
1714 1715
1711 1716
1715 1717
1712 1718
1716 1719
1713 1720
1719 1721
1716 1722
1718 1723
1718 1724
1720 1725
1719 1726
1722 1727
1724 1728
1725 1729
1724 1730
1725 1731
1725 1732
1727 1733
1730 1734
1728 1735
1733 1736
1733 1737
1731 1738
1732 1739
1735 1740
1737 1741
1737 1742
1735 1743
1737 1744
1742 1745
1738 1746
1739 1747
1747 1748
1741 1749
1742 1750
1745 1751
1744 1752
1746 1753
1750 1754
1747 1755
1749 1756
1752 1757
1753 1758
1754 1759
1757 1760
1756 1761
1756 1762
1762 1763
1758 1764
1758 1765
1759 1766
1760 1767
1767 1768
1763 1769
1762 1770
1766 1771
1769 1772
1767 1773
1771 1774
1768 1775
1768 1776
1770 1777
1776 1778
1772 1779
1778 1780
1774 1781
1778 1782
1777 1783
1776 1784
1781 1785
1785 1786
1779 1787
1783 1788
1786 1789
1787 1790
1783 1791
1786 1792
1789 1793
1792 1794
1794 1795
1791 1796
1795 1797
1793 1798
1793 1799
1798 1800
1798 1801
1797 1802
1797 1803
1803 1804
1802 1805
1801 1806
1802 1807
1801 1808
1802 1809
1802 1810
1808 1811
1804 1812
1810 1813
1809 1814
1812 1815
1810 1816
1816 1817
1810 1818
1817 1819
1819 1820
1816 1821
1817 1822
1818 1823
1822 1824
1818 1825
1820 1826
1824 1827
1822 1828
1827 1829
1825 1830
1828 1831
1826 1832
1826 1833
1826 1834
1828 1835
1830 1836
1830 1837
1835 1838
1835 1839
1836 1840
1838 1841
1836 1842
1838 1843
1841 1844
1839 1845
1839 1846
1846 1847
1842 1848
1841 1849
1842 1850
1846 1851
1845 1852
1850 1853
1846 1854
1849 1855
1849 1856
1855 1857
1853 1858
1854 1859
1853 1860
1857 1861
1861 1862
1859 1863
1856 1864
1861 1865
1859 1866
1864 1867
1866 1868
1864 1869
1866 1870
1867 1871
1870 1872
1871 1873
1868 1874
1868 1875
1868 1876
1875 1877
1870 1878
1877 1879
1878 1880
1878 1881
1876 1882
1877 1883
1877 1884
1884 1885
1883 1886
1883 1887
1887 1888
1884 1889
1886 1890
1884 1891
1886 1892
1887 1893
1888 1894
1889 1895
1889 1896
1896 1897
1895 1898
1894 1899
1899 1900
1894 1901
1900 1902
1900 1903
1901 1904
1903 1905
1898 1906
1900 1907
1904 1908
1904 1909
1905 1910
1910 1911
1908 1912
1905 1913
1906 1914
1914 1915
1908 1916
1913 1917
1916 1918
1913 1919
1916 1920
1915 1921
1920 1922
1922 1923
1916 1924
1918 1925
1918 1926
1921 1927
1920 1928
1927 1929
1929 1930
1928 1931
1931 1932
1925 1933
1927 1934
1933 1935
1934 1936
1935 1937
1934 1938
1933 1939
1937 1940
1938 1941
1936 1942
1938 1943
1939 1944
1939 1945
1939 1946
1939 1947
1940 1948
1946 1949
1946 1950
1948 1951
1951 1952
1945 1953
1949 1954
1948 1955
1953 1956
1951 1957
1955 1958
1953 1959
1952 1960
1954 1961
1957 1962
1961 1963
1957 1964
1959 1965
1965 1966
1964 1967
1960 1968
1967 1969
1967 1970
1970 1971
1971 1972
1970 1973
1969 1974
1969 1975
1975 1976
1972 1977
1972 1978
1977 1979
1979 1980
1974 1981
1979 1982
1981 1983
1979 1984
1978 1985
1978 1986
1979 1987
1984 1988
1984 1989
1983 1990
1990 1991
1990 1992
1990 1993
1986 1994
1989 1995
1989 1996
1992 1997
1996 1998
1997 1999
1996 2000
1994 2001
1994 2002
1996 2003
2001 2004
2003 2005
1999 2006
2002 2007
2001 2008
2001 2009
2009 2010
2006 2011
2010 2012
2006 2013
2008 2014
2013 2015
2011 2016
2009 2017
2012 2018
2011 2019
2018 2020
2013 2021
2019 2022
2022 2023
2022 2024
2020 2025
2018 2026
2020 2027
2021 2028
2022 2029
2024 2030
2030 2031
2027 2032
2027 2033
2031 2034
2028 2035
2034 2036
2034 2037
2037 2038
2036 2039
2038 2040
2033 2041
2036 2042
2039 2043
2041 2044
2039 2045
2041 2046
2045 2047
2042 2048
2043 2049
2042 2050
2044 2051
2045 2052
2050 2053
2046 2054
2052 2055
2054 2056
2053 2057
2056 2058
2054 2059
2054 2060
2055 2061
2055 2062
2060 2063
2059 2064
2057 2065
2063 2066
2061 2067
2063 2068
2067 2069
2066 2070
2065 2071
2064 2072
2069 2073
2070 2074
2068 2075
2075 2076
2075 2077
2077 2078
2076 2079
2072 2080
2078 2081
2078 2082
2077 2083
2082 2084
2080 2085
2084 2086
2082 2087
2085 2088
2084 2089
2087 2090
2083 2091
2088 2092
2085 2093
2089 2094
2089 2095
2094 2096
2094 2097
2096 2098
2098 2099
2095 2100
2097 2101
2094 2102
2101 2103
2097 2104
2102 2105
2100 2106
2099 2107
2105 2108
2107 2109
2109 2110
2107 2111
2111 2112
2112 2113
2110 2114
2107 2115
2109 2116
2111 2117
2114 2118
2117 2119
2113 2120
2117 2121
2121 2122
2122 2123
2117 2124
2118 2125
2118 2126
2121 2127
2125 2128
2124 2129
2127 2130
2130 2131
2126 2132
2131 2133
2128 2134
2130 2135
2132 2136
2136 2137
2132 2138
2138 2139
2139 2140
2134 2141
2135 2142
2135 2143
2138 2144
2139 2145
2140 2146
2146 2147
2142 2148
2146 2149
2142 2150
2145 2151
2150 2152
2148 2153
2151 2154
2153 2155
2151 2156
2154 2157
2156 2158
2157 2159
2157 2160
2156 2161
2159 2162
2159 2163
2157 2164
2164 2165
2163 2166
2165 2167
2165 2168
2161 2169
2162 2170
2163 2171
2171 2172
2168 2173
2169 2174
2174 2175
2169 2176
2173 2177
2174 2178
2174 2179
2177 2180
2178 2181
2178 2182
2181 2183
2176 2184
2183 2185
2178 2186
2183 2187
2186 2188
2188 2189
2187 2190
2189 2191
2191 2192
2189 2193
2192 2194
2192 2195
2190 2196
2195 2197
2196 2198
2195 2199
2196 2200
2193 2201
2197 2202
2201 2203
2199 2204
2203 2205
2198 2206
2200 2207
2204 2208
2205 2209
2206 2210
2210 2211
2205 2212
2209 2213
2211 2214
2212 2215
2208 2216
2216 2217
2217 2218
2215 2219
2212 2220
2217 2221
2215 2222
2216 2223
2221 2224
2219 2225
2221 2226
2223 2227
2224 2228
2223 2229
2228 2230
2230 2231
2224 2232
2232 2233
2228 2234
2230 2235
2235 2236
2231 2237
2237 2238
2236 2239
2236 2240
2238 2241
2237 2242
2236 2243
2240 2244
2238 2245
2242 2246
2244 2247
2242 2248
2243 2249
2244 2250
2247 2251
2244 2252
2245 2253
2248 2254
2248 2255
2250 2256
2256 2257
2256 2258
2252 2259
2253 2260
2253 2261
2256 2262
2261 2263
2256 2264
2261 2265
2264 2266
2260 2267
2265 2268
2265 2269
2268 2270
2267 2271
2264 2272
2268 2273
2271 2274
2273 2275
2271 2276
2269 2277
2274 2278
2278 2279
2277 2280
2279 2281
2278 2282
2279 2283
2277 2284
2277 2285
2280 2286
2283 2287
2284 2288
2287 2289
2284 2290
2286 2291
2289 2292
2291 2293
2288 2294
2287 2295
2291 2296
2295 2297
2296 2298
2297 2299
2294 2300
2296 2301
2300 2302
2296 2303
2300 2304
2301 2305
2300 2306
2299 2307
2302 2308
2307 2309
2302 2310
2303 2311
2308 2312
2309 2313
2306 2314
2308 2315
2309 2316
2313 2317
2313 2318
2318 2319
2312 2320
2313 2321
2321 2322
2321 2323
2321 2324
2318 2325
2320 2326
2322 2327
2323 2328
2321 2329
2325 2330
2328 2331
2325 2332
2326 2333
2330 2334
2328 2335
2332 2336
2330 2337
2332 2338
2338 2339
2339 2340
2333 2341
2341 2342
2338 2343
2343 2344
2343 2345
2340 2346
2341 2347
2342 2348
2348 2349
2348 2350
2344 2351
2345 2352
2347 2353
2348 2354
2353 2355
2348 2356
2353 2357
2355 2358
2358 2359
2353 2360
2358 2361
2354 2362
2361 2363
2363 2364
2360 2365
2360 2366
2359 2367
2360 2368
2364 2369
2363 2370
2366 2371
2364 2372
2371 2373
2366 2374
2369 2375
2368 2376
2369 2377
2375 2378
2375 2379
2377 2380
2375 2381
2379 2382
2379 2383
2380 2384
2384 2385
2385 2386
2385 2387
2381 2388
2385 2389
2387 2390
2383 2391
2384 2392
2390 2393
2392 2394
2393 2395
2388 2396
2390 2397
2391 2398
2393 2399
2397 2400
2397 2401
2399 2402
2396 2403
2401 2404
2400 2405
2403 2406
2400 2407
2405 2408
2401 2409
2409 2410
2406 2411
2411 2412
2409 2413
2407 2414
2412 2415
2415 2416
2409 2417
2416 2418
2416 2419
2413 2420
2420 2421
2419 2422
2418 2423
2420 2424
2420 2425
2420 2426
2421 2427
2427 2428
2421 2429
2424 2430
2423 2431
2425 2432
2432 2433
2426 2434
2434 2435
2431 2436
2436 2437
2430 2438
2438 2439
2439 2440
2440 2441
2434 2442
2441 2443
2437 2444
2444 2445
2443 2446
2441 2447
2446 2448
2447 2449
2448 2450
2446 2451
2444 2452
2445 2453
2447 2454
2451 2455
2450 2456
2451 2457
2453 2458
2457 2459
2456 2460
2453 2461
2459 2462
2461 2463
2463 2464
2462 2465
2463 2466
2459 2467
2460 2468
2463 2469
2462 2470
2464 2471
2465 2472
2466 2473
2466 2474
2473 2475
2470 2476
2476 2477
2472 2478
2472 2479
2474 2480
2474 2481
2478 2482
2480 2483
2477 2484
2482 2485
2480 2486
2484 2487
2486 2488
2487 2489
2483 2490
2488 2491
2487 2492
2489 2493
2492 2494
2491 2495
2493 2496
2491 2497
2492 2498
2498 2499
2496 2500
2500 2501
2496 2502
2499 2503
2501 2504
2504 2505
2501 2506
2500 2507
2507 2508
2503 2509
2506 2510
2509 2511
2510 2512
2510 2513
2509 2514
2514 2515
2513 2516
2515 2517
2513 2518
2512 2519
2517 2520
2518 2521
2516 2522
2516 2523
2517 2524
2517 2525
2522 2526
2519 2527
2527 2528
2527 2529
2528 2530
2524 2531
2530 2532
2531 2533
2533 2534
2529 2535
2534 2536
2536 2537
2534 2538
2532 2539
2537 2540
2538 2541
2537 2542
2535 2543
2541 2544
2542 2545
2544 2546
2543 2547
2541 2548
2544 2549
2543 2550
2549 2551
2548 2552
2552 2553
2549 2554
2548 2555
2550 2556
2556 2557
2556 2558
2552 2559
2559 2560
2553 2561
2560 2562
2556 2563
2563 2564
2559 2565
2565 2566
2561 2567
2564 2568
2562 2569
2569 2570
2563 2571
2566 2572
2569 2573
2571 2574
2573 2575
2571 2576
2572 2577
2573 2578
2575 2579
2578 2580
2579 2581
2581 2582
2577 2583
2577 2584
2581 2585
2578 2586
2584 2587
2582 2588
2582 2589
2584 2590
2584 2591
2585 2592
2592 2593
2593 2594
2590 2595
2592 2596
2595 2597
2593 2598
2596 2599
2596 2600
2594 2601
2597 2602
2599 2603
2598 2604
2603 2605
2600 2606
2602 2607
2605 2608
2608 2609
2608 2610
2604 2611
2609 2612
2607 2613
2608 2614
2608 2615
2613 2616
2616 2617
2617 2618
2614 2619
2613 2620
2617 2621
2620 2622
2619 2623
2623 2624
2624 2625
2623 2626
2624 2627
2623 2628
2622 2629
2623 2630
2626 2631
2627 2632
2629 2633
2633 2634
2629 2635
2634 2636
2632 2637
2631 2638
2632 2639
2638 2640
2640 2641
2637 2642
2639 2643
2641 2644
2643 2645
2643 2646
2645 2647
2644 2648
2641 2649
2649 2650
2648 2651
2650 2652
2645 2653
2651 2654
2654 2655
2649 2656
2653 2657
2657 2658
2654 2659
2655 2660
2657 2661
2659 2662
2661 2663
2658 2664
2663 2665
2663 2666
2659 2667
2661 2668
2665 2669
2665 2670
2667 2671
2668 2672
2670 2673
2669 2674
2667 2675
2675 2676
2669 2677
2677 2678
2671 2679
2679 2680
2678 2681
2674 2682
2682 2683
2679 2684
2684 2685
2685 2686
2680 2687
2684 2688
2687 2689
2688 2690
2690 2691
2690 2692
2689 2693
2686 2694
2692 2695
2695 2696
2691 2697
2695 2698
2694 2699
2693 2700
2694 2701
2694 2702
2698 2703
2699 2704
2697 2705
2703 2706
2702 2707
2702 2708
2704 2709
2707 2710
2708 2711
2708 2712
2711 2713
2709 2714
2713 2715
2711 2716
2714 2717
2715 2718
2717 2719
2716 2720
2717 2721
2716 2722
2719 2723
2719 2724
2721 2725
2723 2726
2721 2727
2722 2728
2727 2729
2729 2730
2727 2731
2727 2732
2726 2733
2732 2734
2729 2735
2730 2736
2729 2737
2736 2738
2738 2739
2738 2740
2734 2741
2741 2742
2737 2743
2739 2744
2744 2745
2745 2746
2739 2747
2742 2748
2744 2749
2747 2750
2750 2751
2744 2752
2745 2753
2753 2754
2749 2755
2750 2756
2752 2757
2753 2758
2756 2759
2754 2760
2755 2761
2760 2762
2759 2763
2761 2764
2758 2765
2760 2766
2764 2767
2760 2768
2766 2769
2762 2770
2764 2771
2770 2772
2770 2773
2770 2774
2768 2775
2774 2776
2774 2777
2773 2778
2771 2779
2778 2780
2778 2781
2778 2782
2779 2783
2776 2784
2780 2785
2785 2786
2784 2787
2783 2788
2784 2789
2788 2790
2790 2791
2789 2792
2788 2793
2791 2794
2790 2795
2788 2796
2790 2797
2796 2798
2795 2799
2798 2800
2798 2801
2799 2802
2802 2803
2798 2804
2800 2805
2803 2806
2799 2807
2802 2808
2805 2809
2807 2810
2807 2811
2806 2812
2806 2813
2808 2814
2810 2815
2813 2816
2813 2817
2816 2818
2815 2819
2815 2820
2816 2821
2819 2822
2815 2823
2816 2824
2817 2825
2818 2826
2824 2827
2825 2828
2824 2829
2825 2830
2825 2831
2829 2832
2832 2833
2832 2834
2834 2835
2830 2836
2829 2837
2832 2838
2831 2839
2839 2840
2838 2841
2837 2842
2840 2843
2839 2844
2837 2845
2844 2846
2839 2847
2844 2848
2843 2849
2847 2850
2846 2851
2846 2852
2847 2853
2853 2854
2853 2855
2854 2856
2850 2857
2854 2858
2857 2859
2852 2860
2853 2861
2854 2862
2862 2863
2863 2864
2863 2865
2864 2866
2861 2867
2866 2868
2868 2869
2869 2870
2870 2871
2865 2872
2867 2873
2871 2874
2874 2875
2875 2876
2875 2877
2876 2878
2876 2879
2875 2880
2876 2881
2877 2882
2880 2883
2880 2884
2880 2885
2883 2886
2882 2887
2884 2888
2887 2889
2884 2890
2888 2891
2889 2892
2891 2893
2886 2894
2891 2895
2893 2896
2891 2897
2895 2898
2891 2899
2896 2900
2895 2901
2900 2902
2896 2903
2899 2904
2901 2905
2904 2906
2901 2907
2904 2908
2905 2909
2908 2910
2909 2911
2906 2912
2905 2913
2908 2914
2909 2915
2911 2916
2911 2917
2911 2918
2915 2919
2917 2920
2916 2921
2921 2922
2915 2923
2918 2924
2920 2925
2919 2926
2920 2927
2920 2928
2926 2929
2924 2930
2929 2931
2924 2932
2929 2933
2932 2934
2930 2935
2933 2936
2930 2937
2930 2938
2933 2939
2932 2940
2940 2941
2941 2942
2938 2943
2936 2944
2942 2945
2939 2946
2940 2947
2944 2948
2944 2949
2944 2950
2945 2951
2948 2952
2947 2953
2951 2954
2948 2955
2951 2956
2949 2957
2953 2958
2956 2959
2953 2960
2958 2961
2961 2962
2961 2963
2961 2964
2961 2965
2963 2966
2963 2967
2964 2968
2965 2969
2967 2970
2963 2971
2964 2972
2972 2973
2967 2974
2971 2975
2971 2976
2969 2977
2973 2978
2973 2979
2979 2980
2978 2981
2976 2982
2980 2983
2976 2984
2977 2985
2980 2986
2986 2987
2981 2988
2988 2989
2985 2990
2984 2991
2991 2992
2986 2993
2988 2994
2988 2995
2988 2996
2996 2997
2991 2998
2996 2999
2995 3000
2994 3001
2995 3002
2999 3003
3003 3004
3003 3005
3003 3006
3006 3007
3005 3008
3006 3009
3007 3010
3005 3011
3008 3012
3011 3013
3012 3014
3014 3015
3014 3016
3010 3017
3011 3018
3018 3019
3016 3020
3015 3021
3015 3022
3017 3023
3018 3024
3018 3025
3023 3026
3021 3027
3026 3028
3025 3029
3025 3030
3025 3031
3028 3032
3030 3033
3031 3034
3031 3035
3032 3036
3035 3037
3033 3038
3034 3039
3033 3040
3036 3041
3041 3042
3041 3043
3043 3044
3041 3045
3043 3046
3044 3047
3040 3048
3044 3049
3045 3050
3047 3051
3046 3052
3046 3053
3047 3054
3051 3055
3054 3056
3054 3057
3057 3058
3058 3059
3053 3060
3054 3061
3056 3062
3061 3063
3062 3064
3063 3065
3064 3066
3063 3067
3064 3068
3063 3069
3063 3070
3068 3071
3068 3072
3069 3073
3073 3074
3069 3075
3070 3076
3073 3077
3072 3078
3074 3079
3075 3080
3076 3081
3075 3082
3077 3083
3082 3084
3083 3085
3085 3086
3081 3087
3085 3088
3086 3089
3082 3090
3087 3091
3086 3092
3087 3093
3089 3094
3091 3095
3092 3096
3096 3097
3094 3098
3094 3099
3094 3100
3096 3101
3098 3102
3102 3103
3103 3104
3098 3105
3102 3106
3105 3107
3107 3108
3104 3109
3105 3110
3105 3111
3105 3112
3110 3113
3113 3114
3110 3115
3111 3116
3111 3117
3116 3118
3111 3119
3113 3120
3120 3121
3117 3122
3122 3123
3119 3124
3118 3125
3122 3126
3121 3127
3127 3128
3121 3129
3128 3130
3127 3131
3127 3132
3128 3133
3129 3134
3130 3135
3128 3136
3129 3137
3132 3138
3136 3139
3137 3140
3137 3141
3140 3142
3140 3143
3140 3144
3140 3145
3138 3146
3141 3147
3146 3148
3142 3149
3142 3150
3149 3151
3144 3152
3152 3153
3149 3154
3148 3155
3154 3156
3152 3157
3156 3158
3152 3159
3158 3160
3156 3161
3157 3162
3157 3163
3162 3164
3157 3165
3160 3166
3159 3167
3166 3168
3163 3169
3163 3170
3165 3171
3167 3172
3167 3173
3169 3174
3171 3175
3173 3176
3175 3177
3176 3178
3173 3179
3178 3180
3175 3181
3174 3182
3175 3183
3179 3184
3178 3185
3180 3186
3183 3187
3185 3188
3184 3189
3187 3190
3190 3191
3187 3192
3191 3193
3189 3194
3188 3195
3188 3196
3194 3197
3196 3198
3198 3199
3192 3200
3200 3201
3200 3202
3200 3203
3198 3204
3202 3205
3205 3206
3206 3207
3206 3208
3208 3209
3203 3210
3205 3211
3207 3212
3205 3213
3213 3214
3211 3215
3212 3216
3215 3217
3214 3218
3215 3219
3219 3220
3214 3221
3221 3222
3216 3223
3221 3224
3218 3225
3218 3226
3220 3227
3223 3228
3224 3229
3225 3230
3227 3231
3226 3232
3225 3233
3226 3234
3227 3235
3234 3236
3231 3237
3231 3238
3238 3239
3237 3240
3236 3241
3241 3242
3238 3243
3237 3244
3241 3245
3241 3246
3239 3247
3246 3248
3245 3249
3245 3250
3250 3251
3247 3252
3251 3253
3246 3254
3248 3255
3252 3256
3252 3257
3256 3258
3253 3259
3259 3260
3259 3261
3260 3262
3256 3263
3257 3264
3262 3265
3262 3266
3263 3267
3266 3268
3266 3269
3266 3270
3264 3271
3265 3272
3271 3273
3268 3274
3274 3275
3273 3276
3270 3277
3276 3278
3271 3279
3278 3280
3280 3281
3280 3282
3276 3283
3279 3284
3284 3285
3280 3286
3283 3287
3283 3288
3285 3289
3286 3290
3283 3291
3288 3292
3285 3293
3286 3294
3291 3295
3295 3296
3289 3297
3292 3298
3293 3299
3292 3300
3293 3301
3297 3302
3297 3303
3296 3304
3298 3305
3302 3306
3300 3307
3305 3308
3305 3309
3302 3310
3305 3311
3308 3312
3309 3313
3313 3314
3314 3315
3309 3316
3311 3317
3316 3318
3311 3319
3317 3320
3313 3321
3317 3322
3316 3323
3317 3324
3324 3325
3324 3326
3324 3327
3325 3328
3326 3329
3322 3330
3325 3331
3329 3332
3329 3333
3327 3334
3333 3335
3328 3336
3336 3337
3334 3338
3338 3339
3339 3340
3338 3341
3336 3342
3340 3343
3343 3344
3341 3345
3340 3346
3342 3347
3340 3348
3344 3349
3348 3350
3350 3351
3347 3352
3351 3353
3352 3354
3351 3355
3349 3356
3350 3357
3357 3358
3358 3359
3356 3360
3357 3361
3354 3362
3360 3363
3357 3364
3359 3365
3360 3366
3361 3367
3366 3368
3366 3369
3366 3370
3369 3371
3371 3372
3368 3373
3370 3374
3368 3375
3374 3376
3374 3377
3375 3378
3372 3379
3372 3380
3380 3381
3376 3382
3382 3383
3380 3384
3380 3385
3384 3386
3383 3387
3387 3388
3384 3389
3386 3390
3388 3391
3385 3392
3385 3393
3387 3394
3394 3395
3389 3396
3390 3397
3391 3398
3398 3399
3398 3400
3399 3401
3394 3402
3400 3403
3396 3404
3401 3405
3405 3406
3402 3407
3406 3408
3407 3409
3405 3410
3404 3411
3411 3412
3405 3413
3412 3414
3414 3415
3413 3416
3414 3417
3413 3418
3416 3419
3412 3420
3414 3421
3414 3422
3422 3423
3421 3424
3423 3425
3423 3426
3419 3427
3420 3428
3421 3429
3425 3430
3428 3431
3424 3432
3431 3433
3427 3434
3431 3435
3428 3436
3436 3437
3434 3438
3435 3439
3438 3440
3439 3441
3435 3442
3438 3443
3443 3444
3440 3445
3438 3446
3442 3447
3447 3448
3441 3449
3443 3450
3446 3451
3450 3452
3446 3453
3451 3454
3452 3455
3451 3456
3454 3457
3454 3458
3451 3459
3457 3460
3454 3461
3458 3462
3462 3463
3461 3464
3462 3465
3459 3466
3465 3467
3461 3468
3465 3469
3467 3470
3470 3471
3471 3472
3470 3473
3468 3474
3468 3475
3471 3476
3476 3477
3474 3478
3474 3479
3479 3480
3475 3481
3478 3482
3478 3483
3480 3484
3482 3485
3483 3486
3480 3487
3486 3488
3482 3489
3489 3490
3485 3491
3487 3492
3485 3493
3487 3494
3491 3495
3494 3496
3492 3497
3492 3498
3493 3499
3492 3500
3493 3501
3499 3502
3495 3503
3497 3504
3499 3505
3502 3506
3503 3507
3500 3508
3504 3509
3507 3510
3510 3511
3507 3512
3505 3513
3506 3514
3507 3515
3511 3516
3513 3517
3516 3518
3515 3519
3518 3520
3515 3521
3514 3522
3520 3523
3523 3524
3517 3525
3519 3526
3524 3527
3526 3528
3525 3529
3528 3530
3530 3531
3524 3532
3528 3533
3530 3534
3531 3535
3534 3536
3529 3537
3537 3538
3536 3539
3535 3540
3535 3541
3541 3542
3536 3543
3536 3544
3537 3545
3539 3546
3544 3547
3542 3548
3542 3549
3545 3550
3548 3551
3544 3552
3547 3553
3550 3554
3553 3555
3552 3556
3555 3557
3557 3558
3557 3559
3552 3560
3557 3561
3559 3562
3562 3563
3556 3564
3563 3565
3563 3566
3563 3567
3561 3568
3562 3569
3564 3570
3566 3571
3564 3572
3572 3573
3568 3574
3572 3575
3575 3576
3576 3577
3570 3578
3571 3579
3576 3580
3577 3581
3575 3582
3580 3583
3579 3584
3580 3585
3579 3586
3586 3587
3580 3588
3585 3589
3582 3590
3587 3591
3585 3592
3586 3593
3586 3594
3589 3595
3593 3596
3594 3597
3593 3598
3597 3599
3599 3600
3599 3601
3601 3602
3596 3603
3599 3604
3603 3605
3599 3606
3604 3607
3606 3608
3607 3609
3603 3610
3607 3611
3611 3612
3605 3613
3612 3614
3611 3615
3612 3616
3613 3617
3616 3618
3617 3619
3613 3620
3617 3621
3617 3622
3619 3623
3623 3624
3619 3625
3623 3626
3625 3627
3623 3628
3627 3629
3626 3630
3627 3631
3627 3632
3627 3633
3628 3634
3633 3635
3632 3636
3629 3637
3637 3638
3632 3639
3638 3640
3637 3641
3636 3642
3640 3643
3643 3644
3642 3645
3638 3646
3644 3647
3643 3648
3643 3649
3645 3650
3649 3651
3644 3652
3652 3653
3647 3654
3653 3655
3650 3656
3654 3657
3653 3658
3657 3659
3658 3660
3654 3661
3660 3662
3662 3663
3661 3664
3664 3665
3663 3666
3665 3667
3663 3668
3662 3669
3666 3670
3668 3671
3671 3672
3672 3673
3671 3674
3668 3675
3670 3676
3676 3677
3673 3678
3676 3679
3677 3680
3680 3681
3681 3682
3677 3683
3682 3684
3680 3685
3681 3686
3679 3687
3683 3688
3683 3689
3686 3690
3686 3691
3690 3692
3688 3693
3693 3694
3688 3695
3689 3696
3695 3697
3693 3698
3694 3699
3693 3700
3699 3701
3698 3702
3702 3703
3700 3704
3702 3705
3704 3706
3705 3707
3704 3708
3701 3709
3705 3710
3704 3711
3704 3712
3711 3713
3713 3714
3711 3715
3713 3716
3711 3717
3716 3718
3716 3719
3716 3720
3713 3721
3714 3722
3717 3723
3723 3724
3724 3725
3722 3726
3721 3727
3721 3728
3725 3729
3722 3730
3724 3731
3731 3732
3726 3733
3726 3734
3729 3735
3733 3736
3733 3737
3736 3738
3733 3739
3734 3740
3733 3741
3740 3742
3742 3743
3739 3744
3738 3745
3742 3746
3741 3747
3740 3748
3748 3749
3746 3750
3748 3751
3747 3752
3747 3753
3753 3754
3754 3755
3754 3756
3751 3757
3752 3758
3751 3759
3758 3760
3759 3761
3761 3762
3757 3763
3760 3764
3758 3765
3765 3766
3759 3767
3762 3768
3767 3769
3768 3770
3768 3771
3767 3772
3768 3773
3771 3774
3771 3775
3771 3776
3772 3777
3776 3778
3774 3779
3779 3780
3779 3781
3781 3782
3776 3783
3783 3784
3780 3785
3779 3786
3780 3787
3782 3788
3781 3789
3786 3790
3790 3791
3784 3792
3791 3793
3790 3794
3787 3795
3790 3796
3794 3797
3790 3798
3792 3799
3795 3800
3799 3801
3796 3802
3802 3803
3799 3804
3802 3805
3803 3806
3802 3807
3802 3808
3808 3809
3807 3810
3806 3811
3810 3812
3807 3813
3806 3814
3809 3815
3813 3816
3815 3817
3814 3818
3811 3819
3819 3820
3814 3821
3815 3822
3821 3823
3816 3824
3824 3825
3822 3826
3825 3827
3821 3828
3821 3829
3828 3830
3824 3831
3827 3832
3830 3833
3830 3834
3830 3835
3830 3836
3836 3837
3833 3838
3831 3839
3838 3840
3834 3841
3834 3842
3835 3843
3842 3844
3840 3845
3843 3846
3840 3847
3842 3848
3843 3849
3843 3850
3849 3851
3844 3852
3846 3853
3852 3854
3852 3855
3853 3856
3856 3857
3852 3858
3858 3859
3857 3860
3854 3861
3856 3862
3859 3863
3860 3864
3863 3865
3863 3866
3863 3867
3867 3868
3866 3869
3863 3870
3867 3871
3864 3872
3872 3873
3869 3874
3870 3875
3870 3876
3874 3877
3872 3878
3875 3879
3877 3880
3873 3881
3877 3882
3875 3883
3880 3884
3882 3885
3878 3886
3879 3887
3880 3888
3883 3889
3884 3890
3885 3891
3886 3892
3890 3893
3887 3894
3887 3895
3890 3896
3890 3897
3895 3898
3893 3899
3892 3900
3899 3901
3898 3902
3899 3903
3896 3904
3903 3905
3903 3906
3906 3907
3903 3908
3902 3909
3902 3910
3903 3911
3907 3912
3907 3913
3909 3914
3912 3915
3910 3916
3909 3917
3910 3918
3911 3919
3914 3920
3913 3921
3918 3922
3917 3923
3919 3924
3917 3925
3920 3926
3919 3927
3920 3928
3927 3929
3923 3930
3930 3931
3930 3932
3930 3933
3931 3934
3927 3935
3929 3936
3934 3937
3935 3938
3933 3939
3938 3940
3936 3941
3941 3942
3936 3943
3940 3944
3944 3945
3938 3946
3939 3947
3945 3948
3944 3949
3949 3950
3948 3951
3951 3952
3950 3953
3946 3954
3953 3955
3952 3956
3950 3957
3955 3958
3955 3959
3957 3960
3957 3961
3956 3962
3960 3963
3957 3964
3957 3965
3958 3966
3965 3967
3967 3968
3963 3969
3968 3970
3967 3971
3965 3972
3969 3973
3966 3974
3969 3975
3972 3976
3974 3977
3973 3978
3977 3979
3972 3980
3978 3981
3980 3982
3980 3983
3976 3984
3982 3985
3982 3986
3986 3987
3981 3988
3985 3989
3983 3990
3987 3991
3987 3992
3987 3993
3986 3994
3989 3995
3993 3996
3991 3997
3990 3998
3993 3999
3993 4000
3997 4001
4000 4002
3995 4003
4000 4004
4003 4005
3999 4006
4000 4007
4002 4008
4005 4009
4006 4010
4005 4011
4011 4012
4008 4013
4013 4014
4014 4015
4009 4016
4015 4017
4011 4018
4011 4019
4018 4020
4019 4021
4017 4022
4018 4023
4018 4024
4020 4025
4022 4026
4021 4027
4026 4028
4022 4029
4027 4030
4027 4031
4024 4032
4030 4033
4028 4034
4030 4035
4028 4036
4030 4037
4033 4038
4037 4039
4032 4040
4035 4041
4036 4042
4042 4043
4041 4044
4038 4045
4045 4046
4039 4047
4044 4048
4043 4049
4045 4050
4050 4051
4047 4052
4049 4053
4049 4054
4052 4055
4051 4056
4053 4057
4051 4058
4056 4059
4053 4060
4055 4061
4061 4062
4061 4063
4060 4064
4064 4065
4065 4066
4064 4067
4061 4068
4061 4069
4068 4070
4068 4071
4068 4072
4068 4073
4067 4074
4072 4075
4069 4076
4072 4077
4074 4078
4077 4079
4072 4080
4080 4081
4078 4082
4080 4083
4076 4084
4081 4085
4080 4086
4085 4087
4087 4088
4081 4089
4083 4090
4090 4091
4086 4092
4087 4093
4088 4094
4091 4095
4089 4096
4093 4097
4090 4098
4091 4099
4093 4100
4098 4101
4098 4102
4101 4103
4099 4104
4103 4105
4104 4106
4103 4107
4106 4108
4106 4109
4105 4110
4107 4111
4108 4112
4110 4113
4106 4114
4112 4115
4110 4116
4111 4117
4115 4118
4116 4119
4115 4120
4115 4121
4118 4122
4121 4123
4121 4124
4118 4125
4124 4126
4126 4127
4124 4128
4121 4129
4124 4130
4129 4131
4125 4132
4126 4133
4129 4134
4133 4135
4135 4136
4131 4137
4132 4138
4136 4139
4135 4140
4138 4141
4136 4142
4136 4143
4136 4144
4143 4145
4143 4146
4139 4147
4140 4148
4143 4149
4147 4150
4149 4151
4151 4152
4148 4153
4152 4154
4150 4155
4150 4156
4150 4157
4156 4158
4152 4159
4159 4160
4154 4161
4157 4162
4157 4163
4157 4164
4163 4165
4163 4166
4166 4167
4163 4168
4164 4169
4166 4170
4168 4171
4169 4172
4169 4173
4173 4174
4170 4175
4175 4176
4170 4177
4175 4178
4176 4179
4179 4180
4178 4181
4181 4182
4178 4183
4181 4184
4178 4185
4182 4186
4183 4187
4180 4188
4188 4189
4184 4190
4183 4191
4187 4192
4191 4193
4189 4194
4192 4195
4188 4196
4191 4197
4195 4198
4194 4199
4195 4200
4194 4201
4197 4202
4202 4203
4200 4204
4204 4205
4205 4206
4200 4207
4205 4208
4204 4209
4205 4210
4207 4211
4204 4212
4212 4213
4212 4214
4212 4215
4209 4216
4214 4217
4212 4218
4217 4219
4214 4220
4218 4221
4220 4222
4220 4223
4222 4224
4221 4225
4218 4226
4221 4227
4227 4228
4224 4229
4229 4230
4225 4231
4224 4232
4225 4233
4230 4234
4230 4235
4231 4236
4236 4237
4230 4238
4231 4239
4232 4240
4237 4241
4234 4242
4241 4243
4237 4244
4237 4245
4242 4246
4243 4247
4247 4248
4248 4249
4244 4250
4248 4251
4246 4252
4247 4253
4250 4254
4251 4255
4252 4256
4249 4257
4256 4258
4252 4259
4254 4260
4258 4261
4260 4262
4255 4263
4261 4264
4263 4265
4260 4266
4266 4267
4267 4268
4265 4269
4266 4270
4270 4271
4270 4272
4267 4273
4267 4274
4268 4275
4275 4276
4273 4277
4272 4278
4274 4279
4274 4280
4276 4281
4279 4282
4276 4283
4277 4284
4277 4285
4284 4286
4283 4287
4283 4288
4282 4289
4286 4290
4283 4291
4291 4292
4287 4293
4293 4294
4291 4295
4294 4296
4294 4297
4297 4298
4292 4299
4295 4300
4295 4301
4296 4302
4299 4303
4297 4304
4300 4305
4300 4306
4303 4307
4306 4308
4302 4309
4305 4310
4305 4311
4311 4312
4311 4313
4306 4314
4313 4315
4313 4316
4309 4317
4311 4318
4312 4319
4319 4320
4316 4321
4318 4322
4317 4323
4323 4324
4319 4325
4324 4326
4323 4327
4321 4328
4323 4329
4322 4330
4330 4331
4328 4332
4325 4333
4327 4334
4327 4335
4330 4336
4331 4337
4334 4338
4334 4339
4339 4340
4334 4341
4336 4342
4335 4343
4338 4344
4337 4345
4338 4346
4345 4347
4345 4348
4346 4349
4345 4350
4347 4351
4347 4352
4345 4353
4347 4354
4350 4355
4351 4356
4355 4357
4353 4358
4354 4359
4354 4360
4359 4361
4355 4362
4355 4363
4356 4364
4360 4365
4365 4366
4362 4367
4361 4368
4365 4369
4363 4370
4366 4371
4366 4372
4371 4373
4373 4374
4372 4375
4374 4376
4376 4377
4375 4378
4373 4379
4374 4380
4378 4381
4375 4382
4380 4383
4377 4384
4381 4385
4381 4386
4384 4387
4387 4388
4387 4389
4384 4390
4389 4391
4388 4392
4390 4393
4391 4394
4393 4395
4389 4396
4389 4397
4393 4398
4392 4399
4397 4400
4396 4401
4401 4402
4396 4403
4403 4404
4399 4405
4404 4406
4404 4407
4402 4408
4403 4409
4402 4410
4410 4411
4411 4412
4407 4413
4407 4414
4410 4415
4412 4416
4412 4417
4417 4418
4415 4419
4416 4420
4417 4421
4421 4422
4415 4423
4417 4424
4423 4425
4420 4426
4419 4427
4425 4428
4421 4429
4422 4430
4427 4431
4428 4432
4429 4433
4430 4434
4430 4435
4430 4436
4432 4437
4434 4438
4431 4439
4433 4440
4437 4441
4441 4442
4437 4443
4437 4444
4442 4445
4443 4446
4446 4447
4446 4448
4441 4449
4442 4450
4446 4451
4447 4452
4449 4453
4448 4454
4447 4455
4448 4456
4456 4457
4453 4458
4453 4459
4454 4460
4459 4461
4456 4462
4462 4463
4456 4464
4457 4465
4461 4466
4459 4467
4466 4468
4461 4469
4468 4470
4468 4471
4466 4472
4471 4473
4473 4474
4472 4475
4474 4476
4473 4477
4471 4478
4476 4479
4475 4480
4475 4481
4480 4482
4480 4483
4481 4484
4482 4485
4478 4486
4485 4487
4483 4488
4484 4489
4485 4490
4490 4491
4488 4492
4485 4493
4493 4494
4488 4495
4488 4496
4490 4497
4492 4498
4496 4499
4492 4500
4496 4501
4499 4502
4500 4503
4502 4504
4504 4505
4499 4506
4502 4507
4505 4508
4501 4509
4506 4510
4504 4511
4507 4512
4510 4513
4512 4514
4513 4515
4510 4516
4509 4517
4511 4518
4516 4519
4512 4520
4515 4521
4514 4522
4519 4523
4523 4524
4519 4525
4519 4526
4521 4527
4522 4528
4521 4529
4522 4530
4530 4531
4530 4532
4527 4533
4528 4534
4527 4535
4534 4536
4535 4537
4532 4538
4532 4539
4539 4540
4535 4541
4534 4542
4536 4543
4536 4544
4539 4545
4540 4546
4542 4547
4546 4548
4543 4549
4544 4550
4546 4551
4548 4552
4546 4553
4548 4554
4547 4555
4555 4556
4549 4557
4557 4558
4557 4559
4553 4560
4560 4561
4555 4562
4555 4563
4563 4564
4561 4565
4558 4566
4563 4567
4563 4568
4568 4569
4565 4570
4563 4571
4569 4572
4567 4573
4571 4574
4571 4575
4575 4576
4570 4577
4571 4578
4572 4579
4574 4580
4574 4581
4575 4582
4577 4583
4579 4584
4579 4585
4581 4586
4580 4587
4583 4588
4584 4589
4586 4590
4586 4591
4587 4592
4585 4593
4588 4594
4589 4595
4590 4596
4595 4597
4597 4598
4591 4599
4596 4600
4595 4601
4599 4602
4601 4603
4601 4604
4599 4605
4605 4606
4601 4607
4600 4608
4601 4609
4602 4610
4606 4611
4607 4612
4612 4613
4608 4614
4614 4615
4611 4616
4609 4617
4611 4618
4613 4619
4615 4620
4618 4621
4621 4622
4620 4623
4617 4624
4623 4625
4624 4626
4622 4627
4624 4628
4622 4629
4627 4630
4625 4631
4628 4632
4631 4633
4629 4634
4627 4635
4633 4636
4632 4637
4635 4638
4631 4639
4638 4640
4640 4641
4639 4642
4636 4643
4641 4644
4639 4645
4639 4646
4644 4647
4646 4648
4643 4649
4646 4650
4648 4651
4651 4652
4647 4653
4652 4654
4651 4655
4648 4656
4650 4657
4654 4658
4655 4659
4656 4660
4655 4661
4655 4662
4655 4663
4657 4664
4658 4665
4658 4666
4661 4667
4666 4668
4662 4669
4665 4670
4668 4671
4671 4672
4666 4673
4669 4674
4668 4675
4675 4676
4676 4677
4677 4678
4674 4679
4678 4680
4680 4681
4680 4682
4680 4683
4680 4684
4684 4685
4679 4686
4683 4687
4683 4688
4681 4689
4682 4690
4690 4691
4687 4692
4692 4693
4689 4694
4691 4695
4690 4696
4691 4697
4696 4698
4693 4699
4693 4700
4693 4701
4698 4702
4702 4703
4698 4704
4697 4705
4701 4706
4699 4707
4707 4708
4703 4709
4703 4710
4709 4711
4708 4712
4708 4713
4711 4714
4712 4715
4710 4716
4709 4717
4715 4718
4717 4719
4716 4720
4719 4721
4721 4722
4722 4723
4718 4724
4722 4725
4719 4726
4723 4727
4721 4728
4725 4729
4726 4730
4730 4731
4731 4732
4731 4733
4726 4734
4730 4735
4728 4736
4734 4737
4737 4738
4733 4739
4737 4740
4733 4741
4734 4742
4740 4743
4736 4744
4742 4745
4742 4746
4744 4747
4746 4748
4742 4749
4742 4750
4749 4751
4750 4752
4748 4753
4750 4754
4751 4755
4752 4756
4750 4757
4752 4758
4756 4759
4753 4760
4754 4761
4758 4762
4755 4763
4756 4764
4764 4765
4758 4766
4759 4767
4764 4768
4768 4769
4764 4770
4768 4771
4764 4772
4770 4773
4773 4774
4767 4775
4769 4776
4770 4777
4772 4778
4776 4779
4779 4780
4777 4781
4780 4782
4782 4783
4782 4784
4780 4785
4782 4786
4786 4787
4782 4788
4788 4789
4783 4790
4787 4791
4787 4792
4790 4793
4786 4794
4788 4795
4789 4796
4793 4797
4795 4798
4792 4799
4797 4800
4797 4801
4798 4802
4800 4803
4803 4804
4800 4805
4799 4806
4802 4807
4805 4808
4803 4809
4803 4810
4805 4811
4806 4812
4805 4813
4808 4814
4812 4815
4815 4816
4812 4817
4813 4818
4811 4819
4818 4820
4814 4821
4815 4822
4819 4823
4822 4824
4817 4825
4823 4826
4826 4827
4824 4828
4822 4829
4829 4830
4823 4831
4831 4832
4828 4833
4833 4834
4833 4835
4828 4836
4836 4837
4833 4838
4831 4839
4833 4840
4834 4841
4840 4842
4842 4843
4840 4844
4839 4845
4845 4846
4843 4847
4842 4848
4846 4849
4847 4850
4848 4851
4851 4852
4845 4853
4846 4854
4849 4855
4849 4856
4855 4857
4857 4858
4858 4859
4857 4860
4854 4861
4861 4862
4861 4863
4858 4864
4859 4865
4859 4866
4865 4867
4865 4868
4866 4869
4863 4870
4867 4871
4866 4872
4867 4873
4868 4874
4870 4875
4869 4876
4876 4877
4871 4878
4878 4879
4873 4880
4875 4881
4881 4882
4876 4883
4877 4884
4881 4885
4884 4886
4884 4887
4885 4888
4883 4889
4887 4890
4885 4891
4889 4892
4886 4893
4889 4894
4893 4895
4893 4896
4895 4897
4896 4898
4892 4899
4898 4900
4894 4901
4901 4902
4896 4903
4899 4904
4897 4905
4898 4906
4906 4907
4903 4908
4905 4909
4905 4910
4908 4911
4908 4912
4911 4913
4911 4914
4909 4915
4910 4916
4916 4917
4915 4918
4913 4919
4912 4920
4915 4921
4917 4922
4921 4923
4923 4924
4922 4925
4920 4926
4926 4927
4926 4928
4927 4929
4926 4930
4928 4931
4927 4932
4928 4933
4928 4934
4932 4935
4933 4936
4936 4937
4934 4938
4934 4939
4935 4940
4940 4941
4939 4942
4936 4943
4936 4944
4941 4945
4945 4946
4942 4947
4945 4948
4946 4949
4942 4950
4948 4951
4949 4952
4948 4953
4948 4954
4947 4955
4953 4956
4955 4957
4953 4958
4955 4959
4959 4960
4954 4961
4954 4962
4955 4963
4958 4964
4960 4965
4961 4966
4960 4967
4966 4968
4963 4969
4965 4970
4966 4971
4966 4972
4972 4973
4970 4974
4972 4975
4975 4976
4971 4977
4973 4978
4976 4979
4975 4980
4976 4981
4975 4982
4975 4983
4980 4984
4982 4985
4980 4986
4983 4987
4986 4988
4983 4989
4982 4990
4987 4991
4990 4992
4987 4993
4987 4994
4994 4995
4989 4996
4992 4997
4994 4998
4995 4999
4992 5000
