76 257
142 335 928
10 942 962
105 885 19
227 469 115
652 832 576
846 526 198
665 713 477
770 743 15
464 914 501
102 750 929
48 243 263
327 605 556
640 709 441
658 935 909
125 938 93
52 136 970
249 152 34
78 922 777
92 737 690
944 190 792
872 590 34
487 916 638
42 908 699
834 917 985
95 393 275
187 444 410
508 45 561
541 122 834
669 565 571
359 508 112
150 732 701
535 218 617
525 611 876
223 445 792
559 891 185
833 429 628
594 936 24
507 828 145
340 497 61
262 207 921
374 708 652
74 242 221
42 118 831
917 340 627
709 899 517
245 83 945
224 29 232
248 535 60
744 874 908
805 488 114
77 861 173
80 934 766
300 328 884
482 244 223
461 304 473
977 900 908
274 124 936
857 723 470
916 466 695
175 622 182
640 698 394
812 777 328
578 428 7
813 262 250
387 722 906
212 50 805
119 323 280
406 532 2
227 799 820
273 974 441
455 613 491
200 777 619
527 706 399
885 518 660
135 256 381
392 467 430
196 585 105
476 342 636
829 568 434
648 841 759
441 647 724
283 846 500
253 725 557
651 609 426
310 95 681
42 486 148
824 34 84
928 861 778
915 689 345
700 337 537
459 777 535
534 411 733
385 663 809
941 314 769
718 975 864
398 17 701
897 192 86
333 471 946
110 385 635
454 436 323
343 246 451
877 779 861
961 163 523
769 455 188
538 172 163
753 922 531
453 818 722
539 150 544
836 259 928
470 65 715
144 407 961
594 635 91
806 948 254
329 716 60
868 253 232
382 5 153
912 810 322
985 700 824
528 535 82
807 357 498
522 500 256
834 446 243
924 251 190
529 931 905
589 799 510
172 180 866
676 444 27
997 428 726
820 308 613
254 466 969
751 339 820
7 172 265
249 448 516
438 976 446
694 916 244
203 87 424
421 762 219
447 111 998
525 930 305
137 535 771
457 286 109
276 644 633
541 244 80
56 681 407
501 726 675
97 281 113
520 701 875
90 499 337
87 23 618
392 511 153
514 967 790
974 243 433
958 783 676
389 190 708
796 690 433
822 786 713
934 657 765
808 746 616
496 185 638
114 576 501
266 441 467
55 766 61
839 724 195
514 112 384
573 259 426
5 80 211
70 14 220
186 173 317
801 669 501
791 134 428
643 399 220
109 805 986
522 643 61
716 156 172
452 80 783
877 436 862
439 857 227
658 43 752
327 195 772
179 337 905
607 979 303
178 440 107
163 961 101
223 28 256
747 479 335
529 707 122
742 146 979
321 155 21
72 481 567
195 660 904
99 618 234
753 795 673
211 310 985
311 884 365
918 630 195
604 510 902
725 252 47
703 572 201
75 995 34
642 189 45
897 639 14
130 391 808
803 953 469
139 263 353
503 532 334
698 135 844
599 211 447
997 914 370
549 988 716
934 981 904
978 877 542
343 7 284
151 161 236
971 299 850
323 154 381
9 203 867
852 153 77
650 149 990
371 49 330
86 983 310
989 312 539
882 655 897
517 157 57
752 127 707
953 802 212
333 810 414
199 13 566
627 662 66
617 32 115
298 469 449
959 809 112
497 690 766
745 558 922
801 661 401
860 613 202
71 945 363
485 495 375
402 121 388
820 89 771
934 738 239
734 49 47
845 897 88
963 642 645
236 442 305
636 301 917
189 724 213
551 208 59
925 961 531
664 780 972
434 65 709
672 150 757
718 995 6
157 957 647
801 544 88
105 180 741
373 720 464
937 623 23
