807 112
258 803 111
156 918 710
613 657 282
941 67 518
742 910 884
819 561 121
892 567 670
224 778 243
658 966 576
377 781 734
818 391 536
281 546 806
990 158 462
623 450 528
140 191 437
24 361 349
144 604 916
165 827 45
759 485 10
334 861 143
419 30 533
955 662 78
760 4 587
573 978 36
100 118 578
888 493 938
236 988 893
503 153 719
547 263 555
909 597 767
403 15 149
935 321 810
364 432 165
950 4 143
337 455 260
266 342 104
203 930 91
447 784 595
165 683 858
72 591 806
838 993 172
986 279 493
796 642 276
960 943 280
454 631 734
65 896 428
168 450 709
259 896 492
205 60 526
62 483 468
219 321 460
391 306 90
235 453 731
510 765 25
789 218 655
875 283 550
654 802 999
362 60 894
205 617 306
731 30 788
198 249 460
10 991 766
451 225 570
534 734 334
558 875 904
213 101 186
114 754 987
113 115 399
358 671 367
663 753 396
803 303 996
262 664 986
379 114 210
949 647 296
634 205 170
537 769 270
74 882 23
61 346 489
811 704 511
177 718 616
924 872 918
920 134 581
905 864 46
115 812 45
410 446 249
931 334 369
200 408 250
574 820 596
414 630 651
924 158 368
539 81 240
808 1000 725
740 905 588
786 371 752
830 132 549
430 62 882
798 613 289
399 186 460
346 951 89
996 874 598
716 765 679
955 572 30
31 664 286
618 449 656
721 630 787
269 411 200
503 560 812
791 958 349
251 656 299
691 651 525
289 366 289
319 672 212
