982 43
520 561 660
608 284 934
316 837 461
712 983 601
49 708 547
830 778 810
197 239 631
789 594 624
736 86 294
634 223 275
133 95 836
792 702 471
77 369 307
889 80 290
490 480 997
388 662 127
549 210 365
179 998 311
155 734 748
800 719 322
74 851 416
261 994 117
731 71 486
38 311 917
679 800 749
27 187 410
505 736 619
222 266 968
532 772 701
279 571 772
600 997 974
368 257 968
484 988 390
321 377 700
590 55 852
338 433 38
747 938 125
717 159 743
684 690 514
737 320 437
860 271 433
833 638 689
152 474 676
