360 94
407 155 545
997 781 458
993 144 704
511 338 784
622 184 955
71 835 823
640 133 730
763 680 931
316 423 395
780 895 106
615 653 261
512 649 393
969 993 889
672 503 226
807 125 409
113 547 596
936 538 80
17 301 759
947 616 533
693 747 779
798 714 431
410 225 431
155 193 424
43 217 278
620 375 402
381 840 300
976 775 838
55 791 490
165 89 457
698 781 204
828 930 917
259 692 493
689 846 37
464 240 605
742 859 980
495 239 819
147 214 945
984 620 87
825 785 175
281 834 307
484 661 588
752 271 279
244 312 124
633 775 363
237 868 574
216 715 812
386 861 378
682 196 997
768 20 133
294 300 318
952 136 979
540 239 601
818 835 912
294 467 39
8 703 258
581 271 972
393 8 184
770 690 379
118 809 750
251 103 402
920 406 889
898 945 127
851 763 961
762 408 427
800 415 482
58 348 752
381 740 759
565 861 448
295 330 609
45 932 63
798 852 468
686 101 413
812 951 527
125 65 286
551 216 700
32 625 399
135 6 490
894 922 350
693 216 32
301 612 963
715 409 814
183 446 915
947 258 217
473 382 281
110 284 497
809 668 121
208 802 478
697 47 399
399 740 967
782 392 930
744 107 691
910 641 136
176 587 745
392 411 126
