25 520
410 521 680
429 993 239
230 471 288
277 221 38
368 187 819
111 469 562
569 159 471
209 294 998
147 39 390
557 516 414
428 277 286
108 705 278
698 287 100
985 563 321
22 930 859
840 392 327
754 961 485
224 169 131
222 316 521
963 224 388
728 652 665
13 111 721
642 808 7
742 145 569
62 166 850
920 6 242
599 759 554
435 334 722
917 907 389
437 221 965
825 948 968
841 312 430
561 954 237
568 695 381
488 108 899
690 379 256
283 977 14
836 412 699
909 328 958
650 117 178
614 293 478
933 485 789
362 45 742
950 964 788
683 804 895
581 845 274
836 127 602
201 314 13
251 574 693
560 223 161
90 188 805
567 120 289
707 481 685
801 783 1
588 465 156
483 45 1000
108 232 478
709 784 791
74 34 364
118 594 939
278 35 126
82 601 246
722 307 78
406 459 860
406 47 324
561 529 720
912 636 303
389 696 86
531 769 472
247 886 417
185 515 451
310 948 51
907 669 709
985 75 168
844 832 566
520 745 94
591 656 81
894 397 128
979 927 897
450 173 134
218 357 649
668 667 596
70 573 617
779 909 691
298 105 874
863 624 618
308 214 626
740 459 22
867 438 948
115 239 473
249 457 829
897 476 847
844 546 772
460 324 680
502 973 784
728 187 759
697 846 325
322 585 135
343 803 572
643 918 163
115 166 971
295 414 446
142 609 991
913 421 666
944 274 990
80 1 176
190 698 373
514 371 957
649 66 760
572 708 29
86 174 194
408 468 959
854 961 567
196 873 987
214 169 613
203 248 613
731 437 662
103 303 33
412 303 98
171 226 157
199 312 330
744 719 149
702 924 110
620 120 334
959 685 502
571 887 101
535 617 538
197 72 192
229 483 494
678 5 719
834 555 382
515 298 453
15 351 376
124 322 847
810 280 531
311 202 770
764 737 738
301 933 809
844 513 291
337 542 647
407 727 201
789 593 850
593 607 200
968 83 874
167 892 153
697 554 355
466 317 443
204 617 727
364 812 591
7 148 132
653 907 210
854 47 802
55 639 408
607 958 490
480 124 381
984 173 935
690 990 603
132 545 220
858 909 383
800 915 531
283 919 789
492 124 835
293 179 825
53 785 782
542 264 906
275 599 430
561 289 419
163 420 964
734 630 224
117 429 490
999 712 408
139 555 532
973 848 710
797 252 846
930 145 461
187 419 59
616 331 347
387 846 767
350 931 748
925 47 176
414 397 239
821 535 794
352 859 993
413 7 244
610 937 388
70 475 159
481 91 841
827 477 686
945 178 617
692 102 15
220 515 764
810 687 298
955 391 509
299 803 515
894 413 803
634 834 278
792 314 720
984 493 196
670 437 725
638 481 178
652 52 44
415 213 730
65 168 120
573 466 923
439 360 687
242 993 872
871 136 186
590 119 30
137 140 818
861 777 298
38 429 701
81 195 914
810 611 433
282 183 898
556 974 609
242 567 953
465 437 440
2 26 559
31 162 50
849 22 827
498 411 607
199 843 153
464 652 764
896 285 298
145 840 271
754 433 837
58 898 273
498 899 650
408 282 811
457 130 184
635 627 594
241 177 436
394 640 440
509 535 724
806 680 916
77 785 348
265 842 245
538 691 496
187 98 777
350 907 906
533 541 884
479 134 61
914 879 700
705 387 587
781 192 266
696 620 50
43 885 243
640 422 934
135 960 383
263 309 641
520 842 534
755 672 667
815 585 545
867 642 283
453 422 474
70 117 94
471 511 330
713 150 103
998 636 62
733 250 723
373 769 916
906 524 587
572 690 523
468 908 164
750 360 585
576 429 53
21 251 564
350 964 65
452 313 53
865 45 302
587 418 423
854 675 298
440 599 987
963 66 895
126 168 606
63 95 387
467 115 637
30 816 952
447 619 265
499 483 309
152 422 78
574 627 753
223 67 351
562 29 768
456 506 287
413 920 381
151 387 495
788 768 662
91 214 280
355 64 115
16 568 888
445 493 514
549 716 580
251 277 960
19 84 818
657 848 737
38 999 475
884 138 243
546 228 808
825 935 224
939 302 791
178 746 283
692 647 998
623 897 626
583 267 709
752 924 557
840 961 555
315 844 692
557 389 271
716 566 205
939 856 506
729 34 604
12 725 250
361 347 498
987 281 765
47 32 40
955 872 1000
509 186 195
552 94 936
175 809 853
731 100 708
237 828 741
192 191 817
793 552 516
290 890 796
406 936 180
445 243 403
796 103 940
343 655 385
278 181 193
482 911 644
189 499 472
282 690 662
450 482 565
965 124 806
113 529 94
644 974 336
46 769 438
985 111 444
369 740 624
913 221 535
557 762 33
380 43 75
393 492 908
958 809 31
763 273 560
856 916 533
191 961 653
981 297 116
424 665 855
48 929 428
934 485 189
966 216 231
392 609 74
300 918 234
330 32 506
889 888 421
773 430 381
778 762 677
893 186 693
747 233 622
526 166 458
714 483 674
944 875 634
370 174 551
603 855 582
109 744 821
529 868 603
262 645 364
290 889 549
983 988 781
956 513 298
413 227 781
438 522 7
71 891 180
973 846 34
555 306 129
375 834 349
329 447 345
693 737 234
241 71 221
374 378 85
671 790 311
803 580 833
809 2 75
340 975 272
726 881 577
854 607 411
554 936 209
899 628 297
484 220 719
704 945 96
140 968 238
451 770 817
635 931 170
61 270 496
333 995 376
909 201 983
671 754 270
880 4 897
528 487 468
247 542 413
342 682 380
579 484 501
747 470 431
917 530 53
412 862 399
788 123 599
122 793 705
391 24 60
639 552 899
106 150 440
518 491 473
249 422 956
750 168 425
180 84 307
232 848 168
631 987 290
581 108 435
637 850 458
49 488 361
947 593 510
386 463 353
211 711 774
518 460 941
943 992 377
601 223 224
120 205 562
410 138 669
196 126 518
5 174 5
366 120 949
227 858 763
579 420 474
704 937 285
997 231 276
373 831 851
948 951 407
509 712 544
529 259 22
398 263 547
754 980 19
702 207 876
465 137 647
290 841 583
926 837 814
202 561 996
52 860 298
810 720 9
706 600 267
727 997 882
273 750 861
291 803 67
518 619 204
164 908 396
99 834 232
264 387 144
259 790 3
557 599 74
917 304 673
536 30 669
417 655 770
277 945 572
696 815 191
899 978 450
646 76 635
229 691 373
372 950 162
726 858 113
799 126 416
471 661 798
491 429 804
260 706 748
831 401 914
373 651 244
175 296 671
809 524 362
182 247 311
695 972 520
807 122 645
223 944 658
372 434 86
175 45 791
274 227 543
188 600 545
783 774 192
453 934 67
814 467 313
476 162 636
995 968 757
640 542 700
297 265 485
734 439 529
525 65 108
419 604 707
964 386 832
155 838 765
222 652 232
886 127 745
522 474 64
630 465 606
330 113 222
166 846 13
47 370 77
154 141 32
212 104 417
43 610 606
159 183 609
390 69 88
486 942 561
550 571 25
155 252 137
728 770 334
740 816 56
816 321 196
199 532 651
615 574 260
573 732 795
181 474 215
268 959 156
