71 1112
362 412 657
154 771 949
253 110 858
993 661 925
563 555 588
474 84 540
867 181 954
449 453 677
42 274 395
94 545 465
766 907 228
422 412 998
723 17 460
580 9 120
856 571 27
444 396 110
335 262 642
640 62 94
316 456 720
710 549 616
527 314 522
754 88 286
104 810 302
563 741 662
34 596 232
60 391 979
522 725 592
163 364 654
609 679 461
328 741 9
943 619 675
817 372 762
454 827 923
755 389 663
416 775 258
999 834 649
329 707 725
920 222 89
925 830 119
385 509 211
746 803 829
420 971 553
533 424 379
455 530 120
117 297 894
374 647 79
374 975 786
99 247 359
539 523 540
657 260 400
220 5 202
400 776 525
952 308 948
683 762 830
802 230 126
47 955 773
125 329 747
262 779 345
620 317 868
159 325 127
558 896 483
112 296 610
988 247 917
935 281 30
116 82 611
242 128 565
366 605 245
464 866 23
809 838 691
28 348 368
506 258 615
988 721 910
949 708 509
865 994 789
246 110 223
856 351 702
772 716 306
17 179 524
391 339 361
434 366 60
801 871 317
415 210 37
677 158 744
185 374 90
325 971 199
899 178 901
601 950 968
258 318 498
781 708 837
493 141 554
905 293 425
221 60 986
610 736 496
705 272 869
794 948 192
992 847 369
244 799 670
211 56 987
709 189 695
897 33 187
450 937 480
226 510 539
564 119 626
59 823 249
927 969 548
118 960 394
839 204 192
508 766 600
495 826 140
541 722 172
727 524 461
206 749 970
96 664 440
73 722 614
673 1 582
221 470 894
966 308 97
510 816 214
109 662 40
600 202 761
771 928 284
583 486 385
552 933 48
343 358 122
957 30 122
538 602 591
431 568 251
879 429 418
93 537 79
132 488 632
244 258 911
880 841 396
616 744 681
15 87 38
136 43 67
257 932 21
200 363 588
450 593 16
867 685 904
297 168 391
928 412 1000
838 291 192
586 906 288
266 920 374
303 56 768
721 664 699
93 863 413
680 664 358
47 882 42
302 178 210
44 105 973
396 295 263
587 880 520
874 497 791
599 151 846
718 223 862
769 316 76
181 347 92
538 746 973
932 47 151
493 91 607
817 486 253
431 424 484
950 650 980
740 248 482
938 966 705
151 734 372
226 266 718
317 156 463
642 439 862
792 931 304
750 99 141
3 529 564
486 478 213
818 569 813
299 506 130
355 8 863
726 234 480
796 902 987
610 543 425
471 686 707
774 436 805
914 790 333
830 627 162
42 796 731
206 95 588
335 801 596
549 879 181
381 674 82
367 283 977
792 106 662
850 879 449
655 145 238
339 974 217
501 367 12
583 573 458
170 907 259
117 808 489
297 188 162
731 554 796
707 697 253
720 547 484
169 553 628
758 891 601
974 743 967
986 325 539
443 847 798
53 315 605
541 612 792
54 342 697
202 400 394
454 119 940
937 287 844
916 45 86
516 370 829
835 355 505
725 150 703
522 202 18
478 95 629
621 148 322
318 701 721
711 155 191
2 443 478
197 359 874
282 226 243
110 60 950
967 785 99
669 658 300
38 136 746
18 108 894
339 425 946
411 487 452
602 840 895
431 36 605
656 318 830
250 779 242
199 745 378
297 766 35
949 155 522
694 173 630
939 863 406
885 626 893
336 579 84
582 9 120
538 16 437
720 265 567
961 464 664
690 112 781
76 412 935
598 106 107
579 396 322
984 632 947
228 320 525
312 253 533
431 791 900
219 510 164
785 822 979
800 863 91
580 938 854
515 535 959
973 465 707
294 449 338
240 28 9
764 339 262
648 121 52
547 339 913
63 476 86
41 275 300
483 207 237
337 721 124
647 693 588
705 339 388
43 578 416
51 342 106
664 341 227
67 240 565
331 302 392
416 694 19
715 529 225
304 217 945
427 863 989
14 568 327
754 962 257
169 364 950
274 28 290
852 446 529
769 777 182
160 544 876
530 611 404
754 914 972
50 340 834
391 705 753
69 458 66
325 978 430
626 604 809
916 807 254
796 575 30
330 87 574
205 616 184
960 722 97
931 771 788
116 513 844
221 582 654
286 258 983
715 884 586
875 151 745
129 946 319
510 275 405
83 831 21
618 142 94
66 424 864
205 892 729
49 112 310
702 397 919
684 464 802
622 338 952
366 466 250
36 328 876
441 410 59
813 380 200
906 797 976
121 2 867
849 50 978
510 103 374
429 138 837
230 111 175
534 476 992
783 512 319
658 304 81
716 116 812
268 373 608
243 493 961
461 694 10
438 203 464
163 631 954
1000 213 64
526 746 892
869 880 403
540 889 58
620 957 525
783 224 897
390 818 741
351 278 434
712 67 989
528 229 971
481 580 183
544 457 280
435 326 159
189 865 400
246 836 356
770 618 931
18 359 100
759 61 729
544 125 795
532 652 23
503 484 955
37 27 411
669 814 736
179 2 952
578 600 139
933 721 108
215 739 819
314 849 879
42 744 3
836 276 6
211 130 489
165 518 868
927 186 681
15 717 682
966 294 633
457 579 354
564 793 444
382 107 292
613 148 387
967 336 662
973 898 143
813 414 13
680 340 550
360 354 266
394 672 560
26 128 138
731 43 282
174 777 388
817 389 888
204 355 575
217 679 472
360 492 885
724 523 576
273 883 930
539 628 953
450 5 432
939 736 474
220 909 602
960 78 990
199 281 345
773 497 375
596 208 866
480 931 389
55 556 623
336 94 602
288 543 606
71 833 693
897 52 954
498 363 31
488 561 311
184 685 159
558 280 719
776 759 649
516 166 204
490 853 649
91 493 543
48 563 375
741 459 779
46 957 141
76 796 54
738 331 738
896 888 18
614 15 128
615 530 645
170 371 498
171 461 990
713 861 904
440 953 363
218 998 671
710 73 818
763 162 148
501 57 387
870 23 402
997 989 283
642 510 654
491 680 466
480 745 326
383 184 630
97 753 627
767 462 51
936 577 212
83 77 621
470 298 995
223 294 983
505 287 844
510 777 524
976 608 620
653 343 155
635 439 907
261 558 720
664 493 648
875 928 76
847 397 373
841 971 19
823 475 305
667 337 434
542 664 41
161 668 383
667 302 174
573 915 731
644 578 575
292 804 502
719 651 898
92 491 220
110 666 695
414 684 383
199 577 46
240 89 65
974 755 367
147 679 281
229 674 210
804 317 13
305 36 15
555 127 858
774 588 875
820 1 910
554 552 486
599 791 926
664 116 680
382 615 710
14 843 383
223 998 52
587 655 87
954 561 565
811 686 152
37 506 504
946 411 55
783 10 197
708 25 313
739 758 279
800 771 473
182 345 823
585 283 477
671 236 389
235 398 74
738 434 931
242 731 342
296 513 703
493 572 79
157 310 836
787 109 606
259 643 302
81 227 584
909 250 820
297 836 569
371 574 355
301 815 85
994 110 598
696 954 521
774 462 183
609 600 643
566 859 285
219 291 864
803 552 465
974 848 300
542 570 873
896 223 687
333 216 149
282 264 454
802 37 268
984 998 867
627 915 77
263 134 720
478 288 271
942 613 470
242 154 40
114 402 262
153 86 829
301 367 92
106 168 481
373 152 478
240 130 744
316 392 229
35 222 516
657 163 128
127 404 634
166 870 387
779 22 472
959 674 838
51 779 357
883 152 860
360 743 989
455 410 733
684 445 954
551 453 468
31 579 224
16 96 93
402 226 466
225 185 139
414 587 269
770 469 772
982 180 514
970 634 924
54 669 720
359 220 172
179 602 103
402 617 198
846 370 424
311 594 960
801 359 546
69 480 14
193 461 545
706 783 178
981 188 199
700 899 770
224 77 371
326 478 987
523 323 356
298 633 301
257 785 11
802 205 490
167 397 303
711 455 437
241 435 624
439 135 522
208 358 598
930 683 75
916 557 749
623 207 381
275 463 517
285 617 722
126 783 470
780 846 924
216 438 359
840 876 493
361 435 202
311 364 236
737 631 144
486 605 350
218 879 813
735 515 429
808 992 563
277 772 760
201 987 197
559 178 424
403 891 858
604 201 573
191 937 555
334 774 159
684 992 389
848 726 255
628 885 599
190 161 370
302 361 708
498 271 886
274 673 128
483 628 328
56 170 616
962 504 390
121 187 733
861 34 458
468 661 342
66 202 854
787 855 567
494 353 837
731 978 862
858 460 841
537 515 11
505 477 514
894 949 52
978 161 437
435 628 97
128 693 650
981 479 505
547 325 209
736 55 186
597 265 645
789 153 512
799 657 340
664 902 288
715 879 448
151 665 76
599 792 120
601 125 599
105 23 923
665 758 329
850 706 945
846 847 98
357 645 754
696 309 656
335 375 886
135 878 551
562 828 694
681 428 818
631 884 193
905 548 302
586 397 360
530 595 206
627 951 850
733 999 510
740 685 237
625 171 114
175 732 941
869 765 369
38 747 252
230 4 152
884 589 548
243 470 494
448 97 797
649 181 795
511 920 831
747 544 2
212 719 85
152 939 849
872 976 948
476 558 951
627 441 539
526 683 8
20 482 456
816 482 636
962 992 555
792 738 451
145 949 521
230 453 459
78 324 786
25 151 343
975 777 135
865 303 169
225 674 650
680 489 132
668 802 475
574 593 213
24 90 513
544 319 965
354 396 641
140 773 791
834 99 568
969 316 222
489 540 895
491 571 735
974 590 888
448 164 832
12 539 921
525 435 239
841 140 987
481 279 111
272 465 209
191 785 876
764 273 415
10 763 338
744 736 927
983 536 442
814 547 333
735 71 767
973 912 906
311 744 537
421 367 1
982 557 785
857 672 409
624 681 172
961 776 259
239 758 794
33 572 341
365 306 763
131 630 26
388 941 122
276 713 488
276 694 397
412 551 68
821 526 749
344 838 524
602 76 282
396 108 205
88 824 862
202 954 491
228 694 783
349 969 496
188 597 541
584 360 91
652 180 968
400 523 805
275 477 233
908 872 692
112 311 516
973 512 821
816 91 514
598 791 835
445 979 431
986 914 790
428 565 322
396 316 196
552 943 672
784 850 895
476 962 205
343 286 69
163 101 511
29 699 654
863 143 984
645 480 897
786 908 814
459 655 481
655 206 423
326 990 273
221 817 586
777 159 871
845 673 324
708 53 22
361 915 516
344 911 348
240 49 255
405 507 909
886 161 114
308 839 455
932 59 623
869 187 133
740 384 806
415 91 858
788 803 125
303 146 387
2 737 435
256 142 294
516 379 454
982 686 292
436 618 702
411 838 889
543 577 272
348 343 714
558 130 516
34 785 13
420 786 749
207 42 242
500 909 620
305 890 658
597 678 627
650 88 464
890 630 393
513 330 735
226 239 865
93 272 649
105 691 434
206 249 827
447 748 736
419 53 977
76 1 654
702 2 93
517 892 723
909 404 404
644 982 642
860 74 913
508 179 955
293 384 204
472 182 951
559 600 355
535 27 355
541 80 357
985 597 600
707 857 355
462 852 336
103 711 762
367 570 940
322 215 675
877 686 856
179 244 808
534 130 834
240 22 266
948 7 862
547 65 718
254 527 570
589 629 632
350 996 202
641 669 416
315 545 453
523 723 48
682 608 529
515 848 551
780 147 909
993 46 973
63 299 851
984 887 832
615 589 179
168 581 847
583 248 743
387 770 817
434 451 425
963 317 624
865 449 770
773 793 815
97 855 113
300 838 352
483 805 292
661 972 872
859 907 471
953 293 240
769 79 42
545 41 711
168 257 511
938 381 303
104 829 510
217 128 699
920 610 503
211 622 827
434 832 733
905 784 377
496 553 455
890 97 847
952 617 103
462 554 483
116 657 664
977 225 143
676 144 105
530 706 726
356 140 558
440 44 341
817 891 245
271 780 694
470 731 310
572 544 863
407 660 871
70 636 448
212 663 591
316 193 297
394 900 788
951 692 183
643 860 73
240 482 205
933 951 935
242 523 831
456 281 490
678 702 477
125 913 492
68 581 684
716 326 935
503 628 978
37 270 837
109 861 319
665 793 269
952 386 143
782 193 423
623 871 124
99 995 389
590 62 321
625 777 646
912 631 273
889 667 894
78 128 107
396 144 899
16 95 637
159 876 829
933 498 699
57 949 46
797 538 107
117 515 236
114 778 218
738 666 237
631 95 716
737 490 859
988 506 954
624 16 829
452 948 679
503 356 627
548 152 516
6 620 30
593 733 159
811 470 825
399 453 271
114 541 761
972 528 618
277 503 985
106 307 932
136 809 288
762 708 791
629 713 411
11 658 495
169 820 965
345 218 769
616 683 309
376 654 189
345 931 691
329 388 349
612 523 509
251 636 216
42 264 281
804 274 938
298 443 109
614 787 326
382 402 360
43 129 13
231 825 295
273 505 34
974 117 908
482 719 543
50 760 807
330 915 432
619 565 874
79 530 13
404 264 766
763 306 895
127 888 71
774 512 576
807 485 692
67 319 410
609 368 522
767 49 788
199 19 704
424 97 234
788 500 849
554 614 506
800 92 393
870 217 256
445 376 741
488 442 59
898 50 778
771 817 826
910 367 844
614 142 940
199 930 791
47 483 756
552 282 847
296 151 416
551 948 791
643 435 232
53 684 281
830 454 449
655 716 167
850 329 309
789 879 238
931 925 72
686 476 705
885 123 855
300 673 802
90 316 589
673 368 272
953 550 78
754 556 793
920 406 473
580 546 351
169 477 275
240 514 102
944 750 224
151 401 896
304 842 563
892 514 283
164 819 832
593 572 387
385 843 144
857 423 690
559 591 518
833 183 383
286 478 133
509 628 533
756 284 727
319 527 240
953 690 58
784 634 981
522 18 824
18 226 598
707 784 540
576 968 722
958 253 200
90 761 179
975 869 814
701 539 341
292 491 382
350 626 16
682 499 385
505 516 611
454 222 746
994 149 714
67 107 966
618 548 79
149 874 947
962 926 485
302 218 327
36 919 952
51 600 450
787 457 318
397 910 539
143 903 40
856 970 146
173 939 45
251 87 919
549 49 844
33 702 61
711 737 331
662 139 931
464 926 387
781 674 296
671 168 551
710 23 872
207 548 810
252 798 897
522 699 297
717 731 998
130 442 87
460 455 577
390 918 502
776 50 528
424 721 695
974 782 70
197 989 617
358 592 766
254 113 464
550 829 195
900 958 988
986 418 794
562 807 64
416 935 113
943 358 185
989 683 967
58 231 955
674 588 546
440 194 10
903 743 838
449 994 148
788 331 917
582 245 75
645 660 9
109 954 718
294 942 752
260 1000 982
566 673 922
111 464 115
472 367 209
661 815 203
808 955 533
76 536 777
151 532 788
511 640 93
581 285 35
332 544 386
666 109 58
587 571 874
53 42 240
261 703 406
815 862 360
700 938 247
476 440 130
616 950 122
708 530 406
94 214 950
479 231 410
889 169 981
762 221 374
1 481 428
758 296 290
470 995 579
716 822 18
846 789 319
967 849 201
372 942 766
673 421 996
83 309 164
415 70 384
788 422 216
216 531 863
857 1000 209
435 716 383
804 913 171
474 231 19
674 954 961
439 979 733
434 61 393
949 827 814
684 614 235
252 181 765
114 37 117
323 823 832
