545 171
775 468 84
989 172 760
467 258 798
888 415 658
924 979 385
458 253 24
41 703 157
433 770 793
264 748 611
233 688 507
133 814 975
217 802 498
976 620 755
773 507 169
782 430 499
166 239 751
541 280 806
50 64 575
842 327 322
804 559 361
311 44 526
637 612 679
134 587 299
888 712 157
409 845 939
907 363 177
10 903 808
815 952 871
741 793 198
415 597 108
127 907 503
653 543 114
331 28 53
629 915 116
786 323 960
724 582 322
252 591 577
412 757 528
282 497 673
831 263 621
291 390 879
793 42 421
259 724 800
311 353 714
426 490 389
737 565 970
59 816 912
987 227 20
866 861 868
538 43 131
158 333 520
36 126 913
808 384 636
607 46 340
673 823 829
61 559 393
382 969 561
645 955 139
664 821 999
531 710 42
661 868 726
532 255 203
444 415 938
80 21 983
771 693 805
600 105 364
344 838 684
256 482 639
395 145 811
745 28 520
138 688 387
864 220 994
66 15 408
356 446 428
338 217 473
495 168 929
210 511 767
893 119 248
883 513 745
693 257 772
213 747 811
951 610 382
944 27 397
351 382 842
131 72 410
955 566 577
883 127 440
649 19 558
249 902 422
345 594 30
116 158 776
278 109 737
660 52 764
408 755 497
601 885 920
11 839 485
939 721 963
378 722 982
287 322 235
708 666 180
738 133 338
513 410 446
250 421 849
365 828 603
861 429 487
781 439 677
617 729 750
932 107 471
913 393 792
499 101 809
678 190 941
367 702 702
164 951 123
13 667 950
615 880 378
454 660 168
482 628 249
231 559 355
53 823 99
844 673 551
652 351 740
944 69 794
646 233 96
768 245 763
717 211 642
447 16 653
966 850 632
214 80 191
920 133 365
371 328 38
921 332 740
13 275 808
158 920 392
253 39 988
15 756 551
8 554 566
660 871 767
292 85 847
834 356 331
550 726 658
939 999 989
678 363 264
838 520 535
229 772 574
217 139 681
119 146 586
36 158 456
803 801 892
649 634 248
979 535 973
988 474 323
977 151 685
592 340 204
478 921 328
51 489 466
83 607 963
668 642 120
476 444 272
367 444 257
614 422 792
939 762 265
613 738 767
298 681 107
853 158 27
180 209 867
645 643 473
960 311 114
431 138 558
703 504 1
959 470 775
750 760 888
