220 305
768 114 265
900 975 851
963 479 202
16 561 378
608 918 728
735 2 151
543 273 146
64 171 211
74 893 13
448 504 584
898 272 697
162 523 24
364 837 502
565 853 62
294 460 331
374 547 332
524 441 956
21 856 127
231 930 371
595 729 874
531 626 145
579 139 20
602 502 856
103 419 708
517 712 520
847 85 66
531 960 858
838 981 714
316 563 995
686 510 723
560 40 700
56 618 838
75 572 691
931 674 461
990 190 173
509 389 609
926 271 569
136 108 901
201 424 463
195 461 324
269 372 715
968 428 685
157 854 256
199 136 929
660 126 471
832 986 859
792 264 129
712 399 588
612 599 363
427 793 824
102 413 195
817 732 974
501 888 828
756 438 963
36 97 440
506 280 778
716 72 41
196 135 439
784 99 37
498 877 181
321 978 945
868 794 676
841 294 915
20 401 352
335 437 449
126 294 728
903 10 151
943 205 286
381 340 384
769 838 612
301 510 589
245 377 735
272 570 28
186 941 781
538 275 217
338 401 510
65 303 871
568 246 76
853 978 767
588 99 956
199 751 466
139 348 194
873 619 763
253 157 704
33 46 330
249 383 730
110 799 385
981 366 982
408 218 311
526 157 761
482 707 512
947 846 859
140 718 829
255 970 985
310 2 382
639 602 764
721 712 563
457 44 928
438 803 498
100 328 654
861 809 361
372 755 206
582 247 275
762 501 245
99 162 598
480 152 200
244 872 263
158 680 306
85 117 108
582 569 787
588 429 596
948 152 702
505 85 300
779 198 152
23 296 313
621 776 465
172 371 688
434 528 368
91 964 836
550 546 404
336 133 184
931 432 335
985 936 771
284 714 969
436 89 264
100 709 391
564 232 113
252 665 640
971 107 604
806 656 501
210 991 985
393 274 416
80 258 351
850 893 416
170 680 504
786 780 564
176 343 795
289 946 811
280 916 917
235 722 572
735 283 915
71 27 188
486 106 797
836 308 689
604 477 369
107 262 148
671 790 842
817 430 140
628 709 55
544 296 128
468 382 762
382 453 789
921 938 246
717 126 553
757 729 382
125 835 995
624 857 784
818 674 565
957 653 274
363 548 921
843 15 302
604 748 106
744 668 44
990 736 521
894 493 249
627 969 435
622 593 644
757 410 669
322 718 321
947 80 868
867 922 235
520 878 334
626 973 354
21 962 89
541 208 933
141 186 902
927 807 846
922 916 607
590 237 324
262 535 755
482 401 29
716 272 906
401 249 230
754 621 544
843 513 751
775 5 936
28 932 95
873 205 10
831 147 598
506 408 132
261 241 884
289 956 155
546 357 756
775 462 376
318 304 889
420 431 893
708 458 176
802 683 381
163 865 879
760 371 286
891 631 527
774 271 834
280 816 542
35 942 4
411 612 659
299 31 89
543 90 899
719 891 933
451 53 797
329 812 167
966 54 149
844 827 419
678 107 586
571 141 880
926 903 491
585 201 873
25 744 963
275 814 205
559 264 610
708 592 773
226 557 827
375 401 653
145 430 111
731 352 252
610 630 154
452 566 707
676 590 802
990 217 615
195 127 878
804 834 821
928 60 377
754 786 129
407 930 910
517 12 614
120 621 243
626 424 808
684 100 749
485 441 965
451 635 92
328 790 277
500 718 336
228 471 121
357 229 403
618 98 414
231 569 387
473 194 162
280 877 261
29 713 702
345 163 688
788 842 830
65 341 547
752 569 369
225 277 950
627 246 47
392 477 615
778 301 161
940 933 389
552 961 102
605 657 616
293 445 810
122 861 150
20 964 70
740 188 698
689 814 944
87 558 772
54 335 72
214 626 356
954 178 668
407 782 325
375 426 121
184 899 333
685 270 296
107 10 484
804 50 649
99 137 206
222 190 893
646 755 518
1 60 695
669 467 829
345 841 254
465 376 505
797 60 774
444 166 783
927 322 185
928 772 321
133 994 862
377 639 968
895 991 27
589 659 845
769 3 685
23 819 412
879 967 472
652 411 637
787 337 310
971 616 82
291 749 75
504 125 65
471 371 55
497 960 66
342 80 68
378 454 887
790 332 853
613 984 263
601 770 952
911 92 567
