555 100
54 456 974
94 628 139
231 78 225
610 242 197
872 642 720
535 899 465
799 569 444
877 119 832
74 474 888
164 888 442
816 294 249
141 739 228
631 969 305
207 931 898
404 154 540
123 41 438
587 839 359
382 67 829
213 492 302
452 7 541
893 822 834
494 314 924
721 944 893
378 151 175
275 906 328
814 380 368
604 318 558
962 700 624
142 264 115
795 716 122
687 960 295
521 453 609
796 526 904
688 903 406
214 177 311
542 991 42
261 946 360
819 907 411
794 400 674
909 194 741
382 880 701
28 752 153
636 548 678
892 587 932
297 801 109
608 694 99
1 954 44
360 124 302
770 918 53
444 826 246
184 559 477
236 586 581
741 574 128
770 465 66
702 113 866
810 72 911
260 73 865
655 432 988
308 202 257
360 997 434
957 532 992
785 768 930
365 860 855
492 629 319
910 330 783
775 491 855
38 750 927
902 756 358
241 63 911
498 774 259
931 730 791
275 515 910
204 879 121
58 723 749
728 984 431
510 758 921
716 147 23
642 48 778
352 641 193
614 490 966
873 772 696
15 46 562
276 601 792
396 10 866
144 89 849
926 951 959
199 666 105
573 660 505
702 11 497
894 624 986
860 848 757
907 862 155
820 137 107
963 532 117
829 28 205
29 305 155
987 503 173
444 75 832
300 129 842
796 22 817
