541 82
52 593 735
458 444 72
891 833 170
180 310 238
338 52 274
379 917 362
50 705 221
320 137 405
310 826 557
783 853 449
280 257 393
15 66 188
438 956 21
960 135 682
197 824 85
470 554 353
183 603 58
403 923 194
808 584 371
716 366 224
164 997 832
557 11 897
744 801 205
116 760 691
797 308 515
233 130 68
586 312 671
643 67 945
836 226 528
559 941 245
782 104 241
965 12 604
861 108 404
65 223 515
756 372 822
622 604 303
689 189 615
711 183 681
7 19 906
534 577 198
130 710 653
371 26 17
326 886 124
729 303 698
595 58 69
768 31 25
71 719 565
685 782 748
717 788 118
974 674 46
523 803 755
175 173 132
191 498 17
314 578 319
12 172 728
432 292 758
456 362 829
21 398 962
768 466 749
885 439 422
930 961 225
36 487 749
519 678 247
535 343 176
206 706 700
285 138 991
395 593 704
575 965 101
536 84 566
636 320 356
58 601 316
634 988 154
382 506 831
980 41 526
156 598 231
855 234 368
197 628 313
900 554 629
352 89 713
917 725 32
272 134 633
939 767 620
