9 2443
41 919 458
518 193 628
39 625 868
187 757 167
553 536 378
207 582 84
593 3 427
406 757 835
338 501 917
128 149 277
266 189 196
76 59 388
55 97 364
922 635 472
89 188 360
818 746 293
253 338 295
679 744 51
865 433 903
781 561 51
409 178 592
604 253 650
343 659 98
58 581 733
530 21 272
241 190 17
533 442 354
179 472 449
229 336 882
483 468 794
885 876 971
476 832 576
477 526 234
927 584 166
11 113 186
282 705 727
298 237 168
3 415 991
452 995 326
685 829 145
830 713 373
800 189 204
727 17 729
961 295 312
478 305 776
16 586 480
742 235 68
262 238 834
252 41 828
578 77 656
74 906 721
446 57 261
1 784 277
730 96 572
393 573 228
521 940 166
352 682 400
420 943 989
253 194 29
433 123 457
440 197 714
160 994 771
772 995 906
49 76 353
972 820 277
551 340 217
716 44 898
116 463 192
104 67 385
485 851 860
941 643 56
7 154 401
777 926 395
34 326 822
386 297 642
662 199 333
230 915 376
127 30 190
318 485 609
55 969 811
914 262 453
321 268 607
721 396 532
468 429 857
289 166 505
282 179 703
615 409 617
342 887 998
532 205 483
140 611 803
302 524 416
755 844 35
361 916 430
244 383 210
452 24 727
308 305 906
362 271 314
979 613 200
328 144 756
162 635 366
965 936 241
732 690 84
767 402 352
548 997 86
758 448 109
484 755 766
741 117 36
406 447 648
958 126 143
713 288 129
431 604 65
671 687 106
107 453 860
458 1 856
895 110 656
356 945 762
121 38 230
508 443 28
508 400 154
650 465 793
131 895 396
547 917 434
652 23 887
863 832 239
71 727 700
78 434 996
839 554 33
69 413 476
448 920 227
601 922 691
393 52 585
140 598 854
574 601 876
812 816 60
402 886 138
101 963 571
96 153 476
129 573 240
956 21 512
182 973 433
873 366 836
809 857 785
662 782 737
890 945 552
301 346 789
438 446 103
360 894 256
187 374 180
426 329 200
937 862 173
721 734 890
908 895 98
692 908 880
781 149 824
332 449 522
473 238 967
575 597 212
182 135 585
362 561 265
913 849 127
437 570 212
678 477 106
776 521 366
7 301 514
182 984 963
703 456 552
22 383 501
233 564 635
170 277 547
786 190 396
912 978 317
476 656 145
933 431 17
298 789 317
812 970 653
126 25 460
677 46 842
529 630 406
164 151 34
62 937 223
457 848 201
125 675 208
270 608 990
638 905 778
955 68 99
959 193 123
418 222 168
612 750 150
17 265 300
50 327 236
625 135 436
177 260 110
736 881 717
725 518 622
502 824 689
600 134 234
75 552 807
242 163 908
743 531 173
43 932 851
278 908 337
65 436 596
175 171 828
891 895 698
864 748 873
905 700 7
138 774 910
296 15 424
203 110 954
727 152 237
577 781 497
266 846 932
213 20 455
41 262 349
90 478 449
962 382 148
968 871 921
877 166 287
300 720 396
605 447 547
194 375 680
690 640 525
973 853 896
427 245 509
128 334 986
576 295 719
723 615 589
643 843 106
281 495 826
677 99 272
575 644 998
254 685 638
130 658 842
377 436 86
886 915 771
223 490 65
942 564 31
530 558 874
636 839 368
813 515 818
436 89 462
433 695 146
422 824 155
615 201 943
700 438 857
822 660 699
887 601 262
917 483 820
142 470 10
509 282 524
327 69 964
788 501 658
285 275 834
792 889 386
734 941 175
590 762 834
640 1000 787
902 269 621
73 410 442
82 919 75
957 245 143
920 384 995
930 668 269
115 459 510
852 544 802
26 486 563
211 125 915
349 378 183
969 450 944
410 883 862
836 839 458
978 111 193
973 392 861
593 506 671
454 709 567
255 734 52
170 296 176
84 645 554
618 965 355
561 727 238
775 562 76
584 540 538
777 864 929
989 456 434
11 262 142
577 516 227
628 685 523
156 120 519
61 89 483
415 2 209
652 776 123
80 711 662
617 487 877
546 827 332
331 838 593
825 414 461
403 394 497
277 549 969
795 609 57
278 375 58
838 27 185
960 458 896
973 74 734
849 971 561
181 654 750
125 830 515
937 232 908
434 509 808
402 303 768
810 932 143
868 770 521
52 81 978
299 54 403
33 902 726
945 434 379
694 911 560
208 847 791
468 632 651
627 33 954
747 843 237
889 62 6
761 465 87
90 764 140
844 148 393
569 92 827
299 137 737
858 696 583
649 515 215
299 142 599
604 888 793
841 128 206
198 240 671
636 329 434
127 172 581
520 741 24
346 391 512
434 249 207
16 249 722
582 899 215
533 503 102
325 695 581
531 244 820
553 880 500
986 358 671
918 877 763
293 574 154
804 7 754
362 375 2
83 956 900
297 840 754
750 165 448
682 47 44
853 599 923
352 936 280
23 205 509
137 849 434
290 4 441
395 365 167
396 448 474
296 96 314
401 198 830
201 879 876
244 732 826
166 83 113
797 457 669
657 594 869
91 235 872
531 630 236
49 377 683
522 24 131
835 425 328
664 625 558
891 868 289
68 385 724
180 181 532
200 838 477
68 280 64
291 162 45
527 210 421
561 731 445
691 566 221
370 581 845
928 472 64
568 539 448
291 71 980
823 622 169
299 690 448
714 332 609
758 858 170
179 419 901
975 461 818
195 183 398
391 110 869
454 677 760
253 320 830
232 142 451
753 792 492
200 858 824
161 615 33
330 793 803
582 119 616
399 313 798
797 55 907
17 860 935
128 112 254
957 696 747
760 448 891
603 999 748
778 511 362
811 841 507
965 774 625
580 173 290
377 321 344
283 337 556
570 817 667
823 773 714
570 884 513
460 839 512
559 616 374
920 778 214
426 743 988
403 322 512
692 51 832
387 685 520
942 254 336
961 77 461
674 998 696
539 809 534
50 367 150
775 638 279
341 416 21
328 818 695
191 861 97
374 247 781
893 541 35
581 501 463
41 526 812
736 64 620
270 465 338
771 240 327
49 580 742
422 259 911
468 801 771
564 174 18
696 66 910
82 998 410
896 390 287
707 126 703
678 747 519
15 869 110
694 269 41
435 42 651
346 509 451
116 424 624
485 120 42
394 553 39
155 449 781
794 155 906
496 833 4
366 199 224
476 892 492
516 679 534
519 376 394
969 491 818
945 328 289
986 73 841
376 580 641
156 373 796
413 220 980
768 585 530
991 412 422
835 280 452
368 798 827
761 766 669
930 62 996
570 399 421
763 127 1000
403 634 372
198 47 943
529 166 527
59 509 291
832 343 570
283 710 367
109 822 484
129 104 546
125 673 944
897 435 70
896 190 704
619 739 102
561 268 267
439 326 775
729 509 469
298 791 178
16 251 352
500 379 455
397 855 479
340 751 266
762 998 455
465 616 545
918 528 812
536 967 489
663 47 997
131 697 139
661 712 741
12 563 120
818 959 326
648 299 429
265 412 426
71 228 394
616 145 921
779 680 239
268 342 286
616 473 982
107 133 45
847 496 608
318 665 918
644 312 568
424 577 979
849 647 206
242 614 350
515 393 382
753 660 75
390 627 899
723 733 383
768 932 878
727 249 894
644 244 206
212 19 134
190 868 132
396 461 746
97 975 490
830 80 501
905 469 127
803 192 212
186 959 495
415 37 95
309 680 691
866 891 709
351 81 576
834 828 389
579 276 715
420 458 794
920 362 263
47 516 454
610 53 764
104 468 800
198 128 831
888 993 722
597 343 154
524 176 333
264 107 960
979 526 417
772 798 778
386 196 646
191 805 698
306 260 165
105 809 644
288 697 636
9 645 330
514 520 858
846 136 316
805 114 193
574 237 990
703 623 185
348 813 989
46 119 600
562 575 409
206 862 457
193 222 101
523 735 972
732 932 107
47 89 572
239 662 809
229 364 431
765 712 595
754 109 713
705 22 640
113 579 853
569 772 75
21 646 161
993 377 93
451 775 181
23 365 842
831 593 557
613 710 620
207 815 80
272 519 102
911 632 32
115 200 803
541 221 800
702 565 528
146 15 302
326 389 19
519 219 963
427 831 672
47 390 486
478 661 5
579 923 636
963 37 835
117 578 407
917 631 971
796 776 338
450 453 726
468 971 297
430 749 479
102 795 868
587 273 528
943 203 802
578 517 839
765 634 768
171 550 398
494 697 525
831 146 977
908 613 299
204 395 47
683 496 194
902 434 818
782 377 20
583 306 537
421 70 522
540 593 423
289 438 119
813 620 265
789 527 229
87 83 975
486 117 822
679 18 256
496 799 984
867 382 289
755 154 711
276 694 655
698 982 92
817 147 711
433 935 237
13 374 671
988 859 787
809 537 805
416 32 955
751 898 336
40 653 490
102 280 535
756 978 868
847 794 14
909 578 301
497 590 674
168 929 532
954 90 420
110 505 803
65 608 700
752 647 704
241 100 336
127 855 313
347 53 458
360 961 35
660 457 976
685 976 905
216 930 346
987 391 202
789 455 809
841 207 807
896 799 906
231 278 760
543 624 164
1000 983 124
386 995 933
362 679 908
618 247 189
963 585 580
516 374 386
325 566 944
131 461 95
37 692 372
148 586 347
312 938 329
787 675 675
719 388 706
979 357 952
167 319 536
98 187 261
836 511 826
779 641 287
873 29 330
596 177 267
942 488 204
623 274 879
297 345 266
2 323 623
305 841 293
193 291 831
453 126 341
279 904 982
917 129 362
598 76 538
864 18 377
68 992 3
298 288 347
915 642 21
889 298 213
534 490 503
364 295 628
57 925 884
38 193 364
399 790 439
289 653 808
665 72 799
667 369 439
365 636 432
737 876 729
950 409 571
452 125 217
432 181 141
315 570 333
678 320 474
468 960 126
276 625 198
426 643 918
864 360 905
647 96 781
728 397 541
298 849 17
866 280 197
6 946 118
690 975 790
515 442 749
640 69 725
189 495 720
107 710 79
363 357 526
143 84 923
36 733 123
52 598 402
601 955 699
718 996 673
859 510 114
608 501 183
332 690 29
403 148 90
481 510 446
7 5 881
281 40 965
403 91 914
156 691 868
854 761 215
526 619 724
991 578 577
525 262 266
905 664 413
995 497 922
792 855 278
673 135 317
989 889 408
903 396 450
122 601 562
337 478 533
412 468 110
988 345 723
605 249 739
17 243 235
291 35 89
568 59 575
885 47 463
644 301 210
445 423 810
7 111 287
891 522 754
1000 862 98
75 466 699
813 835 941
47 477 975
487 44 385
61 280 432
875 275 84
84 720 506
893 78 616
179 968 490
284 319 703
734 393 168
432 557 354
724 603 830
699 89 874
83 501 505
866 375 780
950 458 851
807 350 280
423 880 599
264 516 917
966 601 662
485 32 218
839 755 173
668 805 613
893 240 114
398 457 488
529 758 298
731 565 999
10 339 879
608 602 746
876 919 346
537 403 729
107 241 835
631 261 992
243 505 231
708 254 39
548 782 797
845 864 361
843 225 699
73 184 652
170 60 570
515 948 972
595 406 565
430 36 177
421 631 681
3 338 935
41 885 68
837 81 932
197 924 508
247 348 692
898 870 103
467 384 50
791 979 808
707 760 843
235 532 473
915 534 163
849 574 47
269 763 128
552 311 403
59 558 102
750 807 971
852 626 707
254 768 37
413 474 796
255 708 327
80 974 212
242 175 137
640 443 899
119 994 210
521 52 119
975 154 925
945 357 550
651 962 669
39 374 142
834 981 201
512 60 175
75 653 349
212 292 143
110 411 136
671 283 539
789 257 44
66 554 401
967 556 714
636 595 440
129 428 420
682 292 831
856 366 483
556 929 126
50 39 888
185 61 523
75 202 779
471 267 684
223 585 240
936 572 834
375 701 613
794 382 904
976 589 622
810 496 550
936 545 940
175 81 1
697 507 554
828 977 820
511 199 756
750 135 328
583 861 380
196 7 761
451 982 701
424 792 196
974 79 92
265 253 172
265 302 678
818 129 7
989 991 205
97 741 691
424 675 552
155 222 558
915 25 539
967 448 682
514 773 760
605 38 365
128 302 666
157 472 146
163 812 136
368 908 228
58 683 255
609 837 828
518 103 852
409 69 300
90 582 72
202 538 109
566 665 763
583 822 586
80 984 749
567 703 657
147 113 691
753 721 880
580 591 982
432 999 403
83 440 336
506 641 874
967 558 890
81 492 711
666 923 47
414 490 101
422 988 213
113 740 286
344 319 876
325 102 226
79 184 665
415 42 658
640 8 567
529 88 411
592 105 333
990 518 174
90 292 161
655 756 900
292 99 571
167 423 672
744 502 208
760 268 249
417 907 608
336 787 695
746 378 799
430 719 668
604 161 959
116 815 714
16 106 812
938 624 587
609 719 440
816 478 707
416 247 965
23 582 751
69 679 481
219 460 551
239 63 711
197 179 877
263 546 334
426 483 309
364 443 27
803 259 505
861 26 103
825 401 36
928 469 66
760 688 525
310 926 588
21 474 118
897 88 663
583 514 497
891 877 939
270 32 549
126 892 575
228 69 975
263 996 795
328 755 834
852 64 111
791 436 937
908 685 24
922 267 889
770 509 118
709 778 149
257 903 392
183 130 460
509 744 807
304 71 561
489 275 977
600 417 412
536 677 448
911 950 714
800 720 223
269 428 1000
769 36 255
160 219 384
972 79 128
778 734 550
691 223 176
19 822 945
430 709 621
230 619 570
943 770 289
517 390 68
869 158 456
123 318 674
858 641 104
985 418 838
887 460 60
414 478 233
358 260 941
978 489 911
900 783 33
540 300 422
608 168 580
63 642 249
88 499 889
543 836 658
380 74 118
439 487 595
23 197 854
963 526 342
226 777 125
258 317 776
679 276 295
610 690 936
210 129 786
98 671 621
756 51 46
225 841 885
819 864 81
25 178 958
366 403 735
842 12 51
969 43 678
263 652 367
550 862 495
336 311 517
308 418 919
354 642 760
238 813 975
670 837 504
627 554 907
713 748 918
115 716 312
792 979 964
158 528 177
4 863 839
521 523 257
791 876 250
550 113 414
876 134 250
380 760 156
638 825 903
907 939 970
219 731 948
534 240 828
710 596 42
900 468 564
156 258 439
758 160 903
171 35 36
773 766 148
928 403 972
182 310 910
151 880 992
99 413 232
278 474 179
319 373 646
235 881 903
673 990 62
928 160 97
963 932 862
462 211 617
433 392 278
695 543 157
38 993 569
621 270 394
799 940 766
444 174 998
347 199 987
408 126 499
856 440 782
70 902 993
686 686 736
963 380 630
471 770 622
391 390 243
784 189 535
901 632 708
899 978 258
237 738 383
87 945 823
869 14 76
213 51 761
948 13 493
578 835 262
551 225 651
794 8 839
680 261 823
387 511 152
997 747 889
379 834 186
553 54 199
628 266 250
389 213 614
881 142 449
494 693 25
496 838 33
335 517 645
509 255 155
660 251 253
901 630 86
86 182 491
636 162 756
885 550 321
851 782 462
651 627 154
675 122 991
59 808 507
703 316 114
857 328 364
110 580 993
547 665 527
38 652 688
145 537 589
465 739 722
927 389 348
432 63 469
775 122 277
633 824 944
746 33 271
110 142 850
454 688 866
980 77 870
19 222 406
959 686 496
32 964 884
379 748 298
200 522 419
828 154 595
123 252 627
394 361 120
595 814 159
813 146 236
682 516 457
439 827 494
934 858 458
169 237 557
466 788 78
237 615 583
183 737 834
161 482 194
280 429 360
438 593 857
673 274 724
481 64 550
975 349 408
784 517 996
692 334 783
769 570 749
351 104 837
537 264 671
82 895 99
793 333 691
649 357 316
373 190 379
922 164 727
329 299 595
676 990 928
458 110 850
206 812 305
395 348 569
65 782 463
515 574 147
557 575 504
872 947 693
602 220 208
680 901 858
274 576 199
553 34 660
754 591 471
59 337 171
627 401 304
441 267 877
588 823 451
443 46 749
487 647 969
46 678 869
255 303 796
805 856 829
464 609 772
286 667 460
456 645 861
759 86 479
988 25 302
438 819 699
539 305 698
507 702 375
727 956 678
522 760 885
703 575 493
826 860 512
285 668 156
497 778 593
976 117 617
629 907 435
327 445 91
24 951 792
751 29 99
428 902 210
312 604 784
156 781 996
19 66 15
175 914 792
767 889 909
736 517 815
522 196 259
613 219 561
756 969 941
855 748 842
416 411 798
552 919 578
547 937 995
561 111 909
704 230 149
612 317 18
778 838 213
388 802 783
948 558 104
888 764 851
82 179 614
879 730 532
456 628 468
451 188 931
711 892 512
859 855 180
228 633 17
440 372 819
575 320 728
678 559 491
880 640 669
493 870 751
376 326 378
196 128 918
126 190 161
989 400 367
168 628 351
536 67 723
354 641 394
81 670 952
923 550 944
592 42 813
694 770 490
423 965 969
340 442 158
852 430 558
219 949 185
569 484 603
291 190 596
684 270 265
988 193 814
283 136 208
447 181 977
937 603 293
257 295 734
415 498 163
324 716 463
860 637 946
462 279 135
57 315 757
674 302 301
487 936 788
46 382 968
22 670 922
666 279 568
399 693 66
913 368 133
375 227 769
321 40 48
807 449 362
915 122 15
215 608 302
2 654 683
321 27 705
595 693 983
514 443 27
579 356 746
64 730 972
832 402 363
231 561 811
944 475 932
958 690 892
259 43 897
294 716 923
350 662 967
684 175 762
62 106 117
807 169 198
130 352 952
492 583 512
303 878 986
586 188 27
477 798 422
373 443 489
648 792 150
966 827 324
727 888 429
843 694 949
393 823 301
344 667 235
855 321 112
192 906 651
571 383 449
992 755 891
832 402 683
981 368 861
304 446 749
85 641 794
33 33 969
685 376 635
919 582 955
383 125 860
33 695 594
481 38 349
724 869 102
758 201 821
618 505 267
366 941 907
160 325 939
128 10 666
114 280 599
68 662 723
279 47 770
873 879 159
221 602 380
674 359 580
495 977 436
761 694 376
667 853 53
957 332 62
622 445 341
220 864 355
294 143 753
415 367 631
574 939 585
953 612 943
884 106 271
320 218 965
47 236 169
99 192 501
512 165 297
853 736 513
559 382 7
663 796 373
293 369 311
877 673 922
172 557 380
442 228 949
406 274 185
927 373 728
779 236 893
75 440 980
939 998 361
945 660 509
317 305 877
627 533 902
901 704 458
632 498 37
580 255 310
116 181 34
844 959 270
88 386 709
67 324 59
780 621 70
288 937 726
516 916 259
417 168 314
226 799 811
262 730 418
924 846 598
309 689 909
578 128 646
639 194 321
697 325 941
118 612 878
844 480 145
454 248 312
119 474 462
282 87 543
699 10 388
296 319 428
556 248 555
201 886 101
522 934 777
462 404 741
691 599 220
835 52 467
498 522 292
959 803 379
502 501 740
241 149 410
21 704 10
927 257 247
379 130 533
156 943 936
896 634 534
467 820 937
933 318 458
577 628 261
955 481 113
46 722 261
808 94 317
817 20 573
63 751 54
595 906 996
882 153 981
767 619 801
55 551 470
513 127 97
125 433 578
237 831 651
850 638 744
166 806 115
90 220 865
143 167 770
490 48 922
471 167 540
271 221 443
740 85 921
836 209 706
765 798 536
415 647 525
158 164 330
625 253 549
489 747 715
611 236 115
884 706 281
776 328 853
218 67 938
490 255 146
195 19 295
730 786 941
606 295 104
935 919 708
836 760 806
902 370 394
16 253 451
648 380 779
501 597 197
438 439 451
935 633 822
230 715 607
170 320 253
626 607 172
685 442 931
843 343 652
236 711 256
686 358 636
464 210 232
661 647 22
463 582 655
636 811 721
242 332 392
495 309 998
18 346 791
300 188 134
951 423 196
206 460 905
841 924 115
425 936 761
446 750 694
452 386 856
524 979 540
916 825 848
913 842 193
56 141 380
189 443 154
736 1 614
640 193 889
754 617 176
867 415 925
912 218 310
768 742 289
659 9 113
506 921 307
51 976 799
782 516 242
288 603 242
901 243 786
141 348 403
316 566 169
240 478 738
902 597 479
190 255 487
654 112 760
960 162 87
759 296 955
1000 583 909
593 483 151
378 975 851
132 290 416
652 881 245
390 782 841
220 323 95
59 977 559
818 936 720
256 694 15
562 45 949
471 989 783
973 719 757
823 202 46
591 854 279
835 243 60
676 814 383
122 872 359
680 41 646
752 297 692
118 210 736
67 32 77
849 5 795
606 179 996
3 769 201
633 956 795
693 983 609
427 104 480
137 136 521
134 239 169
825 356 730
561 774 762
637 623 118
783 580 296
130 934 417
331 567 372
125 611 354
85 389 809
565 525 944
437 658 182
957 483 890
686 395 663
799 383 637
916 165 216
212 646 502
628 976 420
351 453 30
56 537 418
864 453 294
160 889 951
693 845 785
582 883 179
597 681 913
233 597 429
801 160 75
654 139 402
73 489 854
102 544 391
871 759 843
164 918 84
114 611 280
251 544 514
781 492 195
694 725 143
474 877 654
548 530 792
302 602 632
155 55 175
897 925 933
92 88 203
175 553 165
806 803 60
320 936 552
866 981 628
360 454 504
13 354 385
804 655 338
435 809 392
961 58 316
245 149 755
799 675 659
963 480 814
23 151 749
574 16 729
553 727 534
408 739 887
792 894 893
481 680 54
872 992 111
539 237 611
645 35 285
303 350 116
116 372 619
864 297 986
944 201 713
478 608 451
716 399 697
609 231 376
14 102 720
124 992 956
86 636 342
370 290 43
837 406 766
455 621 62
441 565 262
153 394 221
955 461 619
3 421 201
379 434 302
450 909 645
757 994 632
98 363 922
493 552 327
258 358 947
672 798 863
933 302 608
506 609 69
476 611 489
677 341 275
978 790 183
975 546 177
606 996 891
527 840 442
205 97 800
504 768 949
718 53 603
326 558 563
746 33 525
234 709 218
508 39 359
43 13 905
219 970 252
109 849 91
903 53 539
54 908 307
354 626 359
308 303 268
870 48 300
395 633 361
964 141 399
322 535 763
578 753 732
181 213 580
271 115 985
810 168 244
468 522 869
178 829 171
445 51 570
96 797 203
456 760 695
854 81 229
968 11 981
700 191 193
631 462 308
967 623 827
211 442 700
431 619 881
954 415 931
523 510 727
725 966 838
419 171 270
647 139 280
627 190 471
172 172 284
831 491 258
9 701 699
709 483 669
589 436 83
519 959 592
597 35 909
786 454 432
55 100 570
687 79 111
157 602 634
792 432 124
49 440 176
99 500 659
767 88 446
201 958 756
144 906 791
53 691 244
484 98 695
405 784 125
867 292 726
500 83 509
976 483 949
151 933 448
161 51 888
607 251 845
714 746 751
504 798 793
99 633 242
794 389 25
918 255 668
644 107 102
152 82 936
452 584 868
252 97 918
139 703 520
335 768 266
437 272 415
230 370 400
471 163 140
848 433 395
867 428 853
969 579 286
904 383 869
124 634 965
41 124 19
913 458 787
530 895 410
944 476 131
695 298 646
835 497 78
581 364 505
433 332 435
718 587 817
938 710 802
255 103 925
625 15 383
763 544 629
172 839 104
303 534 753
948 368 250
377 948 613
881 732 296
667 449 882
484 738 944
285 992 46
562 969 412
944 731 307
572 903 145
27 557 678
779 856 397
380 232 344
992 464 427
639 130 227
873 965 965
816 602 308
213 163 276
624 106 7
930 29 261
426 407 169
104 537 376
852 917 607
548 908 422
974 547 551
201 771 868
165 586 469
824 150 631
452 773 88
810 54 116
422 479 874
590 934 410
965 786 326
923 685 586
344 658 132
246 858 902
113 374 839
581 550 988
211 1 112
650 810 517
765 231 347
990 172 281
400 488 418
725 410 102
310 105 111
793 350 969
46 815 694
884 395 243
223 958 595
686 607 756
202 724 338
549 713 509
181 464 348
598 189 757
51 850 213
161 643 915
481 40 729
527 276 475
769 498 784
716 184 391
471 737 466
809 285 530
669 465 994
17 414 534
125 464 735
338 977 377
252 457 769
332 983 44
806 104 893
590 171 428
332 641 165
149 801 449
30 470 266
375 486 679
908 962 495
643 299 823
371 902 631
491 585 966
534 743 421
427 332 591
854 15 583
18 515 384
819 544 205
436 919 42
466 178 3
960 172 654
134 895 907
765 385 492
82 271 234
502 49 917
444 902 283
26 272 797
761 442 692
965 877 962
6 342 492
9 654 15
662 787 909
568 903 646
411 984 268
644 837 316
912 280 217
194 658 840
990 418 281
34 383 157
995 740 499
486 100 504
853 761 290
113 681 545
758 443 880
377 439 717
692 350 996
261 544 653
100 885 423
381 918 157
889 265 896
739 102 996
242 954 108
884 67 140
428 176 583
307 553 21
375 244 370
723 504 265
727 956 150
149 688 419
305 576 35
201 667 137
196 908 442
655 143 508
795 922 36
377 229 588
749 955 183
470 677 39
735 404 994
884 552 33
654 857 608
689 409 626
177 956 534
618 610 28
478 756 950
513 132 530
452 232 484
986 702 161
24 436 564
369 671 115
401 676 323
361 364 83
986 540 38
871 510 1000
251 987 755
200 851 239
729 654 470
212 639 171
724 15 958
287 735 980
754 488 656
76 200 19
159 537 911
548 408 772
547 658 110
302 209 960
892 937 965
361 500 955
884 224 969
193 862 56
173 615 895
828 43 94
198 553 630
108 100 389
231 999 398
340 652 606
651 543 894
615 903 746
570 138 321
890 331 182
297 503 149
191 330 191
284 527 95
266 987 194
6 217 544
404 909 195
361 559 737
255 526 992
1000 95 481
320 336 811
853 985 313
1 175 994
191 811 873
285 428 859
831 433 427
726 836 335
273 197 894
9 803 419
352 154 865
833 825 552
995 677 536
660 678 63
653 220 873
525 857 300
735 39 732
162 764 920
496 36 468
741 397 270
511 100 775
375 284 599
279 279 627
166 938 304
228 942 876
452 467 84
751 201 122
835 714 237
106 210 625
573 302 373
194 813 824
968 539 460
566 817 738
192 983 27
848 562 320
75 14 786
158 116 339
631 950 404
219 407 965
195 979 267
919 172 79
95 491 617
554 56 434
291 600 768
669 799 329
988 225 342
126 382 458
816 364 759
219 934 166
184 481 496
450 399 20
880 493 510
496 46 918
281 688 869
48 708 667
729 696 891
422 173 624
231 340 339
990 558 272
507 93 752
354 894 503
373 773 995
883 269 393
800 901 80
668 301 140
686 29 187
928 802 359
551 33 50
241 374 607
864 232 52
616 585 945
470 958 70
464 840 690
208 991 590
640 10 242
779 47 270
965 974 424
675 876 456
724 116 181
682 979 412
733 946 996
30 415 953
451 231 144
140 438 486
81 77 847
323 207 893
944 171 866
367 197 741
822 272 856
2 954 187
413 38 132
761 419 547
65 869 777
209 360 214
46 441 643
893 763 849
785 706 372
651 425 920
743 246 192
599 600 497
785 364 886
268 124 305
814 189 525
590 749 885
156 794 677
150 38 791
350 823 496
721 473 920
993 567 518
184 165 469
32 301 184
917 569 660
573 734 848
98 676 948
334 831 93
10 332 131
800 681 953
647 754 777
919 746 343
788 281 860
256 312 512
791 228 432
450 801 166
649 250 841
596 935 23
41 296 354
171 447 386
475 445 139
603 363 884
297 502 516
156 109 827
20 900 407
451 349 559
616 998 160
808 945 94
830 985 389
535 507 835
921 981 279
59 935 994
295 232 847
162 387 956
989 758 207
747 209 555
305 176 904
464 984 849
909 813 833
649 700 692
835 620 24
465 30 959
458 676 190
657 838 928
612 178 686
170 924 894
724 580 69
628 395 404
828 655 217
12 303 268
703 137 887
727 601 268
685 411 296
874 67 133
153 30 662
838 199 585
83 922 516
504 901 262
907 728 916
475 92 218
742 794 354
980 872 954
248 556 364
543 781 782
27 934 811
688 123 9
624 206 283
491 709 535
752 615 615
667 90 706
884 183 499
589 163 371
894 410 278
258 304 59
391 682 344
202 369 466
562 344 23
844 834 83
379 937 698
993 603 139
698 838 321
548 426 483
270 319 244
548 928 899
958 319 580
301 872 300
118 433 643
493 277 828
575 7 116
272 999 718
762 48 907
435 595 684
917 865 3
513 764 282
411 721 952
343 373 175
642 842 608
637 334 236
816 909 242
932 532 592
649 646 639
908 80 233
591 348 449
945 860 212
227 623 284
530 965 656
705 606 850
312 242 183
547 58 443
140 989 975
731 989 620
369 896 699
953 839 46
754 783 258
317 9 880
953 539 844
960 595 801
809 906 43
992 804 452
434 295 792
760 25 132
731 745 28
781 49 866
827 154 1000
436 471 9
315 423 899
510 382 493
310 543 750
704 534 905
507 319 551
298 431 575
430 161 671
809 942 71
26 120 577
25 555 47
385 221 821
635 82 554
479 743 448
228 447 981
484 305 652
34 603 82
960 384 594
982 544 887
405 569 6
981 945 912
379 330 484
551 964 565
456 443 308
904 22 106
236 858 410
887 891 364
320 203 747
266 536 290
152 940 210
158 920 155
421 650 836
905 200 799
469 656 593
128 559 615
233 794 824
995 33 66
358 704 268
457 321 156
746 473 95
308 982 367
462 402 16
297 658 216
447 479 223
40 606 133
6 191 926
829 185 310
894 542 366
514 998 686
669 96 510
115 755 843
481 568 245
497 864 254
64 662 732
286 53 338
418 58 880
695 238 64
357 484 957
74 997 307
111 17 754
621 131 508
463 612 75
59 460 290
665 875 951
396 512 4
85 281 413
964 327 3
27 683 486
336 108 834
642 219 850
395 191 980
902 5 943
976 416 754
617 80 628
567 475 139
922 912 771
687 875 98
689 254 132
174 589 240
359 230 810
208 976 1000
539 229 4
834 556 419
939 172 498
567 90 325
57 12 236
828 50 462
277 738 715
408 263 655
647 621 236
456 180 211
807 70 439
163 903 994
933 842 165
783 760 607
107 168 618
694 347 667
155 623 756
870 31 18
524 29 990
112 837 521
322 643 590
113 157 845
106 90 38
623 872 149
229 330 316
198 23 663
216 177 637
323 398 667
692 274 48
681 385 884
553 706 878
142 170 35
986 628 124
375 602 995
523 182 676
839 379 698
853 946 874
489 620 624
508 311 897
555 343 281
438 895 338
667 36 508
701 374 135
824 100 736
170 623 917
845 813 647
894 17 944
120 857 563
743 364 873
639 270 567
271 59 461
608 726 848
467 426 573
953 602 673
40 123 295
308 320 459
306 213 475
249 332 331
163 74 47
387 64 316
953 334 375
413 294 100
613 760 877
185 65 830
857 104 953
503 412 272
961 717 836
435 318 520
118 480 593
164 867 9
479 819 342
205 584 635
656 196 747
885 380 811
714 237 266
666 91 677
289 52 746
477 838 63
996 955 894
940 470 760
948 301 931
642 505 514
276 513 709
374 397 440
536 110 676
802 128 767
478 768 170
575 244 359
989 591 314
883 531 135
642 830 435
572 471 292
437 99 156
145 472 552
585 8 13
612 809 140
730 638 260
251 565 855
610 553 446
275 435 328
409 429 157
196 352 628
839 789 726
994 285 549
545 221 556
557 833 716
49 914 706
660 165 270
514 126 822
959 400 609
638 160 37
795 355 388
774 193 528
851 186 813
399 82 33
307 991 217
22 391 131
727 50 647
348 563 124
522 874 523
130 863 682
518 657 389
257 782 933
785 632 471
949 31 552
981 337 894
198 710 284
680 789 685
678 488 600
801 9 825
675 490 687
356 7 696
96 616 477
29 752 461
499 700 843
402 32 531
296 581 240
931 260 380
616 289 868
215 89 876
39 115 366
77 471 724
772 918 691
601 946 442
61 796 493
903 198 525
433 493 105
24 775 717
404 390 5
271 956 446
498 346 560
215 423 382
291 546 652
981 498 597
423 558 745
267 812 942
791 596 786
248 620 560
964 375 950
320 997 257
117 494 603
29 61 377
762 351 274
413 331 772
362 105 681
106 372 493
47 162 440
184 409 59
743 724 785
44 396 781
301 512 627
255 892 687
983 654 37
256 418 367
379 131 824
60 236 195
552 634 356
343 817 117
754 912 192
538 955 587
671 607 451
297 213 694
335 195 347
371 803 117
89 181 247
912 240 835
106 143 468
814 486 637
282 591 548
473 128 854
412 150 461
214 446 673
907 780 220
606 502 374
722 591 554
320 854 146
154 312 640
622 477 477
610 758 67
157 582 547
10 345 696
822 558 142
495 465 273
66 422 127
439 143 69
344 462 922
489 616 233
129 589 61
605 198 818
24 706 752
570 715 96
265 537 654
758 383 470
383 800 891
509 238 385
577 581 846
498 422 813
83 550 753
143 506 302
313 881 7
64 450 74
159 67 962
164 824 696
985 206 495
875 714 84
259 290 16
457 140 437
621 574 338
726 68 844
27 732 724
386 795 526
459 306 592
772 821 415
467 806 973
313 680 38
396 291 680
763 99 171
200 719 744
537 796 163
732 823 247
808 208 393
333 18 698
276 141 519
42 959 324
14 271 355
52 18 997
731 780 95
