57 1532
96 227 452
326 598 125
631 910 916
609 642 701
669 386 650
847 199 685
813 785 936
993 901 402
382 17 76
556 848 132
534 295 358
337 620 307
813 251 216
728 859 209
781 880 594
430 726 144
466 538 928
402 883 829
803 616 845
878 171 45
9 704 339
718 392 959
377 205 561
592 932 771
153 712 2
98 493 80
242 311 969
169 712 203
997 866 818
842 95 989
238 103 44
576 172 436
886 548 640
798 492 923
569 996 987
922 93 831
353 686 141
322 855 204
524 203 421
694 396 515
682 633 969
77 209 141
512 94 40
503 244 883
778 812 878
764 85 323
946 438 8
439 111 214
642 986 417
63 679 164
577 712 797
898 789 357
38 652 802
429 155 45
312 932 856
541 47 293
215 344 82
575 782 192
788 776 177
556 190 208
720 118 919
516 15 707
872 52 711
673 833 865
718 496 148
925 36 194
569 603 537
650 177 671
841 316 446
370 872 635
577 591 104
847 458 119
906 329 522
616 353 354
480 422 849
979 699 237
524 267 191
412 917 367
82 109 682
879 478 553
513 406 495
617 253 952
87 510 280
608 125 985
962 956 406
162 286 104
750 809 723
940 220 639
306 302 99
340 180 929
244 45 334
739 13 938
690 451 447
322 58 923
306 371 230
63 533 515
519 634 323
241 574 543
231 231 196
681 570 727
609 166 123
943 904 487
232 945 937
31 266 995
305 923 365
535 986 249
401 856 883
724 448 808
618 678 390
165 358 312
891 967 477
366 261 380
852 492 324
789 874 942
783 179 864
499 713 201
100 465 56
334 188 503
141 157 532
530 673 242
841 564 208
669 281 820
400 132 663
724 920 537
17 54 715
880 905 779
433 4 243
488 337 783
343 829 291
874 710 964
115 903 879
674 571 159
493 971 290
508 46 562
44 62 615
110 293 519
240 725 874
834 213 210
968 907 390
259 780 100
574 247 2
452 920 572
962 765 894
603 272 939
164 667 352
131 128 645
1 367 721
227 552 285
436 520 191
826 778 971
277 703 569
278 506 488
201 467 604
95 421 227
385 937 245
737 419 372
733 771 90
453 997 642
738 433 161
928 610 290
250 886 992
818 515 849
658 715 667
261 161 87
840 546 23
84 634 441
456 366 212
897 818 560
538 907 992
698 187 953
339 788 838
682 606 704
530 615 419
196 227 579
283 66 476
657 502 109
450 957 474
13 205 644
572 743 902
916 792 88
868 131 876
58 812 833
761 342 447
531 889 25
462 523 91
937 180 592
46 981 900
519 993 104
514 564 198
416 831 990
855 699 120
730 108 283
562 220 976
360 751 865
385 212 739
827 148 918
770 193 898
21 64 242
476 929 158
674 344 988
663 199 38
134 280 145
768 194 365
96 553 467
312 289 678
50 467 177
968 236 722
217 256 137
459 84 65
968 757 761
955 771 311
345 256 590
489 23 135
205 470 40
671 781 328
700 831 147
229 798 382
950 366 990
86 176 73
502 143 181
262 98 951
924 442 558
514 282 932
1000 839 402
39 861 182
719 561 12
865 789 161
246 90 527
587 175 54
11 676 197
191 290 646
493 213 439
50 78 72
982 78 910
383 116 771
916 186 683
928 50 823
440 648 912
318 234 438
372 597 465
568 787 106
213 280 319
3 329 748
74 662 825
984 396 293
106 312 478
140 591 880
962 30 527
225 348 112
14 719 708
478 286 495
584 850 126
254 204 806
1 277 468
178 612 863
470 717 526
299 208 116
178 169 146
56 745 493
168 758 211
227 236 848
73 171 49
198 424 252
4 776 880
823 953 492
685 774 560
563 73 768
678 602 288
823 658 33
667 177 790
229 403 377
76 476 547
476 25 322
727 28 98
607 202 50
450 239 824
9 801 248
128 478 849
416 301 858
448 319 34
589 548 437
966 975 264
512 451 288
834 529 668
283 487 869
332 936 107
507 297 259
754 424 737
603 191 389
812 638 707
846 227 254
634 544 229
249 55 31
888 240 559
555 522 46
776 206 333
234 712 629
493 818 405
229 772 595
969 583 585
675 428 163
281 413 706
861 661 112
891 549 352
449 103 225
846 230 430
179 464 494
159 308 311
915 888 434
510 856 16
446 882 796
608 162 208
665 22 869
776 912 417
479 713 871
704 910 101
485 440 916
330 599 575
992 513 462
425 374 317
793 819 550
588 778 712
795 442 85
663 218 349
79 48 61
302 103 322
402 588 762
669 269 712
243 613 576
56 37 950
372 829 120
921 768 898
984 563 691
69 225 908
417 656 956
829 957 58
150 710 997
911 730 618
622 972 230
198 27 618
499 750 799
970 22 566
867 358 128
558 778 705
817 194 712
124 374 668
534 523 729
882 786 458
499 759 781
80 308 159
50 806 260
848 776 633
765 994 990
245 903 767
949 72 312
660 195 685
679 80 560
759 962 345
216 812 103
348 244 411
506 293 568
117 492 695
749 256 689
91 500 943
857 800 14
521 459 561
557 489 640
116 247 953
460 814 765
915 161 360
677 18 652
596 134 495
291 883 750
979 973 602
273 181 401
287 701 212
847 258 700
486 725 299
439 537 112
555 451 625
914 479 642
917 74 776
411 364 658
512 694 982
113 967 162
514 605 215
725 451 824
776 288 548
74 726 84
538 632 886
162 545 716
803 813 790
578 575 505
587 87 551
568 199 869
82 712 473
648 788 275
471 564 562
370 989 288
806 526 271
43 687 168
759 842 980
900 419 555
756 358 641
658 277 191
526 358 255
350 357 42
624 179 957
186 549 298
825 706 823
95 100 862
262 210 703
594 109 473
500 217 182
492 874 459
682 400 168
936 101 525
330 725 55
638 910 603
935 734 660
110 180 760
323 442 969
377 387 430
201 886 646
383 377 871
193 410 622
360 698 723
236 379 447
291 16 356
245 303 441
257 412 620
16 734 413
336 462 151
765 662 36
762 44 764
985 236 526
606 948 223
328 535 601
126 825 968
833 422 270
273 678 33
245 693 118
9 380 579
160 497 241
195 258 636
311 242 872
836 200 171
410 879 705
10 5 882
329 837 303
951 462 332
983 58 376
453 66 755
383 225 251
975 772 509
611 82 102
834 269 301
4 678 180
60 39 536
941 367 372
595 669 185
926 4 242
301 456 660
56 838 884
306 165 7
166 775 88
620 608 708
272 963 385
451 22 775
986 315 494
710 909 162
246 835 165
840 487 620
499 542 810
734 200 326
741 365 100
180 336 59
240 608 21
624 410 394
751 748 708
244 457 969
405 54 803
922 893 289
893 743 183
54 829 382
379 569 98
478 100 786
536 339 393
908 315 802
302 65 549
361 660 357
329 64 411
483 985 655
124 878 750
306 931 578
39 662 498
488 139 597
273 27 288
665 934 602
467 587 18
367 948 677
724 276 92
486 111 429
492 234 658
241 891 940
170 929 601
667 416 740
616 689 766
903 705 51
504 523 638
521 890 937
549 965 564
640 450 674
68 293 907
725 534 149
665 55 77
265 722 845
356 337 533
473 591 589
524 94 112
513 966 1
801 514 317
364 505 766
390 573 410
648 649 295
797 665 350
873 930 423
717 637 759
601 110 349
542 985 794
653 849 111
5 649 624
321 12 128
438 401 52
847 49 53
142 197 717
843 69 646
265 138 635
375 90 744
75 631 80
868 283 928
978 639 576
953 959 939
432 396 692
836 595 92
888 88 288
604 930 356
602 194 845
236 568 935
331 994 917
410 861 552
337 190 190
264 494 149
202 277 896
893 112 842
336 351 929
623 955 858
331 908 403
175 143 322
461 825 315
730 234 527
281 570 716
470 833 561
970 386 838
866 631 301
707 966 4
988 589 310
197 919 217
600 445 711
921 258 535
588 987 768
114 619 689
182 88 873
742 58 258
931 275 888
584 333 206
587 320 794
896 517 64
464 468 860
174 740 469
708 327 807
827 793 425
515 974 513
387 67 922
996 350 548
236 285 880
441 871 552
234 118 420
649 581 887
860 754 626
329 813 305
135 639 97
560 505 422
424 243 840
697 238 189
244 473 825
475 913 695
26 498 812
445 498 744
683 358 849
661 686 661
965 172 651
413 83 507
186 858 749
377 554 987
566 149 459
742 976 724
437 1 221
600 798 719
696 832 428
544 492 465
557 808 636
207 572 719
714 757 928
462 134 482
800 51 982
611 792 957
334 580 310
906 532 459
976 227 290
403 770 782
867 326 589
855 885 513
925 950 269
852 763 754
685 563 156
667 173 948
623 858 879
284 763 410
742 739 636
32 493 406
813 360 83
753 214 967
265 138 268
886 989 31
639 26 945
795 692 469
94 666 326
972 950 440
382 691 530
17 74 23
774 238 382
857 991 947
175 607 84
443 844 424
825 835 449
121 981 492
589 74 158
266 397 459
705 130 149
235 499 575
257 272 812
990 480 802
936 655 761
371 449 956
146 625 790
595 745 770
438 333 195
595 950 944
405 654 73
906 240 571
480 496 195
291 485 674
445 772 680
557 142 480
512 288 104
302 234 848
423 671 532
970 618 481
265 22 487
337 927 726
260 406 222
454 49 58
479 493 830
159 49 323
638 560 610
742 213 843
941 988 866
825 957 483
657 221 856
143 909 783
869 168 540
442 973 588
851 452 432
680 962 480
3 599 392
964 692 604
159 985 943
24 809 899
858 465 471
713 960 732
495 828 251
387 269 224
326 119 27
758 151 988
589 505 938
332 820 630
288 978 966
230 353 126
481 210 590
951 923 549
34 769 728
285 155 348
860 833 819
886 942 969
225 882 825
162 214 996
143 501 974
108 730 326
233 210 536
175 513 810
75 546 578
803 830 85
502 41 917
320 926 210
640 502 91
816 664 304
812 158 804
785 618 886
462 202 447
349 376 959
158 803 857
736 957 38
820 458 79
88 778 356
297 769 858
387 585 873
43 396 30
198 180 999
83 993 201
882 342 928
192 499 730
48 234 38
438 405 496
516 492 625
223 140 393
80 879 977
952 921 372
334 470 903
684 905 896
884 786 589
164 977 87
893 377 673
283 814 77
778 681 921
754 903 412
146 983 290
475 286 562
846 971 32
101 655 936
348 890 73
936 53 49
22 298 777
694 580 590
123 709 270
395 462 525
806 959 507
96 433 144
657 631 467
40 731 473
975 430 362
399 365 767
800 386 64
576 432 995
518 906 703
787 300 516
663 105 474
521 552 259
665 209 889
483 600 971
955 927 400
668 325 764
434 124 501
497 700 284
491 217 189
545 355 840
60 18 945
886 538 496
144 554 56
384 36 656
354 342 582
105 10 258
220 795 382
720 644 433
356 486 649
544 31 355
384 442 724
680 327 262
527 470 167
583 853 555
590 558 248
523 662 257
780 881 404
161 953 47
593 308 532
593 203 562
300 938 4
23 969 682
636 496 152
803 430 356
709 19 914
956 893 575
565 672 808
968 185 112
14 129 419
897 74 973
811 373 263
814 395 231
847 31 726
998 185 155
706 245 525
619 200 417
545 764 441
704 83 977
815 448 105
585 345 178
558 155 550
172 320 297
402 166 679
480 516 215
986 221 459
863 839 658
631 735 774
71 439 208
47 253 656
504 190 1000
33 99 506
583 270 825
231 23 342
909 502 857
123 488 429
581 350 267
590 980 354
715 403 792
923 801 396
578 304 937
929 337 35
786 271 304
962 853 327
303 761 180
512 235 19
940 167 720
559 108 52
912 823 806
55 745 606
802 674 262
739 954 950
773 739 572
429 700 424
107 354 536
286 865 122
657 805 288
376 363 395
779 626 569
584 680 665
190 481 690
803 219 643
752 344 733
323 772 432
746 878 138
633 515 2
754 171 806
41 899 520
787 677 145
708 261 824
372 802 657
62 604 227
56 707 570
789 29 693
572 126 922
709 758 437
711 511 959
868 903 209
388 689 886
884 396 498
60 120 651
716 533 606
942 588 312
864 376 692
556 948 817
830 656 926
266 718 436
576 938 338
785 677 378
22 560 126
871 619 597
521 686 129
478 980 716
789 195 92
480 750 391
648 931 398
573 196 468
360 124 405
49 260 81
778 281 992
903 503 963
499 375 648
627 852 979
695 640 173
138 471 275
528 470 205
277 394 753
744 753 876
500 801 135
580 578 767
924 833 269
886 683 643
533 662 846
512 356 485
36 493 307
310 372 776
515 648 521
267 744 273
142 243 425
628 175 354
746 98 538
366 983 221
360 867 234
205 730 589
41 766 433
347 75 156
474 589 155
994 207 898
618 700 493
394 327 667
99 424 764
637 789 98
209 148 964
442 352 694
382 392 811
166 738 885
321 563 826
475 908 32
725 877 732
217 270 410
235 369 834
998 357 622
447 917 770
410 358 473
455 91 865
265 256 954
502 928 869
679 754 776
710 478 653
793 46 274
555 280 994
740 629 350
713 427 266
834 837 975
307 643 417
171 260 24
476 761 303
344 439 57
120 500 886
124 645 284
397 551 915
391 290 544
92 2 970
710 836 158
36 142 153
453 664 412
828 491 524
131 835 962
187 306 813
424 429 809
707 177 359
622 567 1000
517 11 354
838 720 189
996 755 682
148 559 697
559 387 187
82 517 21
395 55 678
559 478 106
720 185 283
430 806 201
430 674 563
783 511 282
323 506 389
356 5 947
52 915 333
590 348 201
963 742 255
640 653 733
746 372 269
380 153 74
932 582 99
495 716 609
128 390 115
868 745 471
815 148 386
499 738 733
52 700 827
306 339 831
390 436 202
658 167 354
83 99 288
181 945 355
790 424 745
904 644 489
726 810 637
111 308 374
196 711 425
22 17 115
852 406 551
405 64 717
110 146 167
397 679 463
104 468 239
848 723 882
336 448 691
324 559 350
49 754 61
473 127 429
588 978 834
490 382 249
206 843 747
725 592 425
539 695 244
777 542 966
658 229 413
700 553 323
50 601 76
110 426 554
890 13 531
75 502 264
676 59 107
422 783 50
198 322 744
441 450 637
406 108 865
170 159 417
493 208 370
920 669 795
474 558 159
4 633 660
620 308 70
78 81 853
127 630 526
222 70 327
858 827 786
722 348 945
491 840 152
860 112 821
6 585 730
164 940 362
175 911 21
244 988 101
448 466 730
325 687 151
652 544 329
437 266 29
381 108 868
533 319 979
705 324 915
434 487 855
148 661 765
168 904 105
621 352 570
702 676 257
853 327 152
533 116 769
561 496 876
781 380 194
111 84 517
26 870 355
232 17 15
348 536 271
452 156 974
374 210 649
982 62 328
133 946 443
902 507 290
129 639 670
323 749 105
191 126 974
546 357 342
912 57 230
182 508 737
155 233 946
156 214 7
835 347 305
629 600 163
918 728 801
587 402 549
692 945 675
17 842 383
359 753 439
588 287 299
324 793 531
270 300 745
628 134 443
284 762 42
446 32 121
246 618 875
795 661 819
821 678 660
555 388 764
994 327 50
644 2 195
174 623 494
270 251 628
64 534 741
457 332 772
578 577 390
452 723 402
622 895 431
281 450 818
44 443 496
446 438 498
640 611 120
133 233 722
112 296 608
853 753 939
624 682 515
365 485 238
119 106 132
549 738 581
719 133 375
214 578 812
711 569 775
831 54 7
552 165 654
159 17 406
97 993 439
964 709 923
201 827 28
684 376 765
617 94 898
343 659 827
507 370 748
633 200 801
991 103 965
644 614 334
402 62 678
840 25 386
763 577 213
142 613 940
259 229 385
508 923 43
334 429 764
81 413 315
233 403 418
198 399 383
883 800 444
560 639 821
945 753 397
509 895 9
800 505 589
536 12 512
931 345 292
694 778 705
9 10 459
778 559 857
160 441 656
955 352 647
775 649 751
172 157 997
532 309 501
121 196 512
984 126 209
627 820 338
331 180 699
142 957 258
998 116 50
6 422 402
652 197 50
402 368 558
751 251 218
251 371 414
115 706 539
323 333 710
12 15 889
710 156 197
319 154 664
721 159 86
122 162 282
523 915 1
432 665 251
650 268 622
415 382 679
305 704 11
15 715 26
255 776 181
452 95 686
115 815 844
200 288 5
481 162 272
481 593 936
732 594 203
705 360 584
383 665 639
746 31 705
771 285 481
303 88 927
989 203 93
832 754 380
189 235 541
812 67 485
747 150 431
302 206 790
237 941 806
228 686 836
284 456 473
116 758 560
42 98 762
134 930 516
865 470 102
405 633 520
242 731 22
672 32 227
813 621 167
619 200 204
806 483 659
278 599 769
838 992 866
951 126 147
818 990 968
271 747 600
143 340 331
164 363 714
742 175 686
261 145 885
464 303 368
475 580 318
243 769 309
460 72 786
959 241 128
926 864 874
878 6 565
560 521 927
625 262 453
311 874 598
547 338 252
266 812 183
583 406 304
892 217 375
29 175 967
156 101 830
381 330 187
945 889 707
871 513 321
324 175 194
273 722 531
524 987 694
706 922 451
9 165 668
735 193 842
702 349 294
883 729 623
70 674 863
128 896 376
448 219 902
994 491 975
876 14 962
570 72 883
372 80 47
39 815 591
881 868 939
174 102 20
149 171 45
11 651 940
738 450 159
640 443 649
614 671 15
927 592 86
809 963 517
207 2 331
798 882 550
88 407 652
459 555 174
503 566 824
443 303 626
953 294 420
953 908 90
967 834 681
404 995 644
921 553 645
603 702 878
153 790 284
156 248 839
329 103 756
505 545 58
130 497 352
549 449 611
991 768 796
671 171 790
314 443 343
958 46 396
835 550 185
471 57 785
661 737 887
416 241 783
825 722 631
176 623 431
138 613 198
934 635 721
723 949 163
417 258 560
165 445 461
701 915 517
485 927 254
723 342 846
857 166 568
487 694 542
918 831 506
467 764 140
539 839 440
54 607 698
613 123 494
426 824 408
942 308 334
195 383 27
393 239 192
960 78 237
853 347 68
358 165 183
849 704 373
289 757 332
986 721 454
479 498 277
238 440 937
923 986 319
949 378 909
492 689 338
729 893 684
148 250 849
330 451 904
703 739 12
386 76 732
839 906 582
116 143 21
52 417 358
722 717 736
982 208 776
320 288 669
355 435 270
555 765 720
458 819 810
469 204 885
553 394 790
134 509 284
506 912 52
863 985 768
950 967 328
78 638 615
746 992 402
367 899 518
439 356 336
248 177 891
485 81 284
626 566 145
262 71 408
313 285 393
433 587 711
760 664 348
726 761 691
127 127 589
644 917 297
331 517 825
573 1 905
857 978 822
353 239 892
760 904 528
504 336 114
214 447 777
561 172 889
604 299 368
544 294 284
840 625 800
16 197 152
920 405 130
93 109 368
336 869 271
864 724 958
329 938 404
458 850 576
346 453 226
713 997 871
997 188 847
148 204 396
300 475 800
429 568 261
148 255 481
771 118 204
728 799 141
132 256 991
59 601 795
636 666 791
506 14 331
353 161 886
748 812 712
899 240 631
159 740 886
639 510 3
843 589 801
983 72 408
325 130 361
120 765 26
262 271 391
592 623 903
477 722 715
541 620 306
171 779 45
56 417 906
411 259 495
563 594 566
971 918 48
331 37 812
708 299 434
450 242 408
352 71 129
66 611 749
724 781 879
768 837 295
26 247 906
872 161 851
789 131 768
836 813 157
1000 872 455
433 321 48
193 673 118
321 90 728
421 813 861
299 933 697
946 958 295
851 181 455
701 969 938
820 805 750
976 156 974
782 940 294
830 132 966
947 453 408
27 873 220
887 524 152
935 469 461
581 671 641
387 371 610
324 542 766
426 870 273
751 651 212
44 480 344
362 779 796
769 805 20
988 43 543
492 977 11
952 909 33
945 295 755
554 971 297
671 748 166
943 498 816
154 893 648
497 254 778
644 22 934
16 362 976
910 205 304
273 156 564
305 100 858
60 5 180
356 27 279
873 969 128
40 475 21
687 323 274
816 319 648
749 334 361
76 595 565
379 867 72
942 172 524
152 231 528
683 938 907
962 810 227
89 849 701
109 888 376
735 703 694
734 804 379
94 879 973
10 610 840
81 903 363
956 54 945
836 737 882
742 50 43
968 138 891
21 599 130
396 333 185
89 66 988
819 511 218
791 872 827
982 952 82
696 260 135
640 95 223
521 836 272
563 803 762
806 823 360
287 570 44
823 10 109
162 828 971
380 971 842
558 304 145
639 1000 404
126 639 498
700 160 333
324 74 488
85 231 662
796 518 232
839 340 241
299 502 421
269 233 391
110 790 46
606 781 45
10 906 684
859 605 195
544 280 268
31 364 851
44 159 368
627 349 59
868 647 912
640 915 144
30 376 286
75 982 66
472 343 323
155 201 279
701 744 559
320 126 922
170 170 433
889 796 781
948 15 780
211 654 694
707 35 70
992 462 403
409 933 745
731 439 297
