253 276
166 996 868
961 510 599
135 756 406
694 501 90
711 198 365
203 68 759
161 743 772
783 450 175
800 446 257
932 541 509
262 58 856
481 18 718
432 153 825
837 198 325
279 909 875
995 111 942
753 624 37
877 406 486
403 558 283
12 489 175
520 102 232
728 935 602
445 366 106
621 554 303
946 832 563
172 179 674
113 931 649
501 159 54
986 562 611
269 573 451
443 444 905
27 523 839
628 319 204
85 940 757
387 237 941
950 408 119
975 872 401
623 373 912
676 710 825
639 330 749
89 125 192
345 151 715
183 130 385
738 214 324
847 600 912
787 549 319
257 875 543
9 497 915
920 525 624
744 163 306
844 603 430
36 948 580
102 482 61
486 220 274
162 66 225
73 204 126
744 460 1000
286 468 849
552 740 373
527 835 887
832 679 841
261 66 788
192 519 622
252 356 841
877 517 258
102 942 461
227 37 920
226 322 739
74 873 830
798 751 665
36 583 695
877 195 760
16 387 278
637 990 633
829 867 502
86 320 795
898 546 831
169 123 152
908 549 376
89 698 126
105 734 60
799 610 255
910 977 993
539 614 982
172 794 200
25 232 871
819 129 416
649 298 891
152 557 439
879 645 136
356 750 869
768 900 830
22 810 807
14 348 772
347 871 565
899 247 796
769 65 277
537 65 574
427 568 130
217 798 126
704 506 875
925 273 127
754 294 936
912 659 635
683 357 506
600 255 752
747 376 169
23 264 585
596 690 505
77 258 302
203 961 807
429 885 431
555 991 724
842 902 734
477 937 443
334 536 697
437 634 424
957 657 687
542 604 728
46 681 985
699 883 298
506 663 534
936 570 524
12 411 778
97 239 714
539 924 601
588 713 234
363 669 242
50 562 846
129 607 878
114 306 112
763 163 774
296 450 343
820 813 106
597 262 696
662 800 620
614 739 332
199 102 352
441 503 914
638 631 520
515 96 177
626 858 691
751 154 493
446 325 305
551 273 566
246 286 718
217 899 456
548 97 909
252 889 411
165 526 42
684 392 137
213 369 347
903 120 852
747 565 528
52 115 800
969 712 85
38 929 335
846 828 783
754 79 672
517 243 549
910 279 941
398 843 309
744 97 428
947 844 344
474 247 810
273 567 522
709 605 802
395 802 981
178 907 60
849 423 654
749 332 284
689 730 126
350 825 223
129 772 418
473 245 664
282 870 230
803 578 186
956 325 987
937 502 894
348 702 668
1 450 1000
637 491 81
762 840 257
336 968 28
753 440 625
768 74 494
350 228 423
535 184 747
874 472 248
767 819 949
434 819 751
785 455 241
217 569 80
474 256 399
501 361 191
125 128 264
970 477 843
393 364 26
139 237 497
739 355 667
39 140 486
789 925 292
381 141 212
460 614 468
211 467 828
401 943 307
16 913 136
858 657 499
236 147 87
84 237 441
751 276 580
236 416 856
879 797 349
443 608 314
262 818 780
89 570 75
747 585 339
882 795 347
732 30 493
818 113 730
258 863 357
190 450 772
397 681 568
745 123 528
59 384 345
190 824 915
264 922 851
954 804 645
300 887 26
793 705 139
874 314 353
230 855 803
1 252 835
921 996 957
448 54 692
144 596 867
410 859 788
261 813 943
257 464 830
283 256 886
773 481 199
125 710 54
279 63 657
113 335 652
421 134 58
464 277 653
682 687 863
822 299 27
764 907 491
945 541 98
182 665 579
733 790 640
138 420 54
794 885 388
445 305 873
854 769 150
858 450 188
721 271 838
99 387 744
589 683 285
39 865 301
969 597 90
608 734 862
14 527 746
753 323 50
626 529 170
775 386 972
314 458 594
151 909 332
894 497 15
530 887 231
831 855 179
272 815 912
485 828 790
230 580 464
632 557 344
