427 96
318 869 408
332 862 645
574 154 23
211 533 151
799 762 366
9 453 588
620 615 260
415 43 488
1 424 506
848 641 932
820 310 153
227 641 14
223 566 167
245 776 51
396 926 813
761 934 617
700 905 583
960 319 625
799 672 48
305 871 40
236 690 349
740 269 989
753 491 906
271 88 33
322 483 958
486 595 243
102 294 148
684 605 818
308 756 489
708 60 360
747 647 401
448 739 669
788 491 512
694 114 951
726 435 433
684 920 379
278 373 24
425 56 981
243 715 736
83 422 147
442 521 145
195 968 883
215 755 374
726 800 487
676 526 273
460 561 544
190 190 916
566 615 971
546 209 685
281 643 459
427 437 331
923 631 298
806 845 404
179 923 204
17 950 81
641 762 993
184 951 182
99 516 148
421 61 708
457 693 351
915 471 787
597 394 417
246 199 261
650 729 535
205 97 485
637 737 246
981 920 548
162 370 64
662 790 476
369 246 521
719 513 991
505 109 736
273 355 286
886 356 14
420 912 462
256 548 198
501 528 469
49 41 838
464 702 979
939 71 225
459 141 89
802 998 549
889 270 903
175 507 610
540 279 521
2 534 68
551 35 947
20 83 988
209 898 689
188 836 111
412 647 604
852 800 601
400 688 222
655 862 729
264 754 7
137 755 540
