968 70
280 123 836
723 698 343
632 959 660
615 773 960
920 525 959
605 678 491
52 584 482
884 785 56
616 981 219
811 30 186
19 310 308
855 384 357
197 15 667
856 981 439
167 252 963
125 856 993
967 908 928
801 143 712
856 759 692
74 921 74
611 940 735
270 146 118
978 342 132
645 549 464
83 67 715
398 192 571
742 510 830
669 310 972
732 517 82
776 590 3
849 552 294
583 821 439
52 151 132
535 795 32
998 229 98
712 978 641
634 719 503
463 387 164
787 119 681
868 894 270
222 94 174
867 28 994
657 431 144
788 965 290
171 962 519
269 25 496
909 659 567
763 473 953
927 611 423
607 831 668
228 52 113
401 271 140
747 927 570
242 715 886
532 885 199
402 505 224
249 766 234
815 528 58
120 454 669
542 60 499
562 640 902
674 40 172
814 786 99
735 380 165
973 911 401
171 664 906
394 912 671
979 79 550
37 198 4
57 739 415
