294 202
878 348 896
505 487 858
193 518 116
383 907 92
452 834 751
838 242 877
786 413 155
551 830 295
804 359 242
73 225 536
614 454 235
509 959 721
718 503 238
833 885 144
276 688 330
26 877 923
902 662 335
408 564 164
702 367 874
296 439 99
831 405 552
65 913 862
137 631 364
374 815 600
869 91 287
550 468 163
472 370 176
806 777 739
321 831 458
547 126 248
997 308 652
900 724 917
762 860 899
477 585 713
77 805 155
715 355 623
878 178 344
405 984 472
144 656 302
601 554 779
200 550 86
852 450 809
768 563 20
666 39 604
730 467 409
885 182 115
859 411 292
554 815 627
25 958 283
327 910 836
457 110 738
543 313 187
703 80 101
723 745 139
326 474 606
86 710 139
200 568 549
492 121 363
118 498 673
752 176 934
940 632 395
677 174 707
215 877 786
315 951 882
805 276 356
762 714 65
900 913 985
800 756 457
163 226 954
187 977 481
120 268 113
867 944 638
573 510 514
711 824 816
592 981 92
299 742 805
716 994 69
700 793 825
508 307 402
814 493 378
294 965 998
406 831 941
44 403 451
909 113 626
725 57 606
168 355 700
324 70 693
744 121 485
920 629 144
321 794 636
51 439 600
48 845 782
988 240 537
790 500 1
768 576 57
725 95 412
424 770 481
468 514 954
305 433 582
448 754 727
83 804 165
35 203 361
168 190 952
704 332 452
705 451 379
761 175 826
524 951 595
357 770 108
310 74 893
243 521 998
969 956 153
133 342 355
494 509 896
797 213 227
248 917 29
979 29 556
804 553 858
750 909 627
210 218 701
102 460 573
451 428 528
603 912 221
957 757 730
852 554 942
431 153 210
811 483 590
366 286 142
223 388 402
850 597 619
902 50 430
474 500 209
354 102 121
574 410 229
303 613 782
596 395 287
157 206 769
747 923 407
888 146 794
642 347 742
260 248 791
42 721 642
250 74 743
722 648 504
951 302 468
84 898 863
370 406 420
139 152 342
545 392 839
690 33 185
431 644 784
221 685 505
862 287 930
956 8 929
811 310 583
278 394 832
492 115 237
911 253 741
253 149 132
91 190 516
628 620 159
411 192 196
267 405 482
549 712 841
829 522 503
411 152 896
242 643 362
831 554 967
571 158 115
702 600 657
569 227 276
727 990 468
274 256 872
107 804 584
300 985 457
802 395 608
49 989 603
410 819 156
376 389 665
843 442 264
499 10 843
126 88 832
945 714 439
169 820 595
104 471 579
560 272 973
520 672 313
122 82 131
629 809 871
293 3 312
908 853 673
102 979 761
285 275 474
724 443 645
670 546 116
248 458 387
572 977 59
885 450 492
367 78 652
238 722 7
549 981 859
222 83 189
334 719 464
