133 317
665 241 491
878 395 662
15 502 625
898 970 805
277 174 833
582 681 172
436 205 967
511 36 266
639 229 61
12 45 193
245 61 433
87 939 180
749 305 33
373 202 2
177 831 527
361 412 207
532 847 411
498 709 798
763 699 26
175 711 423
719 307 835
504 745 125
683 493 429
715 217 983
716 393 813
242 754 576
801 637 774
563 135 483
713 249 533
90 424 595
512 142 901
699 645 998
823 327 490
604 393 707
586 460 451
750 54 204
677 206 841
450 768 327
284 832 575
817 922 998
411 785 140
664 483 136
661 658 815
150 261 207
208 198 19
659 299 72
214 975 277
54 424 396
732 708 228
307 876 149
304 286 933
795 949 768
931 961 425
97 111 37
303 670 234
321 328 532
744 542 858
20 947 633
768 679 692
995 985 567
143 640 853
427 787 153
194 69 114
618 165 576
654 819 597
239 492 925
122 235 818
979 607 116
612 374 794
303 368 130
222 862 122
426 288 908
578 482 976
43 99 140
970 105 958
567 343 449
843 465 36
12 795 642
127 406 15
273 61 382
754 282 595
875 707 882
782 636 363
109 31 814
248 1000 918
558 918 612
358 112 428
393 123 223
34 250 980
48 522 40
781 275 673
375 502 731
257 635 367
971 744 397
784 343 748
53 900 18
17 258 129
444 650 252
666 36 853
646 83 726
37 216 352
710 942 853
440 550 488
158 521 583
554 656 925
654 709 177
671 725 434
151 168 435
402 186 470
606 183 905
331 219 120
35 280 413
239 72 963
78 229 483
660 135 138
585 140 198
761 810 274
546 960 794
332 714 979
802 671 161
58 2 731
529 388 363
941 626 786
903 704 366
737 363 500
227 299 991
424 411 152
698 308 464
491 640 177
821 441 847
333 498 200
415 378 939
777 318 565
914 221 268
280 309 982
779 535 633
122 959 43
273 8 351
736 850 990
264 670 782
463 354 631
14 768 8
953 897 325
517 810 897
136 89 206
469 220 740
101 341 50
144 965 409
846 701 258
835 316 279
968 778 984
598 792 752
957 96 1000
281 964 161
530 99 250
735 567 821
826 668 513
228 163 477
636 8 529
894 194 197
524 161 974
508 758 117
611 714 564
962 346 527
122 875 625
723 961 544
543 139 211
55 366 725
884 1 732
764 246 925
960 122 85
286 981 194
402 943 259
318 904 604
844 25 831
469 748 143
12 642 633
574 49 998
650 932 351
381 695 948
657 7 69
741 292 401
286 45 343
544 362 246
499 206 623
681 26 370
176 389 11
808 314 59
158 963 342
508 343 389
807 999 395
876 91 38
628 376 82
971 271 796
216 121 1
838 802 26
559 977 766
922 136 79
332 293 41
674 152 735
414 959 85
808 186 527
197 813 254
278 135 524
425 351 644
425 540 797
802 451 125
567 372 261
997 55 905
37 728 57
123 141 15
207 300 200
733 848 364
986 478 499
861 902 201
857 327 92
653 480 894
778 399 617
390 395 672
294 432 751
702 554 244
716 113 895
267 845 743
983 183 220
481 43 121
33 251 799
124 256 279
18 385 677
634 774 71
657 419 854
408 121 760
651 188 872
545 455 716
287 437 250
858 269 645
979 301 895
129 776 150
407 145 534
435 131 659
858 787 78
711 194 198
470 844 385
693 741 191
409 27 979
10 885 599
654 215 899
901 343 27
50 102 171
936 888 301
594 745 88
23 808 633
572 629 829
309 322 569
499 82 595
830 91 831
428 97 45
679 997 740
705 398 841
227 333 80
528 279 825
967 301 984
599 225 964
427 533 285
347 383 718
942 212 809
124 992 905
521 670 253
260 726 650
452 952 335
531 479 613
707 797 265
42 748 489
6 526 373
290 873 756
8 166 319
168 289 310
424 809 331
676 420 56
677 871 8
11 754 838
975 812 987
592 854 734
432 859 259
805 500 131
912 859 648
230 378 937
892 801 745
574 828 517
630 857 387
989 219 492
178 546 656
164 137 509
897 568 719
508 724 570
990 987 781
638 569 158
574 460 311
670 385 490
538 366 698
277 354 917
768 884 462
423 47 950
283 296 869
353 803 945
923 144 931
55 781 499
212 706 310
874 728 695
716 265 60
413 541 766
329 661 649
142 83 47
91 718 342
312 70 144
256 344 288
186 398 420
685 962 126
