381 254
728 881 593
832 37 256
4 7 730
189 688 759
461 64 532
422 317 788
671 55 98
390 582 514
814 372 438
327 620 170
632 348 403
225 179 439
832 182 797
561 723 836
672 535 900
203 308 568
342 978 974
439 368 556
304 533 279
741 212 899
262 843 246
664 67 776
454 899 309
251 811 31
438 482 565
337 36 224
257 377 202
230 167 921
137 470 453
416 562 664
666 824 859
911 839 925
38 293 175
346 895 338
729 332 171
645 21 207
869 629 935
70 858 102
342 347 923
794 114 485
810 779 660
668 41 850
944 78 494
471 423 388
160 151 72
330 148 444
888 16 72
175 437 281
628 778 627
550 923 740
386 84 518
397 751 558
247 47 635
740 869 410
480 28 912
551 709 59
994 597 426
417 771 862
697 750 991
324 299 914
63 37 997
933 433 100
490 679 498
477 771 366
238 250 745
501 800 453
912 145 49
337 561 171
199 257 272
541 932 571
454 995 607
803 279 391
254 120 70
751 596 840
468 185 441
212 686 592
664 949 736
65 285 648
587 835 904
859 376 188
429 181 182
387 983 812
777 588 931
198 338 879
389 157 63
829 368 100
420 32 48
507 96 685
154 682 519
410 892 246
597 672 427
130 58 761
941 187 349
871 384 38
749 125 195
164 953 562
615 725 945
15 231 40
699 385 74
569 794 965
815 742 637
241 871 46
1 811 584
701 33 968
739 134 444
285 297 396
846 263 120
791 277 703
182 975 87
607 544 232
924 710 973
912 950 843
309 302 5
893 355 37
212 445 170
655 729 818
50 926 81
522 68 357
224 602 684
662 208 579
893 483 640
217 746 589
59 55 242
63 947 596
451 158 392
621 812 120
438 213 46
870 86 465
579 309 66
614 322 626
192 214 460
831 430 206
771 840 260
364 254 558
312 705 715
703 325 878
823 114 442
220 984 528
36 914 188
102 527 510
79 70 75
538 252 505
743 374 696
354 737 950
911 48 654
625 103 330
854 925 795
296 496 778
823 883 43
10 336 569
871 414 638
946 304 889
802 398 262
497 752 351
446 662 398
451 639 500
132 492 776
927 139 623
56 961 858
99 323 193
667 545 959
657 490 262
545 291 659
159 788 762
509 585 424
258 388 62
110 519 905
237 445 44
212 501 356
69 599 30
613 265 575
571 921 64
184 818 707
843 328 846
956 188 430
379 797 817
792 906 336
697 495 780
92 58 280
447 478 230
477 90 495
403 661 767
818 196 936
524 38 263
369 346 802
151 724 599
967 516 856
654 564 702
786 655 759
417 453 236
647 281 678
493 683 338
611 501 533
547 376 923
161 745 268
315 247 343
913 213 210
120 219 773
822 4 779
932 420 232
168 418 512
845 910 547
534 521 399
418 419 774
692 579 870
311 245 116
6 157 681
215 277 899
340 450 254
118 381 25
701 900 443
565 96 352
111 981 224
861 751 642
634 442 573
856 105 817
971 110 326
3 676 602
253 15 403
506 133 135
531 185 35
973 749 482
324 211 463
900 71 213
541 57 6
113 912 110
282 882 571
607 237 247
560 489 261
962 995 745
96 525 282
482 849 30
964 524 593
426 423 663
990 964 71
995 428 982
457 709 216
379 667 452
625 226 940
238 187 286
334 635 810
615 116 10
997 431 534
941 208 308
955 197 623
26 544 51
7 352 111
222 730 778
25 707 3
965 296 542
250 981 528
412 948 995
421 296 426
306 236 633
