267 107
39 958 981
225 1000 822
115 870 556
503 139 143
870 173 841
164 736 366
178 626 70
965 51 700
237 513 834
36 489 100
810 879 409
143 104 408
964 218 277
519 72 767
661 941 940
853 457 27
219 634 653
640 950 55
691 186 567
524 573 407
623 383 286
31 877 741
790 840 310
418 710 382
185 722 674
476 574 130
502 144 116
154 135 65
208 826 603
127 701 175
885 676 909
522 58 785
614 848 976
276 617 685
9 153 758
682 628 684
164 130 179
279 635 314
695 195 491
297 673 543
824 909 218
732 783 276
869 396 475
844 671 91
881 31 596
990 713 223
673 228 704
852 506 691
517 552 885
359 201 909
901 24 817
119 107 599
746 975 347
572 171 369
14 403 400
609 392 464
832 417 691
887 620 548
577 136 99
461 846 299
721 746 322
538 216 781
488 313 107
834 884 277
203 898 31
602 506 775
417 689 191
107 576 810
654 152 297
104 965 142
403 685 239
76 574 807
856 62 119
963 895 355
591 449 252
622 402 109
396 818 150
938 276 725
747 281 228
395 385 544
888 787 229
126 862 154
284 70 215
403 384 462
757 974 262
360 947 664
820 694 833
969 631 109
45 729 389
273 475 125
816 362 263
396 840 125
550 123 546
764 877 929
577 985 254
839 344 553
854 516 246
686 484 229
146 529 309
887 801 784
11 968 497
274 364 336
750 265 811
647 380 687
927 957 672
180 147 367
732 1000 882
