10 7494
604 686 384
445 922 992
327 345 436
671 531 878
266 920 119
165 708 400
933 151 894
134 561 493
340 107 846
438 208 855
814 164 892
197 608 165
540 286 861
976 956 391
205 573 662
676 737 370
427 22 872
672 507 432
164 846 890
9 636 97
215 449 260
107 997 220
623 536 857
484 511 165
226 68 89
888 743 178
257 169 199
480 840 57
263 3 902
152 363 537
600 577 337
212 35 333
783 658 869
639 493 731
155 718 798
244 605 540
421 213 60
971 692 899
27 306 253
280 457 615
817 409 544
153 620 930
838 402 939
706 392 431
436 547 149
586 790 105
477 562 318
537 532 361
435 910 19
688 189 475
654 357 235
549 862 854
479 699 255
417 756 999
200 543 545
700 128 686
804 605 247
473 141 130
186 927 39
204 614 579
30 620 288
265 168 149
118 646 199
725 415 954
75 966 496
619 665 624
656 820 580
902 645 72
383 830 998
773 385 612
351 414 583
638 30 750
138 500 748
336 576 514
289 650 479
137 268 495
112 275 666
691 176 310
762 910 491
759 682 227
722 384 641
304 374 22
406 511 521
153 199 96
666 839 745
496 975 364
342 86 638
7 128 165
669 889 74
159 1000 107
386 73 491
378 729 216
751 134 78
272 286 276
719 303 115
464 150 89
179 491 527
169 849 654
333 517 895
759 676 246
865 413 318
707 142 46
922 892 531
1000 515 816
627 234 470
741 49 619
182 227 461
60 747 310
713 80 826
959 190 853
204 54 617
874 113 110
271 386 354
802 385 868
969 364 453
439 104 501
409 637 80
222 696 826
531 761 257
708 71 446
913 275 852
529 500 964
991 770 349
344 571 86
211 540 449
664 330 904
516 90 893
595 311 940
773 193 52
29 253 123
827 165 749
678 45 248
993 35 369
693 730 940
130 941 831
930 956 160
186 471 601
78 418 912
369 542 456
421 922 708
895 748 224
643 777 269
242 121 655
610 814 385
901 943 677
731 225 632
242 410 454
843 487 223
106 207 764
913 627 686
973 873 785
196 867 914
816 108 34
471 70 199
207 322 142
883 53 718
866 646 127
319 840 613
894 297 819
657 210 798
694 182 670
479 729 889
392 545 996
777 15 417
976 573 739
469 455 143
186 672 140
312 990 332
276 235 628
446 892 189
243 585 722
265 415 451
153 158 995
500 935 361
269 910 285
359 378 739
853 563 762
992 874 751
323 501 986
303 946 229
843 541 165
565 805 932
15 309 89
361 160 375
73 780 284
357 138 13
447 342 927
208 334 152
310 8 652
647 662 598
227 505 138
392 69 294
323 435 954
763 147 113
138 571 245
773 279 382
786 77 724
712 636 409
864 297 768
515 944 430
464 522 286
601 913 354
894 587 140
199 702 638
312 839 208
556 611 838
289 748 914
364 812 549
124 675 845
892 541 140
673 357 662
958 957 926
663 203 865
154 401 566
791 64 756
350 971 718
187 612 466
452 327 277
352 451 303
548 694 195
688 718 551
701 27 508
978 41 62
194 194 814
759 336 230
866 37 200
584 575 163
49 26 490
677 377 292
979 924 337
173 963 54
724 15 432
583 993 472
996 186 17
809 297 704
38 162 740
590 97 314
104 145 691
593 173 419
236 151 342
572 676 657
625 751 671
408 333 15
879 680 553
247 488 849
950 878 362
41 819 459
706 922 955
748 867 128
166 102 630
860 674 305
516 650 55
538 58 739
553 288 418
105 887 258
305 188 487
18 581 305
476 286 578
783 386 444
910 551 898
539 410 571
196 277 572
602 167 981
341 719 621
110 175 507
367 831 46
205 848 626
509 676 264
439 458 649
882 719 551
779 609 961
701 804 589
625 758 755
605 450 825
577 559 351
83 278 181
481 482 381
106 343 56
369 781 865
369 14 583
920 793 191
232 845 347
820 821 104
927 426 553
103 354 111
454 789 740
986 269 222
718 374 916
773 95 696
637 463 709
571 382 853
762 965 50
108 785 870
211 63 647
763 517 1
225 970 789
965 308 57
538 25 782
453 150 876
500 138 691
208 709 72
413 470 389
462 929 525
331 139 587
978 253 103
978 829 425
118 145 84
174 34 460
955 486 609
831 337 747
873 545 455
296 309 276
684 770 204
208 452 694
794 781 946
249 110 126
25 227 271
108 400 304
567 707 142
528 889 478
626 761 374
80 56 34
707 740 803
910 947 607
603 93 387
900 341 849
377 717 75
647 176 827
303 94 885
796 621 773
625 246 533
351 677 940
384 383 679
539 644 978
145 598 70
883 497 762
731 226 830
158 224 5
984 526 98
868 673 71
992 650 316
876 1000 345
815 735 727
494 273 723
823 769 320
892 652 169
5 734 394
834 891 617
838 226 495
287 445 519
357 436 168
25 311 519
369 478 254
447 323 878
169 145 647
489 388 298
9 392 383
402 577 274
18 766 851
864 52 648
383 761 83
902 785 746
421 505 575
674 951 897
551 472 41
197 960 780
846 968 523
581 721 99
206 90 216
56 954 267
703 688 27
138 589 163
235 9 667
809 682 970
705 585 441
97 133 400
876 331 719
750 911 439
848 116 880
63 171 833
681 226 520
60 363 461
222 949 469
241 757 503
210 813 439
650 261 571
401 136 901
471 237 163
261 84 278
140 498 801
325 530 378
196 589 740
656 163 40
125 755 796
979 964 960
417 965 220
339 365 707
592 187 943
754 447 378
32 586 875
184 910 756
561 458 345
652 113 859
691 589 613
838 567 928
797 335 892
16 674 608
722 265 146
16 18 592
393 401 529
619 936 791
374 496 248
718 499 360
928 189 301
892 378 867
819 174 554
62 541 227
21 614 843
166 629 860
109 373 613
638 991 548
428 365 396
675 434 894
386 362 435
686 253 812
905 424 338
458 837 230
684 858 196
526 375 176
737 484 549
701 121 539
601 900 903
996 926 689
241 311 402
675 997 6
839 901 429
528 710 618
109 745 827
304 622 201
480 358 36
380 411 508
918 11 407
173 6 332
213 598 643
614 273 991
619 463 243
400 990 952
17 98 696
843 754 317
43 585 26
431 964 788
938 233 798
345 757 155
28 969 753
22 934 25
364 553 839
606 952 180
909 320 629
956 162 382
624 556 318
2 986 281
789 924 866
587 620 974
93 999 295
845 21 228
221 384 132
59 342 83
238 602 402
867 558 915
600 533 471
918 886 456
550 675 731
415 613 702
741 705 701
35 550 73
614 122 456
746 181 149
180 770 751
582 636 660
848 588 544
318 505 430
126 54 456
208 821 68
262 561 124
962 947 25
34 560 147
841 305 679
990 837 448
92 770 436
103 617 23
646 935 879
75 412 932
530 971 104
949 232 16
73 193 314
97 578 874
595 771 530
273 760 366
73 203 135
508 305 104
882 950 390
760 377 801
43 258 771
147 207 3
514 631 547
828 79 125
701 674 247
582 298 358
300 370 560
786 229 864
889 110 165
278 869 541
430 264 799
201 762 357
555 275 987
101 102 65
577 154 90
175 88 388
532 387 757
91 524 338
306 413 447
471 42 668
363 472 283
513 24 44
869 578 318
207 30 772
272 959 925
713 133 12
100 665 750
209 107 274
546 413 38
344 235 79
363 949 902
645 462 925
688 682 854
6 889 236
777 512 546
53 224 678
417 324 694
518 884 153
791 781 565
180 124 151
611 487 99
512 131 560
789 819 242
994 176 482
229 304 993
774 356 568
804 124 891
849 642 126
1 784 906
917 964 30
67 574 868
166 437 350
77 577 168
670 571 695
151 799 350
495 925 58
63 728 181
305 928 822
431 929 606
336 197 921
717 264 846
584 429 634
934 857 211
453 527 781
500 677 579
849 172 855
906 586 934
439 890 862
260 672 142
217 360 338
137 76 601
982 12 381
616 297 238
178 101 764
958 952 792
888 801 315
743 58 900
676 496 142
889 108 813
30 324 172
368 813 600
320 146 963
53 761 611
290 938 711
405 247 663
548 135 815
863 229 224
114 904 72
255 793 179
420 174 854
943 893 666
542 213 812
856 265 924
466 906 214
177 662 460
191 209 946
357 423 174
932 537 430
3 143 222
533 914 747
387 857 640
52 750 852
863 606 468
139 71 373
352 599 386
811 141 594
757 497 369
930 781 257
359 783 751
932 316 665
31 54 521
670 105 270
873 320 227
340 810 650
64 161 248
449 323 389
394 79 237
114 361 17
370 71 152
121 355 819
785 385 872
657 406 328
278 278 999
505 617 808
154 32 320
753 832 643
493 225 73
730 339 785
98 60 208
601 180 914
419 316 650
642 972 55
322 250 332
672 106 300
832 259 683
151 363 514
145 856 90
218 585 428
354 34 840
913 635 19
826 405 335
475 399 658
881 720 907
564 743 364
863 574 974
897 725 337
410 221 192
500 790 128
279 144 513
118 56 499
137 234 904
823 708 302
480 941 373
739 504 115
454 719 689
428 615 765
764 25 985
307 876 127
786 154 270
298 272 677
797 760 910
700 934 970
353 765 910
77 855 765
543 309 483
583 736 98
699 851 474
684 157 349
810 294 854
431 591 477
459 387 588
369 438 521
690 142 286
951 570 492
715 113 800
198 695 535
647 394 737
120 429 245
820 590 538
673 372 129
150 830 867
737 550 305
610 591 798
247 541 368
738 256 480
538 805 526
424 451 271
513 922 51
757 741 640
647 765 363
775 266 193
993 355 742
649 316 333
447 562 225
814 299 832
645 188 636
522 964 438
793 476 359
843 232 451
835 878 568
197 4 833
741 997 539
483 997 854
167 443 415
743 608 66
575 604 253
210 126 216
1000 270 691
358 464 275
161 298 504
728 847 508
560 587 856
99 421 852
952 939 647
719 682 254
784 256 858
36 817 335
604 816 604
646 526 67
920 686 717
424 413 563
283 324 501
138 774 922
341 726 860
987 796 541
593 579 148
450 966 965
136 569 132
739 215 657
157 486 342
225 909 754
139 543 430
640 680 203
913 373 280
772 359 75
665 951 5
812 752 971
128 887 891
260 977 457
916 486 295
610 710 203
363 201 746
144 840 777
347 104 149
626 875 860
701 539 162
705 703 914
27 830 152
270 441 481
726 357 966
372 966 27
575 680 579
672 824 770
800 170 873
301 147 748
160 199 638
673 256 692
938 282 874
90 903 314
922 981 670
239 352 987
617 926 667
196 949 842
965 749 363
838 401 509
937 912 60
926 584 315
970 522 948
843 963 851
156 884 831
178 474 182
164 90 460
182 285 408
375 602 508
737 791 908
598 79 819
9 4 755
323 973 276
270 815 590
120 323 473
950 500 298
132 15 387
943 549 24
350 923 625
210 12 415
469 961 845
288 969 848
42 643 173
669 912 339
258 384 661
82 333 512
379 816 879
117 758 427
140 460 701
116 21 64
882 489 376
726 776 696
574 169 338
98 189 602
436 446 985
449 879 669
960 609 837
190 726 946
968 865 757
21 981 777
84 214 266
812 940 393
507 865 562
845 962 102
798 397 900
782 845 778
450 157 387
638 698 112
584 666 328
340 686 660
117 121 874
382 932 813
126 791 677
687 635 638
141 784 386
40 565 583
817 366 739
555 4 788
18 939 453
346 278 138
357 746 611
230 479 542
394 605 684
70 643 670
59 783 453
797 174 17
379 991 735
469 897 738
256 915 28
709 612 657
198 968 403
160 550 233
54 943 189
737 365 832
407 775 966
859 571 140
876 949 482
610 417 378
699 25 644
726 733 255
382 282 575
136 442 124
369 495 418
557 231 782
740 637 557
706 496 479
197 723 428
678 684 196
55 734 220
699 811 304
305 192 938
879 680 379
2 400 225
772 308 455
553 48 444
461 105 291
940 301 365
719 330 48
266 736 133
486 434 943
141 91 486
78 969 165
808 323 564
32 94 224
839 998 271
282 459 727
572 750 379
288 468 708
335 733 443
467 570 229
409 63 319
894 492 639
411 300 313
326 683 758
549 521 756
171 154 566
897 77 315
275 364 134
334 698 218
777 516 140
357 276 554
675 522 45
665 932 696
978 257 379
735 158 899
842 328 53
407 225 129
73 851 493
558 537 542
776 665 410
267 21 685
820 47 206
864 711 489
912 688 746
290 775 903
540 616 582
944 375 158
425 447 361
269 357 897
810 132 561
571 750 581
256 569 627
813 784 689
302 695 729
399 336 503
301 876 470
234 171 844
392 595 643
752 863 999
648 25 482
560 595 231
492 202 151
470 15 934
158 316 981
886 714 316
740 366 543
210 599 714
405 342 660
47 93 523
397 92 899
878 651 845
460 142 47
610 611 413
896 121 728
228 6 793
895 746 510
438 307 108
503 711 802
162 110 894
36 506 986
934 736 988
131 547 482
177 157 444
589 404 564
668 631 922
812 525 667
321 314 973
780 816 35
581 330 144
475 365 2
812 651 737
151 781 283
632 309 791
76 897 194
991 916 176
912 727 701
930 47 366
902 826 182
289 759 511
432 585 227
433 396 877
521 898 9
156 530 317
298 957 565
844 299 480
19 211 206
71 140 604
437 394 782
970 682 540
832 465 124
58 250 871
287 770 768
295 277 649
964 575 605
528 418 904
8 436 466
565 859 605
169 295 350
302 616 383
193 447 848
668 856 449
538 494 218
657 141 495
306 104 421
262 631 838
517 638 273
982 555 483
939 75 777
288 376 744
23 920 190
870 587 398
670 124 891
887 132 31
733 437 134
153 699 117
342 215 106
967 549 660
449 487 734
578 126 461
321 148 380
511 369 966
908 38 441
150 277 573
181 361 361
666 866 59
134 207 626
240 173 526
899 622 12
985 199 489
797 871 637
177 381 357
494 640 395
287 790 23
859 322 383
219 339 248
630 473 455
607 64 979
132 314 952
495 298 502
983 95 373
619 623 753
328 468 745
74 754 886
96 964 559
830 535 249
78 164 73
884 122 136
214 253 450
166 99 99
667 81 545
391 52 519
496 379 987
240 804 92
477 899 56
35 80 590
635 509 105
708 744 578
195 958 182
644 475 280
95 493 360
991 884 763
510 379 493
848 970 296
939 446 194
346 832 626
287 466 134
391 525 878
968 720 835
149 715 661
780 809 153
140 152 36
254 661 766
747 860 735
42 798 180
588 496 11
213 782 829
346 173 353
223 492 424
409 993 139
69 772 299
574 263 450
609 517 462
375 615 321
109 656 119
641 243 614
3 455 747
183 153 271
536 727 763
959 488 107
449 556 230
748 129 845
197 90 713
11 816 327
331 276 982
801 268 577
414 271 383
513 453 535
783 340 614
897 651 101
3 99 8
585 198 489
429 747 578
493 757 745
819 87 20
152 888 640
80 653 910
815 165 714
701 948 406
314 844 56
414 199 506
422 783 704
910 563 802
839 407 558
935 577 644
306 728 883
945 160 536
206 974 52
272 674 351
677 988 195
84 753 745
941 526 879
996 787 441
797 977 199
706 911 775
702 217 854
584 513 13
471 719 986
523 990 12
873 18 351
419 101 103
515 41 981
393 389 767
185 185 744
383 891 6
157 592 222
11 527 87
23 998 805
361 872 146
724 96 163
74 867 263
528 381 655
508 774 395
627 310 580
722 693 822
727 849 765
301 211 291
387 586 640
191 298 863
688 21 959
850 446 177
464 325 557
470 833 682
865 811 992
796 532 36
617 258 236
733 910 447
375 296 384
367 838 681
229 525 53
539 726 498
715 189 822
624 659 6
305 523 168
648 318 699
683 286 309
919 370 218
365 744 866
748 462 55
780 691 932
832 229 657
681 296 846
502 919 504
860 223 378
27 871 47
78 553 684
386 823 53
955 539 148
172 286 610
227 417 652
158 248 880
814 928 175
659 782 93
514 993 668
891 371 890
289 448 794
972 185 617
24 492 155
524 663 793
133 889 209
784 398 809
15 212 88
542 222 869
986 88 213
653 330 584
894 619 31
688 590 568
304 614 59
458 489 721
250 621 962
811 756 359
619 122 922
706 663 496
927 649 583
139 653 912
722 899 530
105 586 472
24 889 85
82 698 925
802 948 545
115 110 652
826 728 773
747 433 788
594 359 788
176 850 792
440 571 690
321 27 275
792 50 515
228 483 213
152 285 512
48 751 621
699 576 348
824 323 132
963 268 843
750 444 692
893 235 614
583 555 993
209 699 394
724 926 877
936 78 161
799 477 263
419 528 839
118 351 513
601 665 780
443 414 575
486 306 809
452 240 716
444 449 414
837 172 691
713 459 768
225 257 245
488 27 772
678 496 474
190 448 138
969 891 903
544 728 560
704 179 152
771 974 600
184 811 123
875 875 581
994 100 189
590 939 567
713 616 62
186 805 861
675 125 751
929 20 831
841 76 361
992 846 335
591 30 145
65 256 371
645 601 470
185 191 760
103 903 727
516 441 883
376 467 8
479 396 379
309 236 454
669 227 300
3 169 681
499 233 288
870 229 888
691 765 78
803 867 333
529 382 125
412 757 591
771 235 986
149 543 573
955 564 151
254 918 319
286 769 903
573 990 131
460 32 247
890 834 113
574 715 494
698 478 251
288 248 485
626 748 380
198 702 943
701 307 212
371 592 980
274 164 969
756 976 1
3 865 186
467 438 900
961 487 377
563 774 624
47 399 724
778 949 425
72 1 732
284 371 675
615 996 839
584 104 814
936 458 30
121 924 819
21 884 305
397 446 78
373 845 829
96 974 129
872 46 129
955 681 851
630 295 847
468 230 950
633 165 759
662 638 682
480 658 918
784 406 363
213 778 559
393 225 885
521 449 282
1 403 962
852 32 608
50 851 190
351 483 706
109 496 343
790 327 352
707 462 758
422 675 887
332 419 464
216 940 912
497 940 314
810 143 698
770 192 548
311 894 383
16 2 878
711 144 205
62 850 18
171 623 692
58 307 463
521 522 402
432 371 693
97 532 188
794 653 379
342 963 625
724 979 626
953 41 769
509 102 971
527 273 593
570 682 899
32 202 773
785 985 495
478 81 26
665 227 679
395 920 641
19 643 971
997 947 363
765 456 465
87 982 89
680 551 770
930 935 323
54 719 659
548 196 91
926 212 317
604 959 236
596 329 230
919 325 177
633 442 984
97 528 965
537 559 867
658 489 801
980 894 520
638 442 67
729 719 631
397 322 589
985 269 269
214 539 594
742 172 35
725 620 914
41 509 473
260 166 313
412 498 206
283 487 999
350 567 717
980 964 390
920 948 659
188 513 549
133 255 72
167 331 44
433 724 552
905 983 69
217 394 566
422 29 53
421 378 619
137 709 582
527 980 881
537 167 394
437 300 1000
509 818 682
904 250 405
807 154 739
875 722 485
441 144 513
845 916 890
463 52 950
397 930 929
629 818 447
22 255 746
373 115 916
55 18 517
459 824 23
198 50 744
34 490 239
546 334 154
787 149 558
736 897 487
664 525 305
110 899 911
208 271 25
475 677 394
991 488 569
13 685 618
757 70 460
995 615 145
501 401 293
58 136 189
896 151 66
552 612 964
462 171 586
838 645 263
583 988 750
151 1000 786
121 108 855
580 455 821
724 955 221
369 364 708
909 259 210
974 811 821
289 624 344
875 462 340
489 44 327
590 547 679
727 667 786
933 246 592
753 321 898
325 689 261
32 598 520
241 923 682
413 212 305
756 438 766
448 926 162
774 867 708
452 593 726
590 877 971
533 629 643
431 953 332
43 336 929
562 928 851
595 340 414
900 448 851
17 895 128
178 20 994
237 472 938
962 413 814
284 945 794
927 375 98
258 418 433
538 331 360
740 278 52
506 177 499
356 545 745
836 723 764
181 311 587
119 625 999
284 908 296
430 186 670
527 795 439
960 332 122
671 424 399
722 929 927
572 636 471
316 471 545
432 652 856
18 122 832
369 757 739
664 186 925
685 65 719
476 24 403
597 694 178
347 768 458
625 339 93
95 7 916
640 438 919
847 807 40
678 175 148
768 190 334
44 875 398
115 350 773
869 298 818
46 996 585
503 620 276
947 66 282
862 705 71
780 903 877
171 932 404
319 700 593
4 95 819
753 209 168
877 77 817
694 122 812
631 976 783
906 275 849
539 136 905
609 268 808
837 790 91
240 460 142
185 463 237
3 567 445
523 443 874
339 137 347
503 767 675
285 24 949
133 914 436
390 522 55
197 358 845
639 950 304
781 134 119
17 488 685
813 10 128
686 701 264
385 203 382
59 839 757
7 324 670
442 713 191
497 261 900
693 899 201
996 679 686
114 47 174
799 860 535
926 897 235
541 281 789
922 339 628
30 345 951
699 139 15
241 987 275
492 679 173
693 674 204
730 140 250
255 938 461
790 215 710
376 755 990
165 28 681
792 57 377
94 755 515
108 347 501
734 838 179
906 882 205
461 612 344
711 866 281
523 7 495
232 383 601
574 547 628
254 690 684
630 135 790
497 594 136
997 327 973
528 232 207
732 45 818
75 107 35
707 629 42
553 213 424
153 786 322
132 391 363
167 372 497
308 868 442
443 217 768
767 744 351
973 827 395
142 253 501
177 959 482
218 863 46
993 367 831
314 498 573
28 16 944
876 323 812
317 765 28
84 883 123
786 208 949
181 349 201
33 525 511
866 742 373
911 734 91
741 399 940
665 426 955
609 301 277
420 969 393
799 52 627
921 838 834
221 370 183
773 754 59
283 620 153
7 530 238
97 623 637
388 287 414
342 895 67
970 666 35
362 816 439
340 736 628
174 308 997
708 80 102
766 362 721
270 720 251
508 168 225
144 555 511
909 248 758
975 217 775
362 930 591
800 270 678
427 795 986
775 502 65
876 619 779
949 889 498
551 396 18
775 891 572
637 151 172
394 126 388
521 839 318
111 638 939
140 416 733
125 542 586
542 769 204
320 717 444
169 619 191
186 393 81
110 30 584
633 775 61
20 647 899
689 757 888
627 897 655
359 373 196
944 914 316
500 585 385
295 754 3
486 291 396
918 752 777
501 384 903
561 756 550
459 444 658
346 71 906
352 781 279
547 77 544
215 928 129
599 222 234
601 707 524
348 625 628
124 477 363
27 38 118
928 848 914
585 194 984
491 897 116
769 444 544
312 10 471
792 608 693
25 560 751
901 908 727
528 31 204
242 409 241
360 336 88
273 921 633
608 763 530
723 531 325
267 194 334
89 986 293
781 362 852
884 262 759
610 789 142
813 31 902
53 742 238
493 366 510
125 973 272
6 47 154
330 665 699
15 754 36
307 886 398
159 769 659
269 379 800
410 191 182
664 596 923
253 88 640
762 564 612
385 570 10
890 251 675
588 266 780
624 924 665
21 434 786
31 55 164
830 464 706
363 479 301
637 731 740
276 844 304
887 228 873
249 469 475
923 57 92
702 32 16
718 404 801
503 434 855
18 616 671
724 978 149
376 615 880
116 890 723
419 129 303
643 377 771
117 651 179
209 704 562
576 421 965
376 276 751
231 293 366
901 16 695
401 392 309
280 859 551
355 277 31
657 271 759
779 387 409
310 947 112
871 522 884
188 250 159
290 480 452
655 732 819
701 132 210
362 764 68
264 118 696
294 126 966
52 256 705
812 565 3
923 788 877
806 327 126
965 616 957
768 622 688
586 322 171
148 35 286
567 298 403
263 591 528
580 994 136
636 805 700
639 79 839
515 237 165
640 553 132
948 320 753
987 257 427
157 404 461
443 971 759
197 585 701
77 164 695
212 800 851
263 790 282
102 304 870
618 295 422
750 242 93
502 228 349
280 736 105
741 530 75
499 727 659
551 155 174
245 366 325
448 980 114
729 81 769
950 51 63
371 800 656
815 653 235
515 933 323
619 25 852
693 523 930
703 73 436
877 670 801
201 469 133
315 549 213
435 498 263
850 868 414
505 34 67
92 548 351
414 519 375
617 563 249
899 266 673
334 142 342
487 694 162
619 360 710
183 795 207
798 644 426
211 500 459
629 591 359
979 356 877
705 325 439
953 575 56
626 908 549
319 746 243
481 716 602
190 899 396
397 48 391
822 258 891
633 239 833
343 217 541
571 922 865
361 874 791
417 851 698
965 170 796
559 2 511
513 191 761
908 939 808
651 113 66
541 745 304
725 439 872
265 9 145
481 369 371
271 137 221
321 454 742
468 12 743
978 524 286
739 784 224
898 434 336
315 326 432
618 50 222
842 667 230
338 147 951
708 770 87
281 442 540
22 909 552
117 886 427
402 976 210
977 874 995
665 188 320
448 158 370
670 351 36
899 688 534
201 396 303
288 28 96
827 401 4
730 517 242
509 270 217
718 599 442
713 263 982
32 62 491
753 731 841
140 982 880
674 182 275
328 821 654
424 1000 55
779 729 571
20 237 193
589 307 791
30 371 405
363 402 466
853 507 549
693 998 882
573 23 63
199 351 236
853 126 235
259 256 963
829 276 552
373 864 210
515 245 580
919 608 333
737 460 839
637 505 837
518 429 859
932 627 561
167 831 38
401 89 294
716 270 921
619 642 784
828 157 380
407 427 987
739 515 799
930 151 303
118 20 731
328 952 709
241 118 540
278 519 980
923 586 249
843 204 243
978 31 751
358 789 529
696 527 44
494 808 546
148 277 566
878 605 869
587 197 986
478 474 856
457 749 441
58 943 644
300 273 26
50 630 814
930 677 693
973 523 500
871 670 129
788 548 733
656 486 929
993 963 754
849 771 854
289 828 797
285 127 421
310 528 402
124 458 78
816 782 600
667 4 270
795 791 169
879 798 654
159 791 968
265 991 90
470 631 918
618 915 396
38 577 276
439 700 733
517 867 866
468 885 870
737 32 12
257 910 162
262 421 952
229 37 942
671 506 572
588 124 839
983 161 415
610 600 466
694 468 332
560 935 568
781 24 599
144 280 861
305 894 281
608 474 317
549 144 174
473 731 297
311 66 810
77 675 761
542 369 228
225 280 514
792 412 537
391 555 169
251 212 62
883 819 887
199 720 31
724 192 113
21 854 178
182 282 205
942 823 925
169 47 204
34 190 615
923 580 521
91 182 732
504 64 551
390 262 270
772 986 813
885 358 18
414 539 299
618 832 473
894 1000 871
97 385 60
63 307 640
584 749 173
315 252 237
865 994 498
486 117 835
650 1 544
667 767 434
317 736 265
789 630 616
659 726 1
71 789 307
62 724 56
234 38 659
470 255 4
320 92 121
506 742 473
50 760 239
483 77 975
748 217 604
363 876 681
715 298 821
22 359 544
429 592 934
87 62 188
91 381 279
563 238 372
35 287 132
626 122 208
600 869 776
555 583 651
235 298 300
408 671 658
951 99 250
884 537 663
423 979 395
702 893 632
425 928 919
556 553 392
115 504 260
891 58 194
893 644 843
193 51 513
850 354 963
451 237 852
465 12 830
859 65 75
843 489 2
113 45 906
504 511 409
763 753 818
308 646 813
151 190 864
15 39 217
978 842 805
829 306 816
10 165 880
84 7 721
437 471 117
342 974 627
102 736 380
271 395 377
84 545 566
947 560 956
515 889 797
671 69 103
839 78 619
70 514 977
790 302 447
906 996 420
885 97 507
616 368 901
992 803 798
557 749 357
512 615 597
661 637 665
115 475 742
733 897 607
61 38 909
859 944 904
630 180 352
136 795 71
388 786 873
537 694 973
245 557 939
841 217 576
505 331 402
599 415 298
205 827 336
465 685 631
720 314 162
72 801 956
494 541 93
367 77 138
691 322 694
630 162 263
557 19 593
958 617 360
608 173 186
295 990 223
925 709 536
86 132 689
393 978 229
837 696 305
974 386 978
667 367 492
929 923 510
874 881 478
585 840 2
122 134 991
344 410 52
232 847 535
920 239 512
148 75 207
804 48 945
782 66 311
625 347 234
486 220 466
963 156 305
964 277 438
307 621 847
358 852 693
892 771 283
404 270 357
962 425 756
906 206 821
217 182 519
450 667 738
915 629 245
571 945 522
8 251 494
854 960 697
898 203 819
180 958 88
888 920 512
643 177 70
815 393 251
334 194 270
423 460 250
20 30 546
541 389 796
34 242 107
82 491 310
900 670 267
987 909 538
850 903 715
919 70 107
522 403 653
143 177 464
392 196 494
938 88 882
85 473 476
544 554 966
853 453 988
471 791 248
9 641 151
723 911 220
181 784 974
185 926 150
649 670 698
494 607 785
375 43 610
202 586 163
520 438 616
507 261 406
754 269 398
256 343 309
475 875 444
800 60 370
302 60 39
999 553 997
135 927 39
744 481 977
259 1000 414
874 858 26
631 963 294
381 219 988
689 45 863
484 845 274
853 146 333
243 144 885
591 630 163
982 726 643
958 984 994
723 209 851
749 839 814
394 571 384
382 259 428
596 95 272
221 947 769
553 542 264
789 132 894
303 113 619
946 422 602
291 145 810
142 893 1000
955 286 571
338 19 181
117 614 275
389 834 574
157 738 115
421 878 598
666 181 63
284 478 484
237 768 628
46 909 872
397 215 158
967 904 528
500 21 494
774 761 327
347 269 417
813 689 646
763 706 826
825 989 655
660 577 775
288 974 683
511 371 250
20 689 153
548 188 525
41 314 285
719 12 554
487 825 594
133 587 300
310 763 640
965 422 569
739 61 542
773 572 264
374 591 953
879 138 492
403 530 805
40 249 169
593 735 993
538 219 931
189 529 693
829 845 466
749 583 527
290 707 98
554 81 688
858 959 178
349 713 707
506 752 307
674 344 394
18 234 612
948 422 492
992 602 336
457 350 270
983 992 977
432 545 409
472 402 719
649 102 431
707 959 183
366 632 878
111 1 111
722 300 533
566 291 486
901 100 836
523 434 827
499 866 723
259 689 476
977 689 577
407 395 888
589 112 519
467 222 872
929 296 171
461 861 814
299 113 913
134 635 698
312 485 915
34 743 603
861 71 291
789 478 38
676 418 149
547 236 723
418 165 18
588 977 230
401 275 342
665 408 977
363 71 461
277 456 556
232 316 626
522 105 103
911 780 873
412 678 108
134 95 272
503 683 249
732 435 523
73 100 283
401 462 353
214 90 809
769 321 476
394 195 932
849 105 64
721 516 741
828 1 836
452 503 870
700 586 304
222 11 403
504 411 216
209 624 306
369 744 978
844 138 172
776 338 629
839 58 144
931 237 497
766 688 999
635 739 937
291 961 947
45 816 709
261 376 685
918 744 428
895 940 917
67 67 254
695 257 663
190 187 900
686 305 939
37 291 678
325 581 990
271 626 157
331 886 533
15 803 628
443 49 919
359 467 985
965 513 593
627 55 780
878 92 84
169 480 374
846 804 955
187 426 932
695 757 169
579 771 323
207 565 371
477 276 838
814 240 702
406 866 756
185 96 848
268 264 327
994 461 131
300 647 556
231 693 664
399 272 787
73 830 351
443 306 978
632 119 217
334 525 435
89 709 530
936 329 793
263 674 605
745 973 603
652 203 295
316 953 566
454 25 395
156 819 53
134 803 523
702 136 47
136 576 108
17 864 788
161 478 461
765 222 433
367 225 987
14 892 291
579 345 667
326 501 485
730 986 287
252 687 774
299 823 702
758 839 565
545 1000 42
357 116 615
141 483 839
127 496 731
417 426 427
83 103 927
919 832 912
558 436 951
683 86 773
384 843 963
948 739 314
341 447 430
955 587 264
146 713 111
228 481 888
654 915 991
933 185 174
844 742 609
146 425 694
918 160 888
233 108 978
546 800 424
975 107 10
590 252 74
700 479 906
588 484 820
930 416 5
103 612 98
64 757 874
109 27 34
349 259 493
326 804 292
102 131 398
463 72 1
537 772 831
442 711 315
614 640 730
618 94 341
67 509 450
941 970 476
326 318 734
818 995 889
461 448 371
211 911 443
211 799 566
394 240 276
708 853 267
789 822 712
482 241 221
931 181 542
406 858 859
491 675 205
379 487 653
102 697 915
896 260 713
461 653 304
88 712 509
354 500 682
417 981 922
989 911 454
530 668 311
740 158 337
297 889 824
949 342 872
215 237 483
927 697 135
230 136 198
738 841 698
420 257 30
341 246 941
147 127 960
457 867 470
146 163 710
969 463 51
192 677 639
675 603 687
161 184 822
359 274 662
408 693 918
437 385 515
729 531 642
689 340 508
510 485 22
219 805 484
621 348 160
259 374 114
945 535 649
766 245 922
779 4 614
696 440 351
563 169 233
204 209 924
63 718 408
84 288 564
919 908 912
430 518 285
543 814 171
543 931 767
465 709 770
430 756 210
132 318 730
365 521 290
288 583 359
48 18 646
963 936 905
226 365 774
511 259 587
33 802 517
800 266 225
569 47 980
130 179 650
211 895 170
500 534 105
210 581 122
855 896 410
111 121 774
884 983 385
470 16 538
338 167 155
914 87 201
246 569 379
895 779 273
64 631 807
520 840 739
994 47 986
403 157 107
528 41 441
264 862 808
801 200 974
955 113 413
156 358 981
886 604 111
159 20 93
317 539 933
407 884 331
393 286 487
851 166 879
291 429 93
451 582 644
424 536 108
188 691 818
168 577 421
631 87 440
723 755 331
7 513 214
337 257 852
176 107 369
406 750 149
498 200 730
141 975 266
249 163 308
418 682 236
838 312 674
278 35 428
960 393 293
173 730 549
376 257 8
744 662 757
893 512 308
622 652 282
887 252 796
547 669 478
782 859 141
456 488 175
235 447 920
527 971 649
76 347 905
83 90 918
191 982 429
498 956 433
131 194 36
927 740 705
756 522 915
896 977 402
423 211 848
342 90 818
990 165 164
246 599 606
515 789 939
944 286 894
376 416 440
763 694 179
467 449 52
733 345 28
134 119 591
333 460 680
503 801 196
18 398 794
623 912 582
562 855 219
807 582 986
246 345 680
777 163 480
828 248 176
208 381 294
798 66 753
829 568 553
376 585 950
169 208 214
102 121 420
672 279 354
657 877 50
688 653 564
168 480 811
695 687 544
989 836 609
93 16 176
998 391 760
299 911 319
512 12 791
932 683 70
637 692 946
686 379 598
249 898 429
60 945 116
603 933 303
211 377 319
738 374 709
497 25 972
168 536 335
958 819 18
379 455 61
324 140 791
273 741 41
702 152 985
169 106 269
471 668 645
141 405 371
202 253 395
173 420 282
507 730 453
876 108 907
936 432 399
79 56 491
119 109 642
455 277 747
723 100 414
719 592 170
441 793 422
835 317 194
469 824 923
921 51 30
179 339 813
929 417 869
419 887 977
60 341 606
158 63 57
923 133 648
92 574 441
514 760 757
59 228 932
981 500 983
10 679 321
175 959 89
395 378 975
723 789 315
328 299 729
736 221 861
384 665 786
176 178 546
932 588 125
216 568 977
198 929 7
870 103 965
958 497 694
932 220 483
598 899 781
678 635 353
890 370 17
676 545 546
573 828 133
49 43 700
25 592 629
31 813 83
348 770 580
41 53 151
523 2 401
655 679 35
360 569 756
376 596 300
922 168 128
406 568 522
106 593 466
86 975 278
520 674 48
451 715 452
601 589 454
2 596 484
388 955 404
144 330 999
795 603 518
274 9 86
796 466 30
261 903 4
538 422 678
937 873 744
741 825 332
194 178 927
29 918 233
433 61 915
431 207 517
949 481 877
386 276 694
415 888 948
770 777 370
799 66 594
542 806 418
226 351 596
504 379 513
737 811 925
651 594 483
519 894 963
748 279 590
793 693 829
741 814 606
110 613 671
703 154 828
472 731 178
419 235 556
931 971 719
207 973 664
690 843 557
4 942 835
594 735 879
422 475 692
379 936 304
401 990 810
228 461 540
405 880 774
313 162 96
383 721 420
46 410 615
602 765 556
788 358 290
18 132 116
61 862 51
365 263 392
526 842 853
417 599 84
543 911 245
990 293 317
410 690 726
376 291 843
931 430 552
573 447 35
40 507 897
443 223 511
834 100 352
38 517 302
121 59 212
718 48 856
34 809 545
112 184 187
954 467 968
505 391 414
892 430 273
788 872 495
650 58 595
353 95 463
655 568 521
218 637 920
74 22 729
970 133 264
509 438 730
476 295 472
242 186 902
514 325 125
360 974 534
306 326 981
768 980 548
640 198 536
560 623 557
640 944 690
255 804 479
337 280 773
808 873 310
61 386 634
186 97 607
719 755 933
51 522 264
598 514 461
133 425 435
42 64 379
731 318 182
561 654 813
334 462 685
995 874 422
629 59 871
235 130 625
519 180 498
783 130 11
595 614 435
30 655 850
408 737 168
941 298 173
754 983 986
790 977 860
212 957 270
82 192 751
706 62 931
203 844 412
566 791 25
1000 820 32
202 579 768
721 519 417
893 624 399
231 414 728
442 625 684
711 58 227
462 115 289
744 317 484
155 234 274
531 586 93
562 787 671
682 507 542
98 751 165
497 981 578
576 774 554
259 485 611
486 298 725
126 41 394
961 547 627
235 429 212
679 343 350
702 24 208
595 121 959
759 969 291
337 544 65
890 803 901
853 640 198
577 117 590
970 77 488
949 663 916
512 342 258
862 395 281
69 989 754
379 747 722
670 435 266
86 677 420
986 529 411
535 457 527
124 779 603
611 727 266
526 590 959
136 451 705
416 872 693
521 250 791
243 271 578
860 356 606
279 693 486
689 227 942
567 350 720
521 312 798
786 190 388
96 325 190
152 92 61
844 613 663
987 207 285
564 66 993
169 696 685
6 736 912
947 302 613
19 822 277
168 960 466
907 407 142
97 559 233
509 402 197
523 740 403
808 655 468
800 823 515
484 828 250
747 127 551
712 497 373
988 664 332
805 571 738
946 19 296
178 527 50
727 50 141
129 857 796
949 656 970
463 491 798
713 590 276
263 653 772
987 640 787
670 796 357
760 741 375
407 270 254
808 996 303
949 477 511
744 425 518
713 239 8
862 951 949
137 566 601
260 904 592
47 574 387
755 685 479
482 91 749
735 899 96
389 847 924
899 942 348
416 654 939
775 516 241
76 4 158
676 264 62
268 662 987
6 768 671
485 249 113
585 335 363
32 723 561
956 973 502
655 740 156
593 515 23
834 590 26
991 617 641
404 884 654
390 890 422
412 726 22
877 310 357
239 693 431
800 648 404
653 303 143
808 247 9
182 432 950
208 423 567
200 178 802
854 568 43
627 331 120
648 207 429
356 446 122
139 597 121
894 249 775
388 409 22
397 590 453
698 149 227
616 349 757
770 554 324
812 180 6
932 179 213
712 887 10
185 25 958
658 918 206
432 305 614
805 53 556
258 103 704
836 718 404
592 487 957
267 651 488
625 582 667
837 645 905
198 182 929
155 839 198
712 270 502
326 75 907
233 684 9
936 871 726
340 815 565
648 81 215
136 705 148
154 893 144
58 442 325
338 596 515
535 308 785
36 985 211
294 569 246
302 504 116
380 195 282
296 843 363
510 978 419
9 483 664
152 540 105
829 877 53
343 411 712
479 798 48
689 444 616
286 745 119
402 476 666
683 771 508
397 632 837
168 640 319
183 144 210
639 324 86
691 666 848
754 145 997
801 185 440
416 471 537
887 224 12
552 258 135
411 7 766
247 174 758
917 708 901
126 346 224
563 389 241
762 142 385
758 943 922
550 710 392
86 596 615
449 499 224
583 909 230
701 507 403
458 423 462
710 900 808
285 814 196
525 927 337
262 685 631
183 586 341
926 23 288
892 471 787
115 406 695
345 106 554
99 915 328
913 624 228
720 908 393
267 784 320
603 45 356
586 579 941
926 856 315
565 747 785
351 214 542
398 910 647
951 8 561
278 272 536
857 991 443
250 257 579
921 212 623
276 797 554
568 74 409
882 990 156
18 341 721
560 90 630
558 40 989
119 669 261
654 526 251
449 127 860
27 399 423
1 674 571
554 593 996
315 826 985
470 195 325
542 754 414
171 312 805
159 782 474
419 787 351
22 235 829
881 613 227
655 614 252
225 519 844
220 833 21
204 654 215
881 195 321
646 365 632
451 876 765
276 294 551
978 667 138
806 899 102
32 553 67
283 777 586
478 996 770
498 200 424
712 432 970
384 77 335
367 527 562
131 154 207
34 131 874
523 936 124
624 319 677
691 601 453
628 78 801
397 575 352
172 639 783
142 22 859
828 389 738
741 871 243
947 904 374
820 778 661
944 402 980
972 444 580
776 423 10
576 819 936
279 343 574
61 836 948
272 15 688
9 755 910
251 53 166
976 873 943
637 168 344
968 491 139
899 266 561
908 194 732
844 824 74
769 885 261
68 508 275
755 868 381
17 470 433
182 446 657
124 434 176
820 753 666
958 651 284
519 559 829
602 754 652
27 522 888
287 590 747
913 696 614
645 712 84
77 893 881
86 369 666
261 188 418
279 497 68
914 367 978
94 968 731
97 994 605
985 280 194
731 544 241
697 188 953
132 617 197
12 702 565
29 314 104
798 944 601
865 209 967
195 302 287
925 399 280
529 735 912
74 817 455
315 513 995
619 996 611
815 359 312
732 387 977
187 184 921
139 401 129
106 595 783
744 871 181
375 752 267
286 177 83
93 843 948
439 461 943
49 628 302
360 711 40
336 897 224
608 36 976
89 493 922
871 236 144
51 610 895
317 248 424
751 692 266
698 130 727
993 178 706
294 889 416
685 576 312
908 536 699
235 624 191
156 494 778
300 896 740
546 564 339
969 314 30
235 364 511
313 356 40
18 1 280
433 685 855
96 945 390
795 179 365
337 335 858
115 986 753
206 531 316
544 500 982
925 86 345
435 398 700
474 767 52
753 551 736
959 646 680
701 792 211
65 129 897
275 595 882
27 800 764
695 343 263
676 267 700
372 53 449
423 526 215
474 630 765
561 940 763
593 640 554
803 57 34
51 331 628
932 709 427
695 755 121
310 782 387
361 153 439
810 927 316
376 400 297
141 313 237
255 905 228
808 59 284
842 109 966
821 392 675
600 438 429
720 747 211
459 108 715
249 269 642
917 644 393
213 136 705
449 390 961
677 550 19
312 743 127
278 563 870
304 162 308
84 234 406
646 692 865
361 940 133
354 856 777
746 421 264
803 869 654
763 897 203
782 561 945
260 190 859
482 493 21
789 576 254
194 222 297
59 934 236
191 287 444
319 384 864
583 186 84
588 949 333
790 82 893
86 693 82
944 174 926
316 314 501
569 508 74
865 918 359
453 460 645
896 779 29
111 713 566
194 300 866
526 441 947
770 526 992
203 821 165
128 137 831
981 57 338
54 274 255
765 726 714
409 973 844
789 83 556
355 628 207
220 506 999
519 627 876
510 830 697
26 957 185
856 289 241
545 695 514
151 459 239
865 867 563
60 8 997
968 714 977
526 933 482
525 803 108
400 664 289
96 42 598
632 249 886
873 794 580
386 296 38
977 512 257
891 572 264
888 539 977
864 416 261
697 940 64
156 340 79
445 787 472
42 419 721
279 643 866
859 380 161
896 356 673
504 599 596
767 486 486
95 701 901
356 397 841
771 904 532
201 348 670
673 741 440
393 20 82
258 230 462
770 477 169
794 981 767
389 99 604
874 194 304
775 549 52
967 671 956
850 871 655
519 543 748
959 287 767
392 896 348
205 666 824
374 459 804
492 200 903
96 73 96
751 199 996
155 517 666
110 366 888
116 885 783
863 195 69
629 938 965
976 143 982
152 868 792
955 359 991
209 806 416
656 909 614
651 63 131
668 524 496
908 639 732
690 502 278
758 482 216
74 810 358
407 961 225
199 267 935
189 476 93
604 131 1
570 134 415
52 801 290
899 60 928
631 749 781
260 859 263
475 932 424
184 691 736
760 889 2
695 429 829
139 385 960
491 954 445
257 5 597
546 903 657
473 885 405
254 145 263
868 971 547
643 155 237
378 914 477
731 960 905
560 98 289
871 940 594
315 196 950
263 741 205
919 566 89
324 171 585
938 390 556
836 32 710
424 761 975
900 491 935
805 50 384
445 272 676
39 938 871
988 201 964
192 119 529
633 794 699
217 84 440
124 919 471
185 695 231
160 594 73
446 750 475
181 547 746
856 585 684
79 924 884
42 468 354
922 100 148
972 668 231
411 144 501
233 328 195
463 839 141
887 636 890
361 169 436
107 376 372
142 454 296
25 847 115
378 120 566
877 91 585
107 853 728
608 85 408
154 899 246
294 786 234
184 146 402
971 604 129
695 745 935
990 769 133
456 499 253
21 375 695
605 834 548
333 441 632
740 946 883
337 240 668
922 775 165
675 97 769
804 791 513
738 132 634
870 587 132
474 607 858
169 564 691
716 248 483
699 339 429
581 27 668
600 949 794
765 623 890
533 778 681
45 515 812
678 737 399
161 210 357
19 378 920
709 445 519
544 496 857
972 428 884
991 28 832
784 792 806
25 324 584
705 720 98
517 750 186
267 910 396
975 280 125
895 341 922
413 884 417
622 207 196
505 197 223
336 332 14
141 356 689
76 61 409
174 929 510
711 547 419
106 521 51
583 767 743
504 532 626
272 153 832
467 9 380
42 344 711
55 836 418
96 264 830
856 789 110
365 499 656
135 605 529
185 539 295
927 42 178
904 665 682
87 483 690
466 524 385
528 931 573
946 26 836
127 881 624
237 597 122
892 731 78
772 268 616
67 546 9
596 450 673
278 888 156
319 706 31
704 233 961
628 530 338
463 657 570
438 245 166
559 136 249
637 908 516
604 326 61
613 273 862
285 902 750
792 221 807
823 276 391
135 903 921
473 365 929
42 802 173
560 712 660
808 700 919
323 304 596
735 268 869
949 904 770
50 696 342
856 870 617
246 4 871
518 828 587
446 222 388
970 781 452
982 588 151
900 262 806
496 348 425
716 296 329
837 345 376
531 200 245
147 798 600
370 315 780
956 113 1
696 82 781
147 63 720
649 315 333
807 162 680
231 229 976
559 65 672
286 595 224
882 94 21
834 815 687
613 770 799
613 465 233
745 963 295
816 964 961
148 770 122
827 352 702
154 263 767
178 548 713
401 430 158
773 263 972
459 227 94
610 191 558
842 935 873
488 102 836
449 249 605
922 427 308
624 933 570
742 110 118
806 862 899
964 634 513
287 444 739
380 405 929
290 246 215
162 734 316
997 534 916
953 807 342
260 430 274
830 523 735
299 329 596
549 644 581
61 282 377
151 14 781
431 303 27
997 464 112
664 812 645
579 764 451
272 23 233
898 204 107
632 854 787
228 402 782
160 814 64
536 316 77
669 746 379
695 742 194
158 757 5
154 335 120
956 607 142
188 856 698
647 487 551
433 66 305
215 226 118
278 761 434
706 429 531
436 475 273
981 632 381
985 785 716
456 93 674
949 632 529
646 278 15
549 711 81
853 277 658
970 906 770
755 963 199
286 398 25
910 378 9
290 714 145
357 169 237
30 117 869
910 763 146
277 311 208
709 515 836
366 484 741
135 591 703
685 876 452
62 785 829
70 426 542
566 783 62
803 164 179
23 74 293
520 350 955
80 410 469
915 775 304
8 261 894
62 946 769
514 359 905
694 428 683
588 993 465
649 147 628
179 521 701
471 41 402
425 120 811
245 34 937
549 393 550
794 455 847
915 320 205
819 13 632
501 952 976
317 601 475
945 131 995
997 602 35
751 378 506
913 975 892
850 523 284
751 316 90
597 230 409
801 401 774
784 253 725
111 922 677
585 866 808
932 214 409
318 964 138
824 877 112
715 78 986
998 828 654
88 424 235
848 224 987
621 359 592
346 469 513
22 54 730
181 337 943
941 654 907
79 477 135
542 543 212
528 893 391
533 332 814
767 179 389
754 152 99
345 497 567
209 870 972
938 51 308
880 991 314
138 421 790
272 315 333
835 842 577
225 726 908
390 492 86
130 597 237
228 941 85
147 149 307
118 86 709
778 318 51
91 455 472
880 727 786
564 913 979
140 138 704
399 879 547
485 361 144
73 588 436
158 734 937
464 204 22
172 981 691
222 71 146
45 950 224
182 866 136
512 357 625
567 756 856
114 592 216
609 664 803
44 173 889
980 636 92
354 159 72
44 733 142
541 129 443
116 311 660
604 174 17
580 741 124
435 206 715
650 814 730
805 209 903
45 541 538
136 894 49
559 289 133
52 182 261
846 297 923
506 252 449
874 832 189
997 266 746
63 268 911
792 72 119
694 468 659
584 603 904
984 513 545
116 564 726
728 409 374
3 266 626
451 139 809
991 487 74
736 549 693
646 693 764
116 386 583
127 321 185
382 304 49
926 419 964
651 499 725
377 501 990
354 303 129
162 293 967
235 380 516
928 377 560
43 844 945
626 970 266
162 352 569
563 277 340
526 280 190
250 8 42
240 361 344
720 522 988
686 108 367
553 387 743
112 782 586
409 407 908
26 920 259
946 834 887
637 360 518
826 961 525
867 552 885
562 271 406
549 309 514
915 213 900
9 677 681
947 85 439
206 110 711
464 55 896
702 692 255
220 869 568
96 736 119
981 297 742
738 198 402
603 464 614
503 825 290
535 771 726
326 976 835
388 791 242
283 844 933
890 415 153
457 511 888
927 491 537
668 228 86
421 183 549
35 37 373
676 571 495
754 248 822
588 987 612
181 270 456
465 511 870
618 319 732
505 245 222
393 265 802
478 685 984
379 71 20
751 99 942
598 852 542
419 791 528
383 972 149
190 436 659
411 53 977
143 910 574
364 654 838
517 132 874
852 862 297
223 612 395
517 561 246
58 980 388
937 362 359
86 551 147
744 961 199
73 103 460
646 819 114
835 687 597
708 539 458
4 113 421
398 629 982
995 686 313
383 623 674
93 60 576
239 803 888
790 227 991
249 872 161
714 706 847
310 766 737
767 769 202
540 519 830
521 513 868
833 247 842
858 692 901
433 282 55
320 71 282
662 672 505
174 385 563
373 47 328
109 165 96
310 704 614
492 576 479
359 760 77
552 617 120
804 401 402
858 73 824
491 734 847
996 908 584
910 280 630
237 740 146
332 402 850
298 245 777
128 955 537
556 506 505
676 309 906
77 518 978
252 9 63
99 356 322
682 265 953
663 501 45
808 184 446
9 833 42
786 960 996
674 516 501
178 543 161
83 619 678
412 222 38
827 320 393
148 353 657
453 15 509
497 823 45
294 831 877
335 968 189
330 641 704
182 819 246
694 253 216
371 17 789
409 843 109
153 342 813
162 794 828
670 290 2
66 583 184
943 269 152
131 950 144
186 131 962
783 176 567
350 899 583
138 307 777
598 811 118
411 972 912
238 994 553
239 59 488
774 353 756
925 835 706
69 372 188
382 154 716
948 855 614
882 993 272
10 942 82
128 352 406
391 941 399
943 531 809
430 305 514
538 229 348
595 649 720
134 31 225
849 330 80
462 564 424
733 573 365
815 52 69
220 442 9
970 737 540
778 518 196
291 55 776
991 1 425
710 135 807
286 983 488
365 445 403
788 177 328
505 343 379
573 914 173
581 883 909
472 13 426
667 655 833
443 997 833
219 58 967
25 344 302
864 708 746
267 848 274
594 352 969
324 276 882
496 856 117
756 680 481
182 698 487
366 140 484
198 710 541
517 86 884
818 950 944
915 568 143
540 513 494
508 188 121
742 684 328
210 791 7
690 324 705
176 689 196
659 239 906
200 755 991
435 924 292
378 190 211
520 729 723
365 589 911
485 330 946
165 891 736
171 580 60
227 107 748
775 766 338
32 317 444
374 751 367
666 481 556
876 352 637
951 717 225
861 553 906
158 717 796
893 240 375
304 818 481
404 592 598
741 975 914
185 349 17
903 14 849
459 241 200
447 543 268
671 755 173
576 912 889
723 157 480
97 460 650
929 863 593
879 956 568
792 140 916
160 394 281
360 204 873
560 650 416
827 320 170
351 247 434
592 969 590
71 417 401
72 346 264
665 224 571
232 367 710
499 879 455
131 238 659
3 149 308
770 328 980
940 678 226
373 269 547
314 692 963
714 763 660
329 779 235
899 362 954
960 860 832
415 342 421
73 345 922
380 114 249
359 405 278
937 129 547
483 442 590
797 508 704
457 836 483
691 87 844
644 46 56
827 812 397
600 884 93
521 616 207
121 326 963
398 614 92
296 96 885
885 893 392
589 701 580
423 391 666
618 387 63
673 565 875
422 164 758
514 684 725
72 156 403
35 554 16
126 849 112
362 86 356
754 26 56
333 448 798
350 417 536
412 90 101
286 863 264
396 728 300
120 800 455
874 834 360
890 311 209
353 672 646
708 777 671
115 461 470
912 810 886
800 222 327
900 859 189
515 254 917
166 726 68
621 599 253
332 488 915
892 840 586
537 899 715
559 13 175
28 277 337
266 76 558
944 975 416
485 489 22
401 7 747
820 627 345
72 310 185
986 202 376
923 738 275
637 297 287
164 676 563
500 293 990
409 237 964
176 721 805
197 473 811
295 292 789
992 715 98
176 700 299
551 974 389
177 963 37
464 126 64
378 977 709
368 737 945
683 912 17
839 461 841
1 107 484
141 98 198
239 625 249
889 528 574
629 704 536
665 519 13
81 249 989
789 616 77
85 650 341
101 489 153
941 841 259
424 982 709
973 220 333
573 460 212
146 89 268
682 105 786
694 537 34
35 325 1
463 409 3
803 861 491
955 153 331
214 928 312
274 900 883
606 472 695
170 970 135
789 651 591
574 696 128
960 82 452
312 545 213
314 699 73
156 654 226
839 219 153
502 492 405
737 449 228
431 970 197
917 758 199
507 684 247
634 643 328
438 306 224
650 972 923
722 479 928
299 317 146
804 171 989
208 907 437
435 689 759
632 605 516
182 463 199
428 97 193
108 534 499
331 535 822
605 256 300
532 907 969
29 710 139
369 269 45
158 703 85
916 686 41
431 868 503
630 647 599
822 754 484
672 437 18
493 41 626
145 925 532
113 305 593
251 674 861
647 831 915
83 746 953
123 176 172
625 157 818
576 331 924
59 2 360
429 847 752
54 991 676
937 103 333
881 705 6
93 351 188
7 433 933
311 907 460
482 531 969
652 458 299
575 869 652
286 297 498
37 702 840
65 638 294
397 870 998
402 962 700
941 320 484
873 631 390
684 464 273
4 115 730
302 41 950
306 326 246
803 363 947
995 779 936
288 175 805
286 928 766
337 868 86
821 92 68
210 127 531
834 131 998
564 784 38
865 89 716
111 892 430
409 238 208
345 525 382
149 162 309
267 499 528
704 319 619
123 880 745
5 714 875
2 629 659
392 493 99
459 603 342
888 12 579
95 708 104
828 208 265
488 826 763
15 529 433
633 3 313
729 8 26
956 9 654
966 752 498
64 210 101
406 449 464
984 895 523
439 722 730
704 561 556
818 575 436
251 559 439
563 288 798
940 243 806
945 208 910
442 271 471
542 28 920
357 12 814
231 450 888
961 505 448
868 323 23
655 925 581
445 487 220
242 426 462
400 370 21
661 163 292
131 57 319
50 413 682
216 644 484
103 956 988
550 175 310
572 181 234
505 626 72
724 219 849
538 970 570
558 630 733
201 761 789
872 162 553
905 377 548
388 479 855
376 29 29
37 952 562
623 808 539
46 532 757
895 421 79
816 330 708
548 531 820
688 754 334
593 658 62
140 398 541
995 773 921
375 161 224
936 135 32
474 181 915
583 75 687
661 242 16
720 142 898
892 829 651
225 421 661
286 913 58
178 907 182
450 633 694
26 569 829
57 394 9
323 976 435
9 988 676
24 708 817
922 951 998
924 175 418
936 812 682
345 342 588
526 791 573
572 816 141
400 224 886
760 898 862
194 906 201
869 282 260
38 555 210
35 478 384
804 766 548
486 110 889
425 988 31
997 559 199
489 310 422
375 69 672
588 262 577
140 482 210
400 519 764
609 905 594
345 61 359
892 898 468
132 674 455
162 23 365
360 511 674
134 237 742
805 176 355
733 316 837
943 715 707
58 675 964
651 19 24
361 262 921
829 393 594
635 907 968
1000 266 479
673 751 67
767 907 595
121 992 262
957 286 328
16 343 2
979 346 21
354 706 282
626 534 27
571 521 933
539 520 550
369 544 653
787 310 559
381 431 550
642 739 835
969 106 530
323 436 875
343 789 932
976 766 466
354 337 338
286 875 857
836 595 752
488 381 62
398 762 844
300 755 934
486 76 392
15 398 827
241 92 968
173 419 733
990 773 421
327 58 647
535 245 241
286 84 622
347 834 735
542 133 841
828 618 916
219 985 665
397 225 756
364 749 175
449 738 947
869 416 356
516 950 953
108 236 36
81 934 869
815 828 353
8 655 323
923 225 307
588 621 883
695 985 984
869 785 73
167 653 489
523 520 790
475 628 377
862 60 663
83 875 490
787 882 496
109 156 720
767 95 340
2 790 676
985 10 460
57 529 113
897 51 984
687 877 963
63 90 23
725 524 249
566 311 482
61 419 637
780 538 84
120 539 873
795 523 234
255 579 762
719 476 164
54 514 392
17 928 482
391 653 5
639 218 667
120 631 86
108 410 975
191 529 513
415 676 35
649 282 965
762 1000 792
278 53 305
669 421 233
502 811 237
859 801 806
525 272 436
962 380 846
936 570 726
448 337 401
482 337 34
799 98 33
590 375 438
895 396 210
479 897 373
67 755 173
872 632 445
660 593 176
857 881 97
582 328 433
335 162 769
368 960 219
753 549 945
542 795 692
751 625 589
123 691 695
648 915 326
92 574 271
619 782 151
715 715 830
148 401 991
268 121 302
838 873 203
783 414 349
474 516 974
414 991 16
461 638 930
138 81 855
408 699 636
910 413 351
740 912 751
82 180 871
384 17 95
586 151 860
934 977 376
259 742 718
275 202 355
556 340 435
411 99 485
398 9 897
100 748 161
851 181 340
73 564 708
520 501 211
379 787 539
106 45 280
823 671 834
529 227 173
315 989 271
799 386 631
48 486 730
208 688 911
899 112 474
958 631 327
168 362 113
58 467 157
338 642 828
171 170 406
695 837 394
317 635 779
948 34 616
677 241 303
587 491 767
413 449 397
739 968 758
851 26 577
359 715 570
538 885 91
943 931 927
336 247 914
467 194 947
82 223 188
737 809 30
503 573 478
251 311 446
361 513 471
937 872 537
858 409 773
948 704 703
875 39 301
788 857 495
734 939 69
273 27 229
303 881 802
132 483 112
577 843 625
399 131 848
935 988 608
707 936 311
761 810 350
62 949 558
908 682 848
976 307 874
204 961 106
5 92 589
469 669 783
93 419 266
292 706 253
899 764 540
210 525 701
911 586 649
468 845 683
316 820 989
541 23 301
647 380 392
587 848 412
721 292 831
986 583 536
239 481 651
130 42 175
831 952 112
831 772 956
513 87 775
853 979 150
153 977 529
545 915 728
956 636 19
138 621 953
25 211 785
676 341 827
202 171 130
314 1 901
269 866 339
396 718 318
545 223 646
425 119 561
504 74 196
522 564 816
826 940 27
610 615 719
436 817 889
918 482 241
818 750 458
157 497 176
826 393 750
471 817 868
31 672 293
226 193 856
394 370 796
772 980 762
490 767 930
730 684 411
322 854 513
780 10 9
307 187 402
56 657 570
923 40 242
215 617 786
423 362 156
570 133 487
331 622 253
261 351 289
23 25 142
535 804 503
544 110 689
297 165 697
218 439 736
459 5 705
597 779 66
104 348 199
590 31 172
194 643 875
482 665 899
975 552 702
477 95 163
517 743 679
214 960 117
301 771 473
5 719 252
71 822 951
621 763 981
144 956 623
18 790 640
916 116 191
969 593 637
131 109 379
161 674 690
277 975 460
102 979 178
353 401 351
303 373 113
636 517 421
258 886 210
249 802 677
439 122 269
75 605 730
805 765 403
495 394 377
306 495 708
836 199 460
186 853 185
299 488 701
71 98 586
632 698 739
308 137 213
929 563 817
658 720 933
412 214 326
789 871 172
848 706 722
307 892 927
843 542 414
543 964 863
481 595 561
571 902 49
783 830 611
951 839 330
884 251 895
561 39 766
85 238 823
158 896 714
84 739 607
850 633 570
712 113 164
624 36 418
672 170 599
635 121 438
316 356 688
211 268 78
328 704 315
150 862 562
216 297 300
822 146 933
744 210 397
259 833 784
28 505 954
627 491 74
64 806 781
751 16 400
180 695 104
494 845 317
55 60 613
707 233 759
991 328 968
387 939 152
171 966 656
476 592 146
549 655 304
681 757 671
80 936 366
535 781 210
851 188 621
816 246 853
574 236 533
893 622 471
44 144 436
52 619 28
549 519 34
852 551 143
523 983 430
888 517 563
449 720 102
69 535 347
273 460 582
805 352 555
275 747 699
711 798 669
90 699 540
475 902 442
969 424 424
399 663 941
313 111 660
414 531 194
760 804 5
341 608 356
895 235 454
945 297 252
966 386 302
857 212 203
298 181 979
722 931 641
14 243 104
673 656 986
218 415 789
222 107 749
929 1 335
382 298 631
985 615 368
286 471 579
841 768 111
819 841 41
811 854 283
914 878 938
900 95 704
40 668 810
140 948 163
474 330 812
104 666 426
471 304 896
402 144 15
512 962 856
553 772 709
187 38 587
477 289 33
180 328 53
342 468 1000
856 941 681
667 397 347
92 219 650
339 620 793
353 484 106
560 388 229
269 574 266
207 50 554
239 582 234
643 923 701
643 130 993
323 796 741
669 239 960
670 929 931
462 633 414
919 193 153
148 813 79
413 19 128
319 609 61
552 252 335
604 246 464
948 568 611
689 589 849
648 258 129
930 72 762
696 990 954
848 137 118
926 902 488
406 572 96
818 123 699
153 78 944
616 25 864
579 65 452
427 64 61
908 994 132
669 689 474
974 888 610
443 166 863
930 571 434
377 388 908
76 892 985
371 860 362
234 438 426
37 216 842
98 123 835
229 143 875
702 116 762
664 558 927
878 487 849
312 216 589
571 291 480
556 13 339
269 599 776
46 635 344
887 84 466
721 665 609
947 366 76
61 381 986
339 611 824
188 922 39
128 844 681
607 399 694
298 19 644
425 65 278
768 951 714
586 24 378
546 970 95
621 30 476
606 369 438
430 908 359
468 35 202
149 993 953
194 642 971
837 67 387
466 186 338
179 771 361
556 316 682
651 289 64
478 894 784
915 675 691
625 143 77
178 643 421
482 836 415
805 24 481
191 489 18
880 668 141
592 575 808
274 225 96
337 54 342
120 320 16
162 944 510
590 474 504
362 307 691
776 111 714
608 654 203
626 533 222
118 125 796
925 750 21
21 438 426
714 909 746
729 70 41
591 11 866
94 724 173
785 852 635
850 459 288
52 436 821
273 553 297
69 830 46
441 850 483
218 915 391
315 995 812
708 585 174
573 31 249
745 167 100
732 16 911
19 68 346
191 692 251
487 112 80
884 904 281
718 474 195
460 788 189
623 495 126
148 68 156
397 164 322
496 895 337
406 266 756
104 456 800
354 295 263
785 178 167
65 248 992
611 707 779
799 682 274
276 829 693
431 225 208
104 73 103
441 830 720
548 933 175
699 638 469
962 422 999
480 838 246
471 448 304
601 599 985
874 874 166
918 657 742
126 760 814
580 552 996
299 100 280
825 150 918
294 463 691
644 942 881
889 764 680
544 365 278
529 590 504
46 860 160
787 985 271
601 916 823
948 566 274
227 390 423
496 35 886
539 678 179
419 566 943
98 462 659
728 342 248
583 387 107
94 173 443
364 125 710
186 72 275
459 299 665
234 146 699
119 684 729
297 454 294
591 904 755
601 983 448
201 565 834
659 658 7
102 21 131
163 559 555
438 369 205
454 602 350
504 720 34
232 369 839
878 311 742
984 912 724
432 112 288
265 122 297
271 575 670
754 738 228
660 175 596
864 980 550
213 483 621
598 715 341
437 592 652
178 575 915
902 358 378
541 623 499
190 245 74
859 350 811
438 9 337
385 872 316
934 85 798
555 682 864
895 118 807
898 648 734
164 549 91
541 441 65
392 630 310
465 488 659
627 277 20
315 662 891
630 947 327
779 501 361
995 748 830
801 645 477
534 161 377
625 701 818
689 92 447
350 908 287
361 886 563
380 200 576
622 181 523
301 312 375
661 306 122
842 106 119
319 992 279
695 968 331
864 8 423
663 358 682
949 70 920
863 801 471
439 774 4
961 74 315
335 86 620
809 928 77
279 598 68
557 292 387
887 156 395
661 818 104
695 118 173
966 980 973
436 770 98
439 82 172
753 769 609
724 577 536
153 855 133
572 763 777
959 1 284
353 14 453
456 708 922
980 673 253
952 460 23
49 899 456
572 3 224
181 79 152
68 231 358
553 154 120
329 112 473
964 816 486
416 271 545
337 250 569
941 553 28
963 954 278
419 525 281
994 57 711
146 477 293
503 29 446
975 709 558
799 24 725
284 791 996
180 479 597
748 419 150
775 382 455
53 152 331
685 145 740
395 642 216
39 497 596
484 823 656
393 621 679
118 256 469
465 435 947
61 534 365
562 660 98
16 64 249
699 748 746
438 494 387
653 532 883
600 368 57
255 760 677
933 229 284
401 693 718
699 106 603
63 667 263
513 35 326
761 85 426
858 522 919
245 526 803
479 125 170
536 379 281
564 311 510
848 63 554
917 113 659
520 527 678
782 39 64
459 152 148
884 9 21
155 605 546
309 84 670
830 971 48
462 534 710
323 733 124
877 650 236
887 521 762
916 302 153
331 112 304
830 348 312
850 854 917
395 162 352
64 343 322
463 804 207
524 127 940
647 355 941
234 241 461
348 509 114
500 839 225
803 669 924
114 870 777
382 265 290
733 680 632
406 495 788
965 18 914
256 665 268
196 250 860
656 597 368
769 96 207
345 250 227
269 716 448
397 97 712
687 182 744
670 939 238
457 903 607
722 158 623
989 353 873
849 360 821
568 480 917
126 825 166
704 445 881
152 193 330
215 231 511
958 901 449
547 709 704
506 431 861
128 771 214
352 971 925
173 539 405
89 664 581
606 368 377
839 871 569
168 85 800
30 395 52
830 293 112
533 798 542
394 926 665
959 629 635
235 801 173
639 241 189
219 847 908
595 37 778
164 556 862
315 585 608
718 766 901
829 299 698
723 44 975
387 354 604
21 588 404
546 227 645
86 797 843
993 392 231
122 907 786
335 573 722
943 290 487
843 118 137
540 840 180
867 226 885
470 599 473
225 496 51
221 581 847
63 925 590
645 398 848
430 732 420
151 674 709
990 868 179
126 408 18
658 274 596
542 95 546
366 319 41
768 540 973
967 954 897
556 599 294
404 28 377
175 531 51
884 520 918
62 645 677
431 302 302
26 196 396
571 561 67
963 329 606
935 295 559
183 202 157
828 957 537
205 132 67
607 367 938
876 780 582
905 562 236
206 588 783
954 510 343
20 825 23
625 759 669
535 942 223
692 121 531
580 325 662
646 283 380
935 159 511
868 63 73
103 620 12
885 573 873
580 592 697
954 568 808
975 103 101
549 146 221
79 77 546
93 74 828
472 8 338
335 875 400
407 978 372
770 214 944
642 145 888
691 451 807
498 777 261
598 325 406
170 403 834
67 495 907
247 319 914
584 653 789
336 411 118
707 180 683
2 173 180
889 215 982
48 712 758
308 661 82
66 831 836
899 897 331
806 143 1
719 79 653
859 414 415
976 120 946
11 121 118
190 362 333
171 409 396
280 716 57
713 781 239
548 32 135
230 837 630
230 907 708
234 766 121
648 741 592
593 103 64
63 292 777
747 814 185
142 93 253
550 805 385
788 705 416
275 934 604
904 516 511
611 749 276
83 749 368
26 693 471
89 755 762
866 501 928
402 995 20
654 544 825
391 332 881
806 958 814
410 861 329
920 823 430
547 257 530
914 282 222
384 370 977
498 587 829
425 989 823
796 994 367
972 384 50
852 542 7
666 951 219
346 222 41
127 120 297
656 33 930
878 769 651
206 618 238
34 42 578
209 837 571
927 161 307
976 12 848
334 677 150
552 375 723
944 501 842
592 157 226
521 386 994
171 591 611
760 976 4
337 184 193
260 462 353
566 789 364
765 122 393
266 25 767
988 320 619
181 263 775
406 783 512
400 306 102
362 65 430
366 754 965
910 365 427
262 930 215
977 46 689
369 311 65
487 650 385
106 830 999
232 235 782
744 986 439
197 348 855
626 65 960
591 326 324
369 587 605
583 915 650
623 636 312
688 122 961
424 579 790
422 811 377
555 906 362
345 102 61
200 728 477
159 670 802
483 38 740
87 972 655
89 595 642
400 634 763
361 409 694
502 182 504
878 737 761
592 81 862
4 632 941
481 143 610
634 625 999
374 63 323
380 151 917
21 551 902
135 911 662
828 764 843
683 642 931
443 585 364
305 588 995
597 420 137
559 54 113
557 779 176
879 158 326
147 530 228
400 664 490
61 844 254
904 878 247
834 321 831
197 977 418
544 573 190
680 131 243
793 40 21
320 270 530
997 417 59
225 816 74
714 877 917
319 132 795
565 965 467
395 514 443
165 57 367
706 736 850
948 880 889
320 551 510
849 548 926
259 772 94
332 837 322
601 508 453
747 72 769
213 819 282
7 335 338
725 40 426
574 339 657
814 658 208
324 858 107
601 116 230
694 799 66
367 399 573
171 497 997
940 709 815
573 67 501
263 792 892
688 717 230
696 531 239
255 206 96
361 806 563
590 852 361
8 570 112
932 741 608
928 680 669
94 252 735
946 514 526
837 553 595
66 601 477
656 855 682
103 568 839
665 157 42
378 516 612
489 448 352
96 727 383
764 821 986
851 118 500
728 955 404
322 372 4
798 28 211
479 482 778
670 147 286
711 524 802
674 364 249
25 459 975
407 575 147
393 777 617
244 504 571
999 826 294
355 975 673
565 806 155
694 475 301
979 537 176
780 211 539
380 587 349
707 346 275
205 738 51
821 333 907
743 683 84
37 37 58
709 953 863
215 646 689
867 625 578
42 756 788
932 488 374
281 194 719
907 398 808
958 571 492
864 313 175
299 701 211
356 762 516
571 976 161
611 843 137
188 884 893
975 816 380
701 448 925
771 354 674
931 663 244
422 878 557
948 176 609
511 532 370
26 454 346
186 64 188
675 252 423
919 578 590
298 630 37
574 401 391
247 331 405
491 104 283
399 52 458
7 562 341
729 587 146
74 124 210
261 798 813
35 716 390
625 365 20
661 938 772
403 537 102
808 379 205
442 777 608
251 135 169
592 863 755
737 288 879
298 900 676
110 935 392
500 559 756
871 571 46
642 326 582
95 485 960
651 926 88
259 176 574
779 119 789
534 208 76
764 505 976
791 615 262
182 466 172
290 688 742
687 681 419
268 775 903
227 777 180
314 387 356
887 166 826
675 51 33
103 814 538
430 604 504
691 138 321
862 779 360
955 465 40
726 732 166
628 310 942
160 623 329
515 861 846
692 888 896
725 342 709
614 771 664
469 461 801
141 674 579
500 628 395
539 353 126
704 333 435
997 492 409
677 358 622
522 49 861
417 125 202
477 90 972
141 910 784
941 50 457
872 549 84
266 439 789
744 142 121
530 491 964
291 167 321
912 689 721
124 457 846
677 934 287
648 74 197
431 366 246
239 237 147
322 855 585
462 598 79
934 479 569
897 769 735
217 32 775
290 155 232
487 831 165
773 830 238
969 612 603
567 850 192
713 524 46
297 985 995
727 271 473
295 167 594
382 736 625
156 25 132
387 511 314
903 635 144
492 604 107
447 170 957
638 234 832
35 882 168
381 609 438
853 903 605
446 284 340
423 792 716
554 178 578
867 433 212
10 924 167
469 370 688
425 359 921
256 745 803
423 125 763
213 978 17
817 775 653
508 197 444
223 102 621
152 969 405
363 330 329
530 798 50
217 574 409
490 181 505
644 956 630
406 168 959
422 984 733
74 491 282
517 65 383
490 216 703
246 930 33
574 459 182
976 28 756
736 517 936
240 160 891
869 917 410
827 338 393
912 764 235
193 632 651
927 473 218
630 719 148
14 644 958
195 619 985
950 706 501
238 946 12
480 166 928
890 993 618
634 256 381
869 800 364
871 726 837
89 707 907
236 72 902
193 267 873
178 568 578
30 157 875
42 637 41
321 526 385
938 159 640
318 379 791
34 250 516
222 338 575
128 925 646
29 469 264
901 998 832
831 28 988
705 421 976
97 741 501
481 679 12
472 348 390
262 733 991
130 954 680
56 433 956
701 462 425
965 714 422
148 544 801
487 601 573
463 697 314
315 530 344
326 1 43
68 615 776
58 744 729
90 799 162
45 851 975
469 167 40
243 666 936
43 153 536
616 967 584
281 281 113
976 959 114
18 378 80
145 787 175
874 876 325
387 921 175
713 741 694
752 983 359
687 378 863
574 345 181
158 977 814
270 952 772
735 321 149
814 466 935
988 339 163
312 77 83
839 789 175
532 540 158
242 579 887
105 152 231
285 309 559
98 579 510
221 313 830
721 479 295
8 818 985
170 130 61
604 320 201
778 851 93
287 444 671
525 900 822
755 185 131
665 634 61
174 207 725
356 927 555
650 286 373
987 455 854
399 410 173
600 188 375
692 826 818
362 351 718
535 457 254
17 122 239
77 647 797
154 2 76
708 4 361
80 990 816
933 388 577
457 987 116
831 30 942
1 743 644
70 278 452
323 294 573
913 723 572
710 876 573
785 583 576
145 663 565
312 947 305
889 404 643
4 586 673
297 938 767
940 7 44
392 681 690
316 594 412
887 303 287
812 439 869
387 935 883
304 599 182
960 487 937
602 842 522
626 491 460
393 430 818
788 173 499
477 841 92
888 79 746
174 890 536
395 629 470
629 932 68
810 891 906
746 844 100
620 470 590
431 214 371
248 1 896
746 478 736
189 365 166
934 891 56
469 285 684
291 265 967
710 75 209
616 172 52
715 791 521
656 221 734
26 469 87
921 566 564
8 755 928
174 40 818
229 509 454
264 151 719
230 860 145
438 475 316
489 541 459
362 196 679
447 574 499
533 494 417
96 502 171
376 27 210
545 255 70
351 870 220
421 99 432
565 888 258
232 728 799
690 441 346
721 240 919
571 124 765
987 572 618
157 947 644
719 843 898
788 193 119
360 613 569
143 529 456
400 761 535
550 802 328
248 522 567
166 445 690
930 431 261
547 940 559
542 658 402
791 797 594
909 508 559
477 650 439
284 402 199
819 951 1
146 198 874
64 716 318
753 997 101
366 896 40
924 437 49
325 228 197
271 136 705
181 965 706
619 248 107
170 418 410
522 915 959
395 978 674
65 83 671
165 448 918
204 371 354
604 48 933
800 670 69
856 850 33
562 468 632
20 989 50
781 510 964
740 905 294
413 969 376
435 485 823
704 688 193
58 643 592
990 442 261
410 298 110
794 211 930
778 582 918
827 363 780
142 102 684
435 866 4
810 653 488
632 356 527
177 765 169
120 107 962
381 516 611
842 662 173
771 439 755
41 617 469
820 758 922
855 545 787
210 354 791
49 338 147
927 866 911
447 985 17
408 365 885
371 559 898
543 681 688
297 721 304
117 892 413
38 98 957
177 659 663
967 707 1000
465 985 865
728 431 201
96 191 918
980 561 476
229 103 156
916 752 229
571 868 472
984 906 570
292 434 228
954 400 287
953 865 271
169 592 54
370 687 244
287 19 156
762 247 258
269 515 361
497 85 581
969 420 838
890 712 271
469 665 670
755 618 886
378 138 477
431 507 516
26 145 886
181 258 484
790 527 998
151 23 83
731 343 502
568 232 565
190 701 230
859 807 199
97 184 336
925 966 195
440 343 339
325 523 949
809 313 475
158 815 849
592 545 192
446 464 775
10 653 475
239 863 634
437 959 169
125 884 135
319 675 477
9 352 352
957 512 664
783 669 478
984 261 374
527 58 189
301 67 193
128 658 55
761 446 366
929 570 249
415 240 923
892 249 626
595 557 137
258 692 806
87 675 418
460 201 475
1000 501 893
192 628 550
246 388 996
611 669 917
211 83 157
486 326 757
111 920 313
248 177 4
405 615 30
174 74 230
1000 425 83
892 616 62
794 862 802
141 824 470
57 387 552
565 872 878
321 334 797
634 581 326
989 337 940
371 862 366
600 861 790
34 753 406
96 898 619
249 38 794
718 446 180
621 11 403
498 331 737
647 316 669
324 657 6
263 27 867
980 978 80
122 12 832
879 459 81
849 707 118
642 776 563
174 396 925
576 246 256
312 244 923
981 567 579
986 181 605
204 513 583
283 634 946
466 864 756
546 712 814
15 705 589
930 878 336
854 454 933
461 765 176
384 745 94
962 82 627
919 638 139
501 920 124
798 738 987
553 635 50
366 2 754
306 931 632
993 136 85
278 949 201
805 684 946
899 645 379
877 915 16
15 767 288
490 564 377
828 468 11
877 185 12
630 842 294
613 835 782
49 112 82
250 268 765
547 166 761
925 394 676
941 408 442
580 249 6
956 76 825
966 304 10
330 286 851
975 898 37
756 947 500
189 196 768
953 94 285
714 18 679
741 310 438
182 889 687
539 196 114
364 514 418
725 843 703
575 169 600
612 277 898
111 465 445
230 418 538
515 483 556
193 223 217
630 756 458
668 295 653
782 10 166
551 734 360
253 660 529
204 271 805
454 734 269
250 963 38
788 477 520
695 21 94
911 3 850
720 670 496
373 803 857
890 705 590
250 957 601
778 513 872
934 318 957
202 567 271
240 354 748
111 400 120
557 663 122
406 382 144
253 754 946
109 996 651
50 245 959
650 374 823
873 307 140
829 508 707
100 99 412
199 562 164
318 118 826
792 875 207
935 127 313
232 235 308
234 284 904
193 285 277
367 158 583
859 338 442
565 437 893
328 987 454
491 657 923
668 448 797
875 382 923
539 613 509
198 199 144
453 391 428
729 109 585
663 967 923
456 883 711
348 211 698
153 53 354
75 721 153
223 947 534
145 837 498
5 386 696
148 838 438
928 566 547
864 580 513
786 35 396
849 735 958
898 887 362
603 314 82
755 536 380
640 33 216
489 37 601
537 537 790
326 464 707
872 327 286
737 465 673
484 313 407
793 562 293
154 164 958
588 270 494
967 261 526
535 749 914
487 285 450
277 611 913
983 834 240
621 922 56
293 757 368
51 549 281
695 55 796
653 642 65
498 960 325
375 494 425
288 333 62
738 961 24
2 295 209
593 915 131
648 559 887
367 961 788
647 656 842
442 308 835
858 157 794
534 531 640
959 818 972
20 907 932
43 909 226
251 853 493
733 501 403
972 219 364
759 218 19
952 11 678
786 869 834
931 402 364
570 712 533
893 731 440
176 125 700
754 728 904
598 812 404
1000 783 975
363 893 192
733 844 554
762 981 422
947 912 176
662 833 239
195 78 322
986 605 446
37 358 525
940 955 337
696 307 471
670 21 364
213 106 207
766 867 540
540 814 451
67 475 635
305 21 64
626 6 669
424 42 378
300 982 685
636 677 991
107 698 11
470 910 468
28 27 335
567 566 500
369 984 974
356 289 995
419 266 1000
87 41 394
465 341 375
149 328 403
491 786 100
853 607 9
321 635 387
655 553 953
154 922 288
479 629 928
825 47 194
177 486 586
570 950 926
296 450 254
698 940 39
797 792 998
157 464 632
543 118 536
847 623 809
135 454 437
62 278 484
607 454 969
193 23 270
470 318 719
75 367 10
466 163 153
463 671 617
94 566 86
981 412 61
790 898 514
226 312 791
709 270 597
29 814 971
298 284 289
368 358 7
729 823 170
234 285 192
850 730 757
287 711 521
699 500 418
212 77 81
355 786 351
951 166 164
921 816 799
561 183 157
568 264 331
89 497 968
632 698 49
389 984 111
261 683 610
678 246 39
111 600 824
461 902 341
976 175 156
775 87 691
283 6 954
965 446 450
284 78 147
333 818 482
443 78 516
405 107 762
443 217 713
618 29 967
958 357 493
466 483 579
156 765 937
109 81 382
910 365 811
408 697 628
889 491 57
405 895 516
518 689 732
230 306 113
548 616 469
40 433 951
971 588 67
907 48 147
640 957 511
451 364 559
430 604 50
839 360 296
354 877 985
85 459 642
549 6 609
369 398 41
319 368 628
737 274 27
884 265 983
746 715 698
657 497 654
706 335 13
353 688 242
689 124 52
331 673 409
291 41 806
332 712 173
311 448 798
338 683 63
672 781 129
722 437 977
727 494 311
739 846 350
332 535 826
735 217 498
144 507 890
949 190 953
474 853 753
623 542 787
37 565 567
518 286 3
494 12 496
157 103 694
506 786 228
683 521 796
532 16 302
422 964 844
726 789 48
830 412 589
617 448 153
183 317 791
538 811 154
385 967 608
78 824 746
305 507 266
452 38 281
106 811 596
949 889 737
996 718 148
936 334 947
440 869 264
582 406 426
736 790 744
695 220 567
440 876 425
57 328 815
337 433 977
285 381 865
21 728 935
520 15 620
818 454 840
433 36 597
858 123 387
601 817 606
520 257 481
296 313 160
110 2 592
439 638 324
655 10 51
589 529 417
561 698 871
400 131 258
997 988 380
735 589 548
692 460 156
524 755 469
684 217 822
275 655 459
951 309 820
353 250 348
770 810 45
640 561 175
249 909 515
628 643 455
527 686 914
683 210 20
503 245 236
324 871 890
134 821 551
953 174 152
652 943 313
48 934 873
575 182 134
89 161 776
543 687 462
808 369 23
827 871 267
63 546 137
304 31 958
206 983 483
357 986 425
21 34 710
246 608 891
379 48 403
154 590 89
967 749 810
341 575 32
607 989 578
96 645 608
405 850 943
887 559 928
663 579 313
724 824 920
966 202 967
368 708 908
808 26 656
617 367 583
1 325 571
578 772 215
537 528 417
479 766 975
759 780 905
71 503 81
343 468 634
661 835 693
569 995 719
576 963 437
158 963 113
81 540 237
647 429 764
63 259 530
389 17 309
294 440 164
726 134 631
359 794 818
52 714 812
122 642 126
910 151 89
22 231 980
610 878 408
374 292 19
255 681 35
915 326 826
78 51 959
61 409 753
878 812 818
41 933 459
166 842 610
606 216 192
586 825 69
345 550 361
363 156 393
750 71 718
575 148 120
886 560 528
638 437 692
807 829 624
266 995 818
227 952 385
418 537 209
839 234 111
551 948 266
943 697 688
12 624 188
131 509 747
10 498 536
701 304 364
325 921 710
494 147 662
878 917 550
438 755 783
548 305 83
166 599 779
853 610 402
40 740 262
139 749 759
674 802 63
37 126 983
747 619 482
760 848 398
309 285 504
444 833 808
526 350 406
656 202 367
410 594 458
671 732 558
430 405 359
844 793 836
178 539 806
659 650 653
408 959 938
911 754 122
718 279 471
475 286 672
193 695 617
650 718 700
208 147 104
566 342 249
402 519 139
559 178 789
212 937 747
149 848 500
270 917 130
740 392 767
763 584 462
732 586 531
431 793 29
535 710 370
135 463 888
273 22 417
61 233 354
159 733 201
10 354 117
139 93 860
258 207 796
719 938 381
249 369 173
277 255 234
998 389 697
885 13 718
654 74 302
7 232 34
559 242 387
27 732 831
239 989 389
34 59 679
414 659 47
938 287 653
171 284 393
867 521 405
936 174 830
237 532 62
622 442 655
8 820 738
190 58 727
579 91 137
257 856 796
655 793 434
307 316 718
51 182 590
807 470 763
637 706 646
50 328 439
56 687 258
793 877 316
871 455 406
8 63 614
155 717 406
588 375 721
305 777 255
246 583 724
8 571 781
5 972 460
443 27 147
701 172 375
368 42 181
125 401 243
738 555 311
496 143 685
216 799 813
822 397 395
897 404 318
678 761 289
489 555 668
987 607 191
361 974 232
541 99 985
135 836 539
445 683 33
481 899 184
293 72 580
40 969 335
709 998 447
349 486 2
16 473 608
206 833 934
790 726 32
774 212 219
664 9 902
49 841 152
584 486 223
163 525 543
849 585 540
296 933 378
649 949 850
608 506 34
541 295 111
924 420 323
495 84 683
396 484 523
899 67 8
473 581 884
368 429 468
907 76 401
636 724 349
485 332 206
871 224 501
981 148 272
655 642 707
337 389 190
212 639 256
219 463 836
103 830 265
570 89 692
970 724 768
670 561 451
876 431 674
728 763 173
999 418 166
706 106 554
895 317 544
151 888 7
338 990 836
954 559 924
646 881 648
413 550 208
215 425 990
888 504 752
61 503 521
226 208 979
132 454 295
675 956 182
681 294 523
869 599 82
792 244 314
791 8 863
998 574 640
987 462 143
91 874 997
611 451 556
589 934 10
236 609 317
769 641 610
292 509 561
725 653 156
38 443 164
252 441 89
243 779 550
738 869 775
734 832 226
642 772 511
651 7 119
967 128 112
929 771 972
489 495 624
644 884 419
159 487 211
248 82 989
149 819 210
924 904 393
501 545 164
11 547 523
482 866 650
945 794 772
916 634 618
892 277 501
662 788 339
872 387 420
212 535 590
773 810 494
165 310 390
329 673 937
203 506 802
852 450 947
623 717 580
592 960 208
92 621 995
782 492 733
554 56 268
143 828 77
988 993 739
378 673 763
314 875 268
467 78 69
413 52 785
344 643 745
551 86 717
898 867 561
630 772 616
249 915 443
678 254 435
768 631 459
530 296 333
149 762 410
217 526 813
1 869 455
97 420 540
166 669 759
726 298 530
341 547 796
135 576 50
922 343 680
380 872 976
65 20 89
474 236 967
639 588 835
93 37 606
633 202 274
391 279 924
272 619 822
68 105 397
117 26 739
796 758 962
123 822 981
564 647 568
530 285 507
716 378 543
674 362 96
947 104 374
222 375 344
395 794 449
791 910 826
881 58 935
842 532 756
174 447 755
93 328 39
600 44 768
494 717 481
942 15 936
315 589 663
11 983 456
811 774 718
636 6 775
923 848 658
678 373 105
784 466 432
175 417 827
294 262 543
775 203 910
710 518 498
372 880 480
180 690 605
897 325 611
23 599 810
680 277 534
136 412 999
568 586 767
746 880 381
641 6 583
550 715 452
399 439 331
230 970 20
835 866 697
797 888 295
606 919 923
139 55 335
490 974 272
608 719 151
988 711 156
571 260 223
374 10 13
705 240 982
76 74 199
124 870 438
771 827 708
693 965 762
379 806 87
651 414 158
153 753 868
661 323 480
235 49 841
247 105 80
580 532 505
130 656 726
567 426 904
274 470 869
388 201 26
826 203 439
335 355 544
555 367 866
386 601 266
226 847 370
658 778 902
162 907 557
240 473 334
143 99 155
363 838 355
389 663 557
179 998 264
722 552 630
940 937 231
557 514 429
927 171 559
180 685 465
88 276 290
421 418 388
927 133 225
634 873 239
190 403 588
805 477 139
787 768 427
369 324 293
149 250 815
707 781 499
172 868 126
461 288 896
200 567 28
776 200 252
14 741 654
602 546 482
92 684 249
871 52 573
515 552 174
329 259 955
828 782 822
953 242 462
848 793 28
227 568 579
478 933 319
484 886 216
965 330 899
566 200 302
490 66 854
663 394 112
969 573 893
143 878 486
956 725 630
335 304 549
913 133 481
231 968 719
447 933 48
697 850 599
999 339 664
852 353 57
315 674 630
559 816 507
396 123 583
25 457 238
573 721 371
53 303 338
771 749 622
170 446 471
768 796 161
783 999 514
840 313 187
821 871 354
327 618 828
261 642 284
499 214 356
221 618 658
910 741 759
884 910 556
706 30 351
867 812 349
380 651 13
918 823 235
623 501 852
450 762 493
85 612 706
440 184 675
449 93 415
207 328 677
762 34 706
112 900 517
812 631 520
824 900 694
58 522 195
909 971 956
753 407 919
810 846 102
485 294 546
251 853 874
927 614 259
632 78 158
501 241 140
372 65 39
65 474 560
259 735 882
566 487 288
836 297 485
289 133 130
187 383 982
412 310 948
670 293 25
827 145 617
318 516 681
356 933 507
267 543 241
148 461 727
787 296 375
271 937 507
752 123 242
734 534 551
33 203 195
409 381 340
25 698 207
706 405 139
564 671 682
804 818 142
882 956 789
257 578 725
115 329 847
356 414 732
258 446 286
453 854 666
792 231 715
998 936 119
489 499 789
170 654 958
663 535 265
451 143 842
528 258 523
374 965 936
458 223 734
743 27 939
409 818 169
475 167 456
594 655 306
734 176 959
44 838 494
308 641 988
150 168 597
672 893 562
959 350 136
692 93 162
631 853 331
151 327 497
607 272 504
912 358 679
871 401 869
716 708 509
703 209 28
652 232 920
213 543 622
700 586 66
213 568 918
543 719 596
391 325 220
246 236 577
277 458 329
145 525 36
5 580 597
32 231 180
303 795 722
276 494 308
341 706 227
610 600 945
558 342 269
777 588 857
705 864 314
33 360 191
420 364 770
16 747 1000
548 401 794
621 29 639
280 369 696
507 331 647
451 888 988
720 664 927
928 368 142
593 752 501
783 171 216
552 539 314
551 86 67
696 706 95
334 338 815
381 844 145
27 294 32
15 365 47
941 292 766
435 885 517
935 667 40
151 571 578
816 121 15
882 169 72
976 854 409
791 235 252
287 261 898
671 275 262
717 568 906
835 2 142
351 288 160
742 790 730
319 606 203
333 487 371
757 815 224
165 957 458
769 243 719
666 913 345
279 982 912
184 816 265
325 518 553
485 260 342
566 930 947
768 615 786
490 371 600
714 535 556
523 655 150
593 320 63
938 599 44
201 782 211
818 459 728
370 295 987
63 860 917
362 980 531
147 469 253
98 534 139
5 409 794
154 353 113
568 290 63
611 843 845
821 12 655
901 381 301
239 795 160
507 156 491
37 654 312
641 103 197
780 459 605
573 613 958
685 180 599
100 143 793
944 315 804
950 215 536
250 454 683
761 960 190
252 349 844
915 341 298
111 120 757
68 692 721
377 729 252
975 828 394
120 123 61
923 424 627
811 673 80
493 785 392
682 36 92
877 302 432
175 413 552
283 480 595
3 856 675
254 182 854
1000 301 976
60 576 751
686 386 423
118 878 560
861 559 947
304 436 249
87 962 661
990 244 492
585 598 347
611 851 880
465 202 181
792 613 108
543 651 493
317 120 370
876 980 280
823 635 67
71 721 28
83 711 623
574 647 220
272 257 423
151 721 624
683 513 237
790 407 887
634 723 6
355 951 337
635 773 971
701 195 43
81 277 753
703 850 399
275 473 656
697 975 728
320 10 592
908 151 998
794 785 73
151 139 23
839 125 147
161 178 341
204 610 617
956 312 818
707 938 290
362 634 616
441 954 625
33 213 776
30 359 912
454 509 50
476 348 527
622 860 56
314 63 665
930 19 328
99 725 266
740 438 899
356 878 204
980 910 417
107 292 775
18 97 635
420 573 334
298 546 194
353 212 256
17 141 626
696 592 702
961 331 491
860 686 369
415 18 630
831 124 273
957 494 370
592 913 294
277 562 191
470 914 402
78 282 895
703 977 486
757 938 816
247 149 854
615 563 871
597 746 346
869 54 839
590 997 103
235 274 664
426 743 577
179 820 210
73 875 187
910 631 476
726 877 624
579 844 538
801 440 635
146 660 689
985 602 37
439 836 310
103 613 53
31 792 224
241 216 98
427 126 80
902 203 957
877 781 152
766 933 591
401 78 602
441 414 203
477 853 391
787 307 3
191 689 794
766 929 362
216 707 487
295 960 689
603 188 821
754 954 753
696 354 830
298 146 596
852 974 448
242 112 106
597 654 794
390 420 723
103 987 781
589 633 93
277 588 280
449 341 233
201 389 938
383 38 435
978 889 409
777 483 520
882 79 174
675 820 945
749 923 931
882 511 915
974 140 502
253 940 843
838 141 583
775 523 620
210 852 860
618 628 342
489 861 772
14 535 592
958 636 514
240 869 376
155 842 867
656 446 807
850 283 299
432 410 173
403 619 24
263 588 3
604 428 863
376 442 749
319 399 736
184 639 604
911 145 797
130 800 243
288 2 877
586 433 286
110 836 256
485 450 195
487 53 623
701 780 64
449 98 814
537 633 452
140 544 948
937 673 748
531 960 749
407 897 533
45 6 720
300 490 169
495 328 574
117 28 705
180 828 155
993 364 787
797 856 330
744 792 354
843 674 313
943 432 561
828 476 566
547 776 407
68 270 734
993 738 761
697 269 589
851 613 304
990 409 159
671 505 302
25 699 975
689 642 759
250 469 234
167 367 9
574 786 630
307 778 367
420 827 635
360 677 248
663 18 8
822 689 512
475 65 563
802 105 204
560 706 24
793 873 390
802 798 528
783 104 305
150 875 131
136 234 160
383 249 529
743 422 217
606 896 633
168 697 738
371 608 443
746 401 667
136 554 816
15 336 272
319 837 146
802 973 732
313 707 980
841 449 401
410 55 648
42 574 697
131 945 304
926 690 56
944 177 609
760 191 297
31 862 133
176 15 457
907 327 516
886 167 964
638 928 370
286 322 944
334 452 240
637 377 281
693 673 810
653 432 352
949 462 565
434 637 579
890 896 905
757 133 424
721 123 703
442 408 24
737 741 476
976 729 204
609 421 876
418 74 307
121 374 768
686 807 757
264 49 4
521 805 136
296 877 258
998 319 17
22 407 109
497 735 838
52 343 610
928 112 35
586 232 409
706 269 215
462 533 615
817 405 772
304 700 648
562 697 318
930 718 725
39 566 459
228 618 153
189 897 264
224 482 847
632 187 116
198 1000 1000
165 816 404
936 120 103
583 33 151
253 962 869
329 352 434
787 931 403
291 120 299
906 343 781
752 326 967
219 523 319
570 687 134
973 622 253
427 557 637
578 161 599
798 489 302
583 627 233
986 917 352
636 822 46
416 925 371
735 496 245
53 65 932
538 390 905
143 168 813
779 97 973
729 894 813
31 477 439
615 814 707
318 449 880
363 217 805
85 303 652
329 707 68
260 244 457
517 386 625
681 517 721
654 245 967
466 275 795
257 889 608
963 558 408
843 920 976
999 4 630
2 685 336
69 944 580
526 812 317
502 493 833
574 498 78
540 315 704
334 571 945
293 534 502
53 728 774
380 78 777
10 79 461
345 147 757
276 24 920
945 525 764
129 99 261
558 990 576
262 676 146
558 968 31
59 372 110
832 752 187
961 113 617
773 809 764
881 437 787
153 381 664
916 509 114
177 419 455
104 680 130
249 589 450
632 647 821
741 831 924
280 143 388
896 915 197
11 148 633
798 300 13
813 215 873
278 743 291
732 846 322
862 447 262
663 430 909
835 170 91
111 801 233
498 697 499
694 707 998
326 856 649
690 20 216
915 297 958
557 381 156
231 242 954
492 256 383
752 90 552
842 200 705
426 698 401
277 743 459
274 69 667
275 110 686
490 376 983
799 285 715
954 515 956
907 358 563
289 110 652
193 303 204
897 81 901
649 709 643
459 334 63
125 608 525
811 97 900
145 896 184
859 849 50
166 108 408
728 748 869
731 940 171
934 188 603
186 188 311
181 647 645
595 123 252
119 933 349
371 429 596
906 287 796
308 804 903
715 883 3
935 614 294
457 899 834
60 85 21
370 617 19
366 211 142
618 330 426
318 52 855
265 309 493
60 616 297
315 682 179
317 616 144
962 73 395
795 132 479
816 853 447
186 571 657
327 540 338
753 209 389
607 473 698
99 884 313
747 550 995
278 218 962
773 180 34
167 974 517
997 141 722
443 327 292
100 653 831
437 757 39
178 363 511
227 814 746
539 912 296
885 189 513
847 314 692
232 480 666
749 477 806
470 271 132
761 722 137
943 159 893
981 688 608
843 914 421
588 804 684
883 41 225
396 239 538
439 470 17
104 218 845
262 39 468
393 151 189
881 93 347
774 425 386
381 267 299
153 207 103
836 89 495
60 836 733
597 275 202
966 730 772
810 991 162
629 736 313
818 616 757
516 741 182
902 121 448
200 273 654
654 109 95
500 520 930
232 117 556
786 82 286
909 243 628
70 872 363
734 41 331
491 556 71
672 457 544
119 9 816
125 14 276
219 514 148
500 97 264
408 882 697
45 790 291
672 860 514
387 945 554
717 435 110
139 106 918
682 577 926
850 701 292
477 271 805
624 122 901
239 529 783
935 573 924
578 597 135
91 983 80
997 51 514
106 541 972
375 223 548
301 424 248
592 900 870
748 876 991
648 114 520
782 401 444
58 978 40
192 420 22
623 416 424
489 873 965
460 248 539
7 900 962
606 843 213
475 590 88
817 589 554
688 723 954
132 780 283
171 323 702
545 298 118
320 786 342
284 245 589
822 251 840
135 208 682
348 682 623
787 850 212
340 538 286
645 669 417
927 191 739
629 87 388
98 407 173
439 42 417
380 216 19
219 350 226
253 697 259
875 836 109
438 527 646
723 172 666
491 98 208
230 78 295
969 175 53
142 966 94
558 345 309
577 915 11
154 519 59
413 394 894
873 831 421
518 906 944
535 396 41
742 977 119
36 946 645
440 87 610
886 996 306
546 924 573
556 430 91
615 842 484
860 714 667
632 583 924
575 117 671
616 210 648
86 246 945
730 37 383
692 922 730
997 820 654
569 375 83
660 341 276
495 201 341
513 832 275
436 407 743
107 374 952
106 459 549
50 540 586
784 231 859
513 580 678
518 500 405
600 511 97
227 6 297
919 518 481
193 306 239
935 412 964
887 869 422
435 270 313
20 53 896
231 565 475
260 83 974
664 34 485
761 613 842
409 531 711
241 724 16
479 658 779
442 896 647
215 331 916
880 702 320
775 932 237
249 192 319
574 207 704
410 319 668
251 728 199
962 320 274
329 151 931
460 592 179
106 159 509
374 38 210
45 164 494
281 764 37
951 337 243
7 99 914
674 701 641
872 14 960
145 343 110
428 802 54
958 259 564
466 984 953
27 29 116
520 661 879
908 612 567
151 618 17
64 643 718
56 515 731
367 11 73
829 790 226
234 747 837
149 564 820
101 591 200
568 462 861
798 370 824
716 872 441
733 287 83
450 694 949
180 60 312
605 240 453
830 825 552
666 973 115
486 425 705
37 992 519
897 141 888
72 857 111
512 589 397
947 38 442
247 569 853
910 173 93
363 3 269
914 668 242
28 505 666
85 894 10
603 142 150
842 214 6
304 77 946
52 375 983
493 622 552
345 531 724
437 893 78
706 158 98
299 186 954
316 622 847
325 576 989
827 769 554
832 72 630
130 123 5
112 967 978
15 311 508
91 100 753
520 157 910
617 455 447
571 122 420
769 447 995
109 273 763
662 456 186
644 585 660
648 49 626
625 415 937
484 857 388
236 377 544
498 993 350
296 915 471
716 36 917
710 144 541
825 158 349
10 801 285
22 800 685
647 776 452
935 259 308
322 847 36
217 344 381
566 639 295
37 706 682
305 416 178
198 592 335
898 953 135
534 974 286
219 973 61
22 907 319
329 581 517
365 149 860
97 715 851
391 103 556
425 759 323
602 308 914
936 205 867
422 91 192
707 309 164
119 682 423
789 10 355
306 726 503
517 822 569
719 565 671
627 989 782
949 942 89
215 877 646
433 650 736
624 708 396
788 826 77
210 966 438
916 271 516
418 788 689
987 506 605
9 132 945
142 433 886
231 647 114
228 79 763
315 702 822
62 841 999
490 402 965
279 317 587
794 87 374
835 73 232
439 433 715
384 575 147
269 157 145
383 736 223
497 50 277
671 463 469
21 952 871
985 230 539
572 376 625
297 210 49
880 648 482
595 31 408
93 652 564
238 386 651
812 882 52
440 904 514
909 925 817
131 909 46
669 832 773
294 481 982
342 712 982
175 306 364
582 751 15
497 340 400
499 151 634
550 943 537
63 851 461
879 333 722
277 1 905
401 646 737
383 340 449
716 514 106
79 448 208
446 296 547
845 795 50
830 344 992
367 759 194
179 637 526
900 265 526
157 666 172
245 400 863
693 115 376
151 545 175
358 990 471
905 187 617
954 16 960
297 734 70
490 913 59
15 164 323
892 672 340
415 917 739
277 961 205
5 463 102
179 821 443
1 77 981
617 382 997
929 678 82
350 519 346
408 533 510
83 424 533
422 191 449
513 467 762
69 471 224
170 2 396
965 2 472
945 971 205
293 251 234
375 952 752
720 360 636
581 442 412
114 215 602
914 79 68
675 148 891
899 669 892
646 633 245
470 930 567
674 222 169
260 948 121
11 20 832
999 600 625
410 65 839
11 979 918
430 5 417
320 255 437
563 901 422
160 370 351
78 395 924
247 654 872
719 17 243
902 15 194
526 424 259
716 786 589
985 215 593
401 887 200
838 801 100
259 960 821
961 38 215
884 636 869
107 706 885
701 607 251
895 132 674
153 847 811
93 832 377
37 584 263
236 773 64
687 383 375
507 343 764
722 579 751
942 37 456
178 738 62
428 632 545
453 136 744
615 228 927
991 616 862
254 852 635
669 538 17
395 397 712
159 470 290
261 411 326
717 940 415
130 719 46
27 523 533
770 137 112
48 127 728
909 732 931
543 752 468
912 147 216
623 657 685
264 917 447
941 985 386
356 115 456
753 493 978
286 614 114
397 661 241
476 921 324
406 816 76
226 727 222
441 701 230
478 964 146
924 904 131
662 611 597
117 364 441
95 1 54
560 749 66
152 225 986
476 982 153
551 207 879
124 1000 931
353 477 246
498 752 502
980 413 112
928 530 827
368 976 827
421 535 576
838 687 152
824 162 133
976 64 692
207 187 691
489 539 519
735 36 270
236 368 683
699 295 564
526 663 539
704 435 425
279 273 463
782 448 976
