893 70
128 765 677
808 221 90
226 215 906
41 52 563
899 34 382
971 400 240
253 595 114
789 349 209
149 519 459
280 145 704
727 625 468
755 432 688
845 10 254
750 402 305
664 300 339
397 271 738
636 875 332
102 15 33
310 164 551
120 443 47
823 522 23
291 276 807
330 120 816
584 221 217
888 884 517
578 281 139
668 268 13
351 369 27
383 30 190
285 150 985
684 324 506
706 966 781
512 296 253
679 879 473
248 118 357
116 48 989
254 715 256
618 417 977
644 800 358
186 436 507
522 119 183
27 177 148
159 40 443
411 719 673
884 318 143
592 433 190
580 38 256
187 655 672
163 650 823
521 187 611
379 708 729
561 734 257
61 245 297
503 655 367
528 890 684
670 481 116
211 60 505
466 599 159
489 761 808
664 633 995
274 364 54
354 276 788
611 336 32
259 191 38
625 718 928
308 387 408
775 597 820
279 414 418
789 254 530
948 917 515
