266 50
588 365 778
836 719 142
163 679 625
663 797 3
421 479 139
835 559 383
808 24 29
996 885 6
8 210 823
716 251 88
118 191 805
247 378 523
388 540 201
13 554 997
367 975 828
506 809 386
240 968 761
268 963 645
625 322 206
447 390 809
887 507 999
43 753 376
565 140 268
118 504 821
114 223 147
941 80 955
678 319 275
438 938 589
434 563 911
992 361 300
800 599 806
150 641 910
525 558 401
144 675 905
317 788 479
463 81 910
770 110 580
44 900 517
984 685 431
894 676 144
545 827 742
702 976 735
611 501 292
12 996 966
268 312 105
98 127 537
7 896 647
586 291 546
454 274 582
885 520 258
