444 50
126 275 480
518 152 987
467 382 841
700 102 389
680 414 640
585 42 991
26 106 907
750 138 530
235 122 820
1 93 615
500 570 241
331 87 392
317 905 774
509 957 875
897 988 640
536 572 33
878 597 139
136 698 628
17 932 749
836 284 193
803 136 763
43 466 849
435 135 106
208 643 62
434 892 49
425 779 972
809 657 569
947 792 618
926 809 550
26 996 185
219 798 320
981 841 138
181 275 272
638 834 266
699 619 157
99 395 936
71 203 592
991 502 383
608 427 543
509 805 539
694 23 336
365 355 528
854 887 802
125 525 987
391 223 957
899 674 351
834 96 554
425 86 55
160 45 833
702 906 637
