826 68
784 571 449
631 805 766
863 182 250
983 388 75
560 29 310
167 408 287
908 264 557
81 110 647
128 797 66
41 150 244
554 286 166
354 268 970
471 482 151
720 465 890
795 24 270
456 543 678
742 802 941
651 882 402
297 361 199
715 402 700
958 307 337
123 12 605
444 482 438
595 553 902
836 347 278
106 154 172
783 896 973
75 898 207
477 194 567
27 908 320
726 217 978
63 339 989
19 783 470
808 729 23
62 564 721
339 21 875
862 803 122
834 230 19
392 706 564
959 732 472
630 809 688
608 223 379
596 593 513
418 401 593
440 462 156
512 152 529
386 13 331
859 198 912
229 590 617
793 900 700
616 881 861
303 488 83
33 436 28
545 853 780
137 644 241
645 155 744
173 893 108
855 103 305
767 332 246
735 124 497
787 739 730
647 393 217
81 778 4
460 322 856
239 811 851
479 807 6
574 331 250
681 537 352
