28 228
84 121 118
412 855 80
264 146 443
259 463 710
571 568 159
697 104 165
944 750 102
234 647 556
859 581 440
378 838 819
794 273 939
263 684 146
342 947 643
137 558 106
846 480 673
357 528 776
521 471 878
975 56 876
530 914 456
969 644 645
139 789 270
429 403 305
574 96 604
569 232 161
674 430 640
698 786 167
825 658 989
54 632 396
930 161 309
737 481 304
382 619 444
651 400 846
307 325 942
910 893 173
422 918 602
61 615 739
579 440 397
919 493 380
314 774 541
975 511 373
278 892 344
722 894 743
919 552 67
860 462 960
385 883 229
338 296 844
77 226 635
825 145 479
204 810 253
744 784 763
117 414 6
812 487 251
554 405 154
620 617 615
931 353 850
160 690 145
355 118 722
989 942 866
467 146 28
71 241 811
185 709 224
542 520 710
144 73 467
298 45 435
264 327 787
113 838 476
609 192 946
331 532 887
548 351 32
575 421 625
386 958 333
961 499 853
23 995 277
841 292 673
275 555 1000
61 20 837
888 628 381
833 310 912
72 858 614
455 784 387
79 521 344
412 482 194
616 856 188
244 696 831
917 322 738
268 382 109
456 621 736
836 806 398
100 877 607
713 331 390
99 762 911
794 525 744
988 492 599
527 735 646
710 3 967
447 270 700
555 726 320
642 913 477
391 12 353
997 77 36
387 175 797
649 969 673
392 308 164
342 834 898
339 895 253
305 341 522
4 247 599
675 241 512
152 631 875
856 980 951
243 718 478
391 366 446
63 109 105
226 802 290
476 140 185
80 796 877
953 799 476
552 825 716
415 328 698
289 184 677
592 778 394
69 169 111
866 583 571
970 161 724
611 988 863
795 67 10
672 19 808
499 922 985
214 336 312
263 977 847
940 568 625
685 636 145
148 853 727
70 822 887
794 432 226
8 579 292
18 602 311
177 100 232
161 665 920
825 927 896
671 866 815
647 903 450
791 50 654
870 471 475
108 264 258
334 272 188
625 289 789
287 465 240
871 978 904
790 802 831
37 824 48
851 471 950
300 613 351
305 834 822
131 942 437
388 627 708
928 603 348
716 890 813
956 112 790
211 901 943
41 937 766
89 787 236
390 438 201
93 742 34
266 872 327
702 611 953
410 538 908
757 606 797
921 913 260
62 123 512
356 516 448
122 956 586
709 697 375
909 789 468
295 54 691
973 108 653
278 517 191
185 625 148
333 898 412
592 311 886
103 667 401
902 788 356
487 496 53
213 757 193
680 403 599
722 375 706
374 652 574
916 836 198
63 168 447
826 111 758
712 213 424
112 114 563
820 952 410
224 516 166
416 547 920
366 268 647
71 642 298
644 557 486
194 972 5
640 797 468
749 508 680
172 972 146
734 143 449
144 366 317
661 133 863
933 499 131
579 921 124
228 565 32
65 110 355
422 749 152
889 498 11
920 21 334
417 107 476
866 602 193
534 614 678
396 546 528
878 476 448
1 704 364
33 120 473
387 541 574
890 429 71
253 349 443
586 117 549
414 334 150
958 867 764
635 263 661
162 140 137
962 493 192
