650 136
276 235 905
641 668 904
506 956 657
639 141 375
86 2 966
61 214 759
862 342 485
618 921 203
385 469 481
854 344 130
834 619 365
91 259 384
994 116 340
650 106 832
376 544 185
694 956 398
452 817 91
936 787 12
491 171 832
323 377 528
453 210 146
169 300 757
552 645 224
243 294 682
74 22 225
259 715 532
8 518 349
99 806 487
110 296 657
293 618 33
820 422 595
318 590 246
426 494 891
649 88 184
682 162 557
258 772 271
790 779 789
490 877 594
976 338 889
632 631 858
17 802 280
611 119 221
856 544 66
746 545 154
282 226 667
838 484 790
461 625 920
249 114 797
842 89 486
82 720 468
291 736 270
570 698 740
143 554 636
208 651 532
713 284 109
731 122 592
520 582 216
440 182 681
588 375 769
425 808 841
893 98 928
514 668 626
253 162 531
240 369 181
771 434 817
880 516 938
823 36 871
391 827 404
71 766 778
840 190 585
680 434 682
607 947 701
584 200 862
114 791 583
647 562 16
463 441 531
752 615 918
622 5 96
377 76 213
154 267 403
738 946 836
771 904 135
472 488 686
333 953 476
267 599 37
634 61 829
517 164 444
434 137 800
882 513 227
94 666 493
848 755 790
36 526 46
522 997 533
207 681 837
682 300 436
71 933 848
251 449 12
46 235 148
846 468 661
72 913 678
917 761 433
706 148 958
751 669 306
635 875 338
472 908 637
259 330 570
106 581 370
117 626 956
617 823 423
277 895 336
954 811 448
738 868 595
695 971 615
352 605 841
690 76 100
678 334 430
599 792 10
321 260 987
276 876 810
699 504 56
34 810 866
481 547 85
427 594 55
393 945 660
585 986 87
684 16 773
113 614 916
474 286 175
461 562 51
270 260 554
677 645 715
542 125 262
978 903 855
33 647 151
44 231 489
482 914 504
