338 80
35 935 390
158 784 176
248 513 174
993 81 606
770 85 66
443 292 304
605 143 135
411 500 708
93 749 741
630 452 78
284 487 12
673 996 795
200 596 659
725 588 740
331 709 824
396 503 115
699 108 257
833 870 756
893 963 856
633 592 308
710 875 794
73 900 789
220 451 384
878 176 323
617 506 383
792 253 886
907 951 993
515 136 862
623 28 824
830 660 415
137 721 642
282 145 893
423 364 343
158 594 870
833 562 727
215 354 979
100 612 282
444 126 417
306 100 796
481 930 807
248 418 879
889 52 23
133 474 739
475 983 332
345 167 245
71 382 598
402 833 209
683 277 687
451 934 138
246 414 419
404 661 837
282 901 240
656 385 65
394 860 47
77 556 214
322 978 947
271 379 779
832 413 407
518 863 340
7 460 106
426 215 118
614 848 371
853 504 755
917 249 966
963 326 521
528 999 851
474 269 581
605 100 994
11 969 208
703 976 20
808 401 586
277 14 434
647 866 937
754 782 185
719 96 862
592 976 860
442 449 129
374 405 228
719 768 549
279 470 524
