995 99
335 526 563
115 849 996
531 909 668
681 18 737
675 23 246
983 669 46
878 108 503
409 848 227
129 663 164
751 37 510
649 724 35
211 190 235
559 720 144
578 400 161
666 426 183
911 760 851
957 638 310
811 46 510
37 526 172
552 276 561
62 277 636
448 839 825
683 397 544
826 974 296
338 640 721
520 550 833
722 858 470
31 20 867
540 57 393
64 608 20
976 669 648
611 117 487
435 151 883
330 976 209
625 313 200
346 184 749
178 905 959
999 935 978
217 827 386
609 890 994
981 865 14
628 827 482
466 261 632
349 590 959
909 215 271
108 912 806
208 441 710
166 439 997
496 655 175
881 616 64
226 948 280
592 927 106
425 393 718
57 93 659
15 1 225
638 460 136
443 667 928
505 185 366
853 32 373
27 264 340
442 842 287
721 433 565
178 857 957
247 265 401
905 632 401
482 269 212
969 63 879
897 919 415
614 771 446
986 149 61
325 590 902
963 662 334
528 839 543
836 437 807
237 694 438
989 175 58
201 143 473
431 39 743
845 653 866
642 990 14
702 667 956
604 981 617
289 860 808
183 696 244
990 932 289
779 920 463
189 472 958
13 902 996
755 98 1000
620 91 342
986 793 360
941 748 340
909 388 200
716 571 895
312 912 178
600 42 97
415 582 921
372 594 822
719 701 920
