325 53
311 798 263
852 371 505
632 793 757
332 587 694
449 136 459
782 637 417
649 752 403
911 765 917
402 901 878
894 92 202
770 402 351
385 253 73
889 237 217
997 568 804
42 16 291
853 798 279
269 446 31
23 708 795
939 109 47
816 355 138
370 124 891
720 508 496
793 748 732
9 96 299
164 138 315
454 990 464
733 610 261
115 984 968
261 923 428
307 90 782
796 459 258
686 179 117
533 323 865
264 683 960
563 847 449
229 652 790
692 736 751
952 850 735
271 462 9
50 120 98
184 915 557
793 953 87
909 485 761
125 101 443
437 15 641
237 243 293
27 286 28
129 589 230
863 211 691
223 260 811
321 795 77
229 587 381
667 496 218
