614 148
830 236 567
725 638 926
76 749 147
157 878 524
863 232 488
510 125 89
491 652 500
438 647 273
733 424 930
320 56 543
861 237 131
428 313 768
705 388 868
851 897 97
374 111 329
213 621 805
302 111 457
153 900 455
777 984 230
707 655 637
601 515 874
731 294 538
851 998 278
70 201 174
519 926 284
199 491 904
3 144 366
811 296 617
617 425 952
846 131 606
483 83 473
708 166 766
245 16 116
522 437 668
695 955 945
331 153 435
234 156 578
952 318 226
568 935 650
520 780 132
125 614 214
949 321 379
715 918 746
182 791 183
201 838 489
145 168 642
932 401 149
861 352 466
86 272 400
87 791 532
218 267 145
784 216 818
162 282 87
260 815 877
794 367 714
282 511 881
275 794 634
423 655 985
241 92 608
992 179 750
523 748 17
20 883 584
189 397 217
275 656 383
151 449 749
865 82 611
97 357 405
730 131 411
67 371 502
674 363 32
424 237 132
792 608 14
727 796 410
295 70 417
677 573 865
425 789 947
35 885 655
439 967 785
201 33 156
55 58 870
438 833 458
569 976 66
935 702 213
344 996 635
113 672 559
977 448 347
275 483 583
929 273 549
66 474 581
573 528 991
442 317 823
251 886 799
668 820 852
233 515 848
867 979 871
425 956 319
123 582 153
705 863 425
254 928 250
186 500 129
176 293 446
351 543 331
149 563 502
1000 795 368
199 661 347
422 437 654
92 559 587
244 615 449
20 868 376
270 406 227
398 933 519
843 283 414
525 431 976
378 783 770
98 981 430
444 754 218
449 845 128
35 440 742
836 460 962
211 729 367
438 478 299
308 321 934
721 197 716
696 575 498
817 672 831
246 467 584
815 267 781
942 653 220
684 488 679
645 51 407
363 840 885
13 147 557
946 220 753
662 915 679
511 732 702
341 329 520
277 496 786
57 437 791
276 472 278
307 116 328
713 830 167
949 843 666
857 140 885
962 801 151
992 312 234
694 4 915
565 280 410
703 336 846
