597 47
633 244 780
103 568 761
412 122 277
643 623 300
417 174 573
743 149 789
875 456 901
474 73 870
32 547 492
556 795 440
311 779 684
442 882 251
202 293 372
831 935 346
130 703 520
703 445 20
843 320 827
744 145 899
613 177 798
456 84 592
248 746 723
283 188 604
533 389 248
257 571 534
602 701 236
473 755 681
844 597 352
22 692 848
273 656 24
70 464 459
13 711 205
735 993 744
690 877 484
937 485 55
470 439 755
706 263 509
738 459 457
441 480 149
288 752 156
664 173 619
474 186 681
678 272 25
421 962 254
257 898 738
311 368 176
65 425 439
925 514 897
