493 74
670 770 270
785 450 334
967 968 635
809 633 491
300 869 452
101 20 444
764 605 489
767 519 53
399 928 755
734 126 247
49 795 369
318 931 170
4 897 137
638 57 122
128 357 342
932 809 713
727 572 318
215 690 836
619 88 116
726 174 241
324 574 35
692 892 965
213 247 214
702 884 270
175 363 978
516 294 786
229 20 357
898 586 399
85 557 486
200 282 11
440 605 585
826 649 828
143 213 74
356 914 957
977 88 319
955 956 965
740 536 336
449 433 274
847 517 830
684 717 463
47 508 67
631 334 67
810 476 280
883 183 545
191 159 633
861 113 588
177 205 475
513 653 907
786 851 775
967 534 491
429 932 351
847 562 684
914 723 511
545 605 45
89 147 203
73 360 668
12 536 224
486 48 876
392 185 78
167 151 611
9 931 543
711 778 456
746 43 179
256 587 135
652 27 634
855 100 993
874 111 528
97 597 928
324 340 112
401 858 615
363 867 545
257 929 322
713 675 364
243 282 302
