366 134
625 133 669
657 591 522
814 969 53
374 835 50
17 307 9
679 772 439
816 681 493
671 34 452
140 160 553
251 47 271
623 23 403
643 679 345
516 492 665
569 866 851
618 234 509
978 264 280
416 79 961
909 101 346
712 593 505
264 843 551
534 817 573
288 460 251
984 327 94
648 895 311
498 864 544
6 841 159
638 609 589
950 517 690
295 580 282
799 195 124
701 81 941
273 368 752
875 704 78
968 703 325
631 553 188
526 910 381
685 547 989
273 496 857
314 142 436
595 940 982
71 640 62
363 264 782
114 490 485
543 458 187
867 88 739
407 965 649
139 649 547
127 274 395
335 587 536
122 182 828
103 604 819
165 966 435
946 431 924
782 325 381
968 544 820
59 950 785
59 440 785
605 918 58
351 252 645
887 725 178
66 179 781
884 343 98
318 640 528
242 773 204
974 741 747
146 151 696
282 209 487
418 165 404
476 868 7
120 106 731
649 171 910
429 406 604
878 724 596
405 317 368
608 642 460
707 787 962
754 420 170
241 838 687
644 313 554
651 784 659
733 432 181
642 212 586
598 89 661
545 845 977
912 804 619
724 510 757
685 264 529
207 504 366
245 499 30
150 501 165
160 234 948
340 227 159
925 824 599
586 368 443
914 632 598
532 355 460
641 391 723
169 597 578
886 841 76
915 990 577
79 149 162
26 488 388
536 765 564
134 702 931
928 615 914
877 499 620
336 491 11
410 659 959
339 544 800
415 810 141
343 240 290
856 617 129
243 152 245
806 637 946
89 916 913
2 144 763
974 480 253
984 241 263
942 580 158
93 346 967
234 40 206
875 895 822
355 137 325
952 295 313
249 383 580
161 736 723
275 709 554
527 44 795
789 338 726
946 430 71
264 15 110
469 241 4
642 948 492
318 899 786
