267 162
649 601 854
359 92 228
235 796 919
980 456 57
371 68 271
217 57 83
562 363 305
45 886 878
258 301 921
274 212 187
647 213 139
501 571 230
80 157 377
998 136 832
54 859 900
676 427 956
111 989 670
767 33 908
997 643 208
917 268 419
103 914 631
593 766 553
175 845 710
551 195 197
383 600 407
282 276 834
589 738 822
610 504 206
517 500 848
724 768 115
495 870 381
477 815 146
382 989 343
91 539 537
639 921 136
46 554 763
231 494 852
52 104 708
257 972 207
457 48 975
571 894 196
951 370 10
449 103 350
791 545 889
327 184 161
814 581 67
929 811 560
780 214 15
839 470 339
46 926 386
372 849 279
919 151 1000
281 599 455
630 741 999
870 67 182
31 233 114
97 513 924
8 644 137
23 483 959
713 880 236
98 251 436
728 521 587
79 801 537
533 783 278
532 652 696
65 34 280
179 482 792
454 490 788
943 864 270
901 576 149
136 25 751
924 104 623
862 182 776
398 67 558
27 950 561
75 366 595
706 896 76
850 350 917
637 292 780
258 544 355
406 31 731
508 954 834
130 815 368
905 565 786
814 943 87
375 17 452
969 723 348
396 924 49
313 560 692
444 169 235
799 926 617
881 433 571
715 914 385
434 171 301
219 984 244
657 358 260
108 678 334
807 426 609
207 90 520
898 533 688
484 683 613
101 564 45
23 630 311
407 63 481
60 633 464
303 289 174
914 748 203
600 555 628
208 113 717
728 11 250
415 846 932
28 946 847
424 968 476
734 727 890
214 786 522
30 440 162
555 353 910
757 952 464
737 512 576
805 239 938
406 5 784
690 384 81
536 808 401
12 893 479
901 459 616
775 840 55
936 394 759
845 150 711
660 238 222
588 43 812
877 448 816
660 137 552
93 25 359
845 36 603
323 288 61
938 62 900
344 350 293
102 194 795
164 206 32
385 793 426
548 669 874
716 681 362
267 125 386
977 969 773
579 291 413
640 580 826
891 923 175
184 376 721
330 540 926
713 276 718
139 824 738
364 539 418
77 157 542
463 133 862
587 711 152
999 702 83
825 593 357
351 128 733
71 457 272
996 521 547
65 659 370
803 374 260
