517 57
637 326 623
703 195 400
137 174 2
259 950 144
105 286 30
415 511 783
766 326 537
966 34 573
122 211 605
848 7 474
254 995 799
877 697 345
276 833 518
629 443 467
773 899 104
154 313 967
288 430 292
177 395 325
749 869 887
705 716 893
178 970 887
328 198 935
672 473 119
542 102 561
360 226 459
816 731 123
782 370 552
425 546 299
749 646 167
635 703 234
880 232 555
118 560 752
53 583 577
171 476 30
84 836 255
894 3 337
17 784 58
920 560 956
570 308 601
736 294 655
322 525 887
876 643 446
628 695 380
204 217 856
233 300 691
839 194 45
527 562 828
584 833 387
539 403 46
492 490 691
146 811 216
32 39 210
829 666 904
209 221 472
416 805 772
458 995 317
502 521 230
