342 184
332 277 704
20 856 274
96 962 571
726 802 430
89 572 81
116 32 507
365 229 860
517 245 913
568 618 85
719 147 778
10 830 54
65 849 262
339 296 223
909 373 376
338 813 947
770 280 330
628 644 559
487 160 155
751 79 773
188 798 271
317 159 100
371 224 300
632 562 947
206 470 319
582 159 483
880 928 762
210 907 406
120 745 917
274 848 996
46 35 145
668 351 303
767 73 878
418 56 439
716 262 260
34 195 418
868 74 697
630 283 955
35 754 700
303 28 547
298 425 933
794 93 283
449 211 708
326 629 763
117 344 376
376 730 570
146 597 996
194 578 630
149 964 384
848 267 411
394 916 835
678 710 279
312 510 490
19 835 470
134 951 165
861 679 894
431 176 843
778 369 420
407 869 384
790 716 2
552 461 917
387 138 978
17 450 487
506 820 322
975 953 624
140 814 654
385 596 829
579 373 550
351 131 418
86 921 134
87 472 946
355 210 436
333 227 885
819 732 56
492 59 9
468 550 174
121 934 769
302 865 493
851 215 623
268 652 895
753 738 367
51 92 928
486 424 154
722 595 238
777 86 296
785 553 197
310 26 482
78 327 346
922 529 912
545 148 563
439 901 300
157 303 744
85 788 519
590 509 113
179 637 551
826 774 455
22 83 480
504 161 158
849 434 686
113 978 186
675 769 438
327 277 740
70 713 527
588 655 387
53 833 23
603 659 796
57 680 231
889 535 391
398 384 176
436 848 506
621 522 274
58 848 902
797 269 967
675 209 621
413 261 453
787 215 463
935 271 143
165 511 677
907 909 412
82 344 611
587 964 133
212 21 332
466 169 601
432 195 809
52 607 421
856 745 635
671 679 905
813 195 768
841 101 676
605 535 19
215 121 334
699 685 706
31 150 226
983 581 420
143 984 378
563 191 122
197 861 153
453 25 347
220 218 800
247 174 334
617 740 806
950 439 490
7 821 639
232 155 571
3 297 906
380 859 449
854 55 309
6 507 686
704 79 903
503 325 428
836 942 167
642 243 957
131 250 777
122 481 931
692 836 579
950 215 437
398 68 843
706 425 702
743 129 780
997 631 104
424 819 397
591 812 640
547 294 889
676 415 721
958 459 556
537 408 123
973 805 542
816 862 967
517 957 447
648 953 77
103 377 247
500 967 58
139 865 352
379 540 118
451 850 576
359 386 335
481 710 139
374 877 353
340 393 309
786 392 613
215 495 989
813 994 307
871 484 172
574 214 63
691 664 912
