180 43
726 556 14
330 692 742
99 378 481
266 433 649
586 628 847
117 278 814
42 889 386
773 35 918
598 249 538
557 404 717
416 482 273
430 163 316
523 261 693
355 526 125
3 463 104
202 579 381
367 620 622
104 744 656
21 342 905
558 250 660
627 665 493
899 446 655
566 968 267
259 323 792
735 677 606
839 230 184
571 596 155
544 51 251
200 72 944
456 981 193
467 959 209
960 857 655
614 775 622
881 385 296
24 119 325
630 309 554
165 880 502
672 775 552
274 326 975
217 781 308
761 600 266
969 559 475
623 524 249
