542 171
272 46 206
726 314 870
660 917 808
466 802 574
960 116 172
225 506 192
205 404 466
379 200 508
483 773 643
861 666 536
71 937 933
277 662 246
498 673 514
305 490 316
878 449 783
401 25 288
945 229 692
762 608 243
621 442 16
263 302 681
150 372 969
435 1000 630
680 498 654
546 154 144
213 384 592
995 784 969
635 80 197
678 841 804
920 462 597
287 76 898
967 578 270
287 12 621
268 43 118
922 588 272
65 800 7
8 147 790
976 133 222
525 810 62
680 81 875
277 368 951
174 686 528
795 973 891
416 240 933
533 161 521
156 577 672
162 937 170
304 264 302
525 788 111
938 468 192
813 744 911
115 917 596
994 64 568
884 479 808
816 363 320
688 519 249
712 32 185
881 335 448
535 211 236
645 149 703
188 313 446
98 427 714
46 420 777
613 655 607
772 470 970
92 510 840
340 221 871
524 453 558
323 987 120
558 984 620
612 171 932
409 621 710
475 666 481
251 630 135
210 402 957
179 845 818
18 184 38
240 59 842
149 733 829
269 291 812
240 254 334
172 15 306
233 489 323
714 91 953
200 300 354
508 478 550
325 847 733
714 439 143
556 939 875
384 207 517
547 799 123
232 322 137
538 554 625
860 619 715
812 171 367
517 678 196
66 355 43
150 68 833
644 975 771
871 710 330
739 256 128
861 488 449
997 25 354
973 236 973
40 400 143
406 268 172
601 686 526
995 187 946
827 831 920
950 701 630
279 791 885
758 652 724
558 1000 100
911 973 336
883 12 735
377 417 2
549 369 39
74 364 226
19 542 408
939 491 460
920 121 250
804 230 901
880 787 901
979 698 873
314 932 236
400 309 4
754 857 372
792 282 87
369 653 629
776 943 471
235 862 944
485 17 173
385 896 312
637 875 9
861 540 292
96 940 600
451 45 808
823 836 442
909 205 94
889 332 36
712 567 897
655 51 913
179 435 161
842 424 387
850 284 926
494 732 217
93 182 261
253 356 449
694 265 5
787 505 336
822 568 902
70 574 304
334 753 91
494 594 514
232 796 797
158 289 528
726 733 62
339 337 417
139 30 33
143 816 890
830 989 457
84 410 31
387 744 135
477 589 80
990 821 875
139 330 515
18 55 600
79 745 936
848 883 966
880 377 133
769 207 474
226 290 883
