254 216
469 169 204
755 696 664
668 746 285
927 651 961
571 718 854
47 979 184
301 185 216
947 687 259
529 175 740
794 30 346
172 851 866
728 957 561
743 624 658
380 550 661
340 472 378
546 518 708
729 170 892
296 468 930
906 996 105
997 789 486
694 313 336
560 40 292
472 782 267
482 161 816
494 853 639
223 750 508
930 830 677
173 125 144
102 382 139
558 378 280
44 424 592
731 983 983
375 806 116
641 639 629
809 132 481
447 706 582
955 987 411
631 159 887
127 613 620
617 522 997
248 565 420
191 648 754
173 22 912
289 662 902
917 470 34
749 917 91
330 223 78
92 205 588
330 331 200
949 300 74
297 547 990
69 738 637
174 262 658
85 550 672
987 818 141
372 918 409
814 599 631
891 690 188
479 19 518
30 319 169
103 616 716
93 684 805
81 857 66
91 294 968
762 632 785
254 355 55
663 168 653
645 411 343
832 889 713
702 270 32
870 725 647
937 169 682
741 249 890
159 339 183
126 100 166
262 706 520
316 720 40
969 364 450
663 548 690
727 601 959
758 822 683
756 111 203
789 203 452
679 361 142
861 486 594
379 100 299
898 415 18
937 735 733
738 749 632
427 476 232
386 585 406
420 693 516
975 481 718
426 159 431
919 372 916
512 750 367
162 999 782
531 936 868
264 673 617
247 452 444
479 837 380
236 608 72
751 582 553
820 359 63
250 630 434
518 493 183
884 655 182
17 185 469
885 800 493
853 47 944
648 877 132
27 464 92
99 214 25
3 385 736
65 635 365
499 152 857
33 35 863
566 52 400
386 288 199
879 492 597
174 139 825
658 165 288
749 615 853
125 617 238
860 34 872
576 884 23
433 268 409
647 834 812
46 571 451
245 801 942
193 975 80
18 984 597
657 84 563
510 208 532
747 420 565
970 995 448
992 779 715
752 426 900
916 471 471
366 715 271
308 260 597
739 277 580
687 285 663
250 794 223
781 540 642
345 861 636
144 852 415
210 956 840
110 871 310
932 588 377
554 895 636
151 986 264
82 672 548
97 921 694
319 701 585
960 397 446
595 892 649
361 102 604
200 563 826
862 494 414
590 399 660
225 549 645
840 983 317
739 79 589
432 397 642
17 708 38
814 654 282
462 15 383
418 566 297
243 779 142
8 368 540
20 944 441
16 783 423
684 522 501
273 305 249
914 673 956
303 486 609
584 948 975
318 365 541
966 959 671
107 319 39
999 338 982
439 353 765
861 37 638
713 661 294
313 574 967
620 228 452
580 164 399
555 833 115
447 799 74
117 257 392
155 255 81
489 693 785
605 905 173
594 969 833
887 281 758
853 900 338
305 480 501
55 386 685
170 832 483
595 300 740
338 807 346
770 295 39
554 251 295
79 844 264
263 730 544
21 935 796
710 591 627
562 645 12
246 166 195
81 112 494
172 449 652
517 218 298
907 124 548
202 202 391
465 464 473
