804636226
808851672
806627537
806193614
805083434
800123118
777056352
802550892
797834513
780857942
796305395
796148817
794091117
744267404
749905192
727245263
742615442
747487683
742405234
749175128
749397361
748496062
731414678
746888422
735940232
711244368
743681396
749055636
746907068
733020931
743173014
744426712
744168055
719538559
741914748
705554444
742301131
743618523
716952473
754971404
756492883
756789803
756585879
743510205
749165714
749112949
738730709
743783577
741154380
745051525
743448500
744623647
741827504
740359896
711200912
728785256
741666640
740746711
748971367
705500099
705207862
705750456
698523562
704816944
671336608
705520758
715014863
713266583
711706470
712054768
710971383
713104504
712414257
715327943
709823815
711922841
685840853
676944366
692291951
663812235
714981299
711314139
711619351
714766902
719050729
728212616
725743618
712247721
726476899
726269505
715979137
727365965
727698558
726048173
719884720
716480676
723523838
704928695
723886430
724982547
722915075
725742215
758833327
758947905
756225300
757407813
752309705
744185044
738102308
756605915
728945477
755904825
759404294
760405242
758621761
758129053
744525505
758589756
747424139
755883036
756172566
757032652
756064881
759509687
758774382
757895658
699800498
758948227
761516299
757842544
753963397
752737548
756550643
755796351
755044699
733004662
753659533
748089823
745908861
753992564
755464588
753874697
724009520
750908343
739911104
749593023
753919630
755884159
752235821
755290896
755068051
756286190
750257118
756898798
