7919 7136 10
19 32 55 72 75 82 97 98 99 100 
52481 52481 52481 52481 52481 52481 52481 52481 52481 52481 
580 400
6129 1863
6691 2236
2364 1496
3978 3388
2750 243
664 241
1030 551
2924 1465
6230 1909
5402 3241
4182 320
1916 145
2337 1961
276 3
82 9
5004 3799
6815 3690
3882 3194
2108 44
2132 1711
5984 4537
3760 988
1329 1159
4684 1241
1875 1227
6844 5611
2388 1206
6525 4025
4262 2920
2812 1071
3612 2046
2440 1441
5388 3285
2304 1975
4638 3540
1692 1199
3884 1656
1456 1211
1585 862
4354 1203
3301 1603
3551 505
3170 375
5974 1902
656 230
3870 1811
2539 128
1062 941
748 7
4534 1471
4922 2463
699 220
6569 5206
6082 4105
6245 2412
2754 339
230 169
5034 277
900 286
4987 1750
3590 1065
2758 1073
4752 4113
3853 1392
2236 456
3876 141
2722 1041
3137 720
5140 3835
196 26
444 115
6826 464
3835 693
6532 2935
5856 609
3436 1565
5982 5226
510 161
1208 94
1176 481
1402 885
69 9
1652 17
1544 459
6818 2006
2960 635
3085 1993
3218 2783
4844 2755
6477 3275
4570 1709
6612 5629
3235 1487
5245 3140
1670 651
162 116
2398 789
4374 2785
3786 986
3554 3029
2844 1407
6836 1421
672 409
3754 1919
5780 4923
2716 1017
2668 888
5216 4479
3884 3154
520 358
4900 734
5426 3365
260 82
4520 1564
4620 1852
5444 1780
6834 4526
2442 1284
5769 3265
5426 3869
3048 158
1398 979
2372 1892
2411 793
5406 2341
5988 284
1238 887
772 394
708 1
1936 925
6280 4797
5976 755
585 23
6236 5221
2548 1415
4898 2953
5980 2465
4508 2564
6342 1294
2710 1987
2548 1801
6796 2465
976 498
6448 4208
2448 1143
6760 2607
6268 195
6988 609
2826 802
844 730
4843 3807
5508 414
4878 2254
4340 3506
3128 1091
3276 667
3755 2056
6763 161
800 137
1975 581
1846 1052
475 4
3180 915
528 39
1220 331
2004 418
6700 335
5512 1856
5402 2062
2530 53
6908 4302
3631 951
320 218
3780 1387
6756 1257
3911 2283
4136 2499
4472 2107
3540 3165
5092 2310
1929 876
1080 705
3702 1744
4248 370
3093 539
1001 766
5410 1961
1936 1553
3576 2165
1546 674
1140 789
4556 3984
6894 3805
1560 1214
3180 908
6714 2807
3143 1924
988 497
4365 1265
1098 521
5633 3561
5668 108
6674 4131
6823 5954
6786 5522
5866 429
4324 1523
1456 111
3772 3163
1589 201
447 196
6126 695
6799 333
506 153
4752 1898
1356 988
2270 2041
4108 848
850 679
4594 1818
1973 516
7064 820
3212 1565
6362 2774
3385 1141
1892 1414
220 96
6836 5449
2900 1776
4360 3730
2666 1805
4462 144
827 391
1258 339
3380 577
3205 853
496 155
950 592
3608 2160
4956 1885
1634 1186
2995 179
887 709
6920 4958
437 393
7005 281
386 341
6900 2885
3950 3509
2278 1871
740 243
4082 2943
5340 4773
3728 489
4787 360
3030 1917
5940 4015
944 119
1121 379
1684 1345
903 30
48 35
4420 3443
6612 5481
1980 291
6439 1431
3720 831
5400 1267
1254 785
404 53
5130 4181
281 83
6599 1706
5905 2748
3812 1085
1548 442
1804 918
596 209
2164 760
79 23
3480 1057
1353 1118
6656 4871
1524 548
4236 2921
1333 440
156 42
3910 1391
462 117
2761 700
1800 671
2266 445
926 225
6329 3757
2456 1601
3724 1925
4188 3063
869 145
1427 763
900 429
188 72
7067 2921
1907 976
5080 3471
1781 1249
3955 2527
2604 1931
412 176
5236 2001
762 460
2127 1211
5200 1866
1914 1561
5658 517
3427 1175
6246 273
1156 326
4188 3506
1296 839
5853 3788
4451 2164
3456 993
2455 1983
1238 115
5298 3657
64 27
396 37
1676 1072
856 463
3086 1800
386 44
5604 1729
1156 612
6820 5121
5838 3331
7078 1702
2307 791
3812 795
7111 4870
1188 253
3356 2349
6038 2718
3850 777
2393 1924
661 40
4927 2991
974 697
1215 834
6116 257
6736 3668
2833 2003
1733 712
3534 3083
2608 1518
6351 2467
3147 1025
2837 2056
4886 1066
3414 703
4496 2108
1436 1261
1631 1018
2694 1401
708 358
1236 402
268 28
5228 4082
5212 1741
5689 4401
885 355
5542 361
3058 1086
2856 1766
624 27
5088 1
1028 396
1196 91
2040 1543
2298 1033
5107 3592
116 53
3589 1316
6296 2565
168 90
4530 2293
146 100
3460 2222
3924 3372
2792 537
6887 338
1118 247
1966 1002
3961 1741
4585 1456
6508 2937
1373 807
4110 971
2448 1804
4136 805
4350 1431
1084 161
6388 4280
5088 1614
2792 1985
321 113
4144 1855
6462 2561
3604 1186
6730 173
440 391
2942 2191
5562 4769
45 23
1960 1254
4081 2657
2910 1940
4876 1012
6465 3117
4109 3528
3812 1401
1076 861
48 9
5143 3021
3300 2833
4186 2589
6446 4237
3812 1877
2545 1423
5850 2769
7000 2457
651 511
6470 683
3679 3179
3821 1159
4675 2002
5354 4727
5628 2851
2798 1928
4010 3585
5984 601
1399 623
5586 242
500 65
1000 593
6492 1879
324 65
2237 1300
1996 886
524 7
2588 273
5490 1171
1959 1133
4157 3123
2522 1332
5312 1187
4759 3969
2716 177
4603 2593
4211 2496
5408 3092
5752 3909
4811 1174
2484 1621
1528 355
6976 5287
2159 86
4914 4384
2268 770
5828 3156
1092 779
1470 989
1006 379
2732 561
4860 645
5747 4192
5420 3028
1056 620
3940 685
916 415
5618 1599
3268 163
52 5
1518 358
5692 1483
3032 905
4626 2996
4291 1354
1352 923
1265 771
4668 1944
4878 961
3898 2569
5056 3271
3756 1475
2256 736
4318 1219
3106 18
6166 1710
3996 1917
970 77
4346 1811
2876 973
5817 535
2818 83
916 353
5803 1853
6214 3496
4078 2565
5536 2417
1444 955
4811 600
3789 2767
132 19
352 177
1236 375
2036 769
4309 1085
6026 825
3496 2637
468 318
4367 401
4886 2576
7084 400
2792 1595
3741 145
6180 3375
6404 5295
500 423
2908 1783
604 253
3779 2118
460 252
4890 2231
3504 514
3899 2572
5740 254
6852 3917
6116 679
3790 885
4902 3785
6767 1849
3576 2125
4188 27
2455 2190
4639 487
5156 973
5847 1753
5973 2460
6166 4465
3429 3083
394 27
994 724
1260 162
5998 3480
1512 415
3972 1381
3491 3025
5937 763
3760 888
947 207
2140 1197
4927 556
5812 3879
138 40
460 378
257 153
4190 1221
994 279
1064 483
4353 1724
480 104
56 45
4101 1035
1923 455
3712 2159
4003 281
3723 935
3296 2963
3568 264
3908 477
769 409
5354 666
6292 1699
2172 1583
6879 2721
2015 1180
6832 429
4469 679
1184 1028
1771 266
6890 439
28 19
3210 1096
6880 4719
1728 1331
4012 3492
1164 1042
4283 3504
4684 2811
4812 365
2984 2236
6118 3940
4911 2673
2268 79
2316 773
1708 978
6940 1331
3372 714
774 233
5901 1051
5759 1081
4463 2245
4608 595
6401 1069
4360 1732
5365 3270
2172 1269
2876 194
582 411
4876 201
2864 1463
914 553
3622 1165
948 468
4690 3413
4924 3073
5192 2713
6290 2001
6540 3846
6432 3093
5558 1563
3200 2302
1932 1533
3668 1434
2784 1177
565 37
1503 235
2199 747
92 25
3956 2368
5144 1499
35 23
1584 196
1436 134
932 102
496 25
510 14
3420 2778
3912 1017
6191 157
65 13
144 108
6208 1055
3102 418
42 19
6625 1225
5901 2323
3752 324
3436 2145
3870 3007
3337 799
4715 2078
1212 1
4532 1659
5578 285
1180 548
376 223
6528 832
5680 541
1711 1206
3594 1418
7057 2578
2990 1191
3502 222
4522 3319
1480 538
6064 3385
5476 1492
2034 805
958 81
461 205
6374 3977
4150 3614
176 119
6548 5036
748 264
3828 2304
4500 1563
2390 1566
1277 224
647 154
3414 2712
1496 784
3382 1083
6683 3177
5216 123
1283 971
4100 2077
1448 313
3488 216
2080 844
3214 1913
6848 2102
6972 5487
6076 2053
2148 1146
1092 317
3604 502
960 773
3765 2887
1600 1344
3170 1356
986 387
2228 1764
5062 1818
3470 477
4619 1518
1098 33
3620 191
5198 978
1820 692
5186 33
4852 2303
4370 413
4144 1390
5204 4375
2544 1916
4413 1432
3854 3217
6338 5015
5792 945
4059 423
62 41
3772 531
56 11
4734 4232
5564 4690
6644 4853
5364 1060
3384 2632
3148 793
3596 1555
5856 4183
2868 1017
5140 2397
3973 2051
3464 2229
3868 1844
3396 1033
4519 2403
5652 4410
6350 3217
2064 1765
4224 3197
3615 2286
3260 1639
2204 465
1220 578
1140 517
6698 5405
1344 855
5140 3512
5810 3565
2707 2353
608 419
6360 1423
6972 3709
2660 989
6600 1784
6166 5060
3746 3066
7092 2815
2972 1968
5971 3008
2588 2247
4008 993
5278 2991
5276 739
2656 1851
2932 719
300 179
796 407
113 4
356 135
736 96
2557 625
2778 301
2212 893
5788 2088
291 15
4584 2297
650 65
6874 1991
3792 1458
688 11
1661 307
1784 853
2954 929
3235 1875
4164 2402
1398 1059
4793 2252
5725 3786
3380 2636
5441 1525
6964 3253
3359 6
3306 826
5957 3636
5279 4004
3812 2136
1988 1656
5333 1380
4354 2186
4626 3980
6834 5631
5685 3424
351 19
3803 1771
3563 3035
3414 1006
7091 5442
5228 1015
6002 470
3620 3134
6628 5147
4492 707
1772 1187
4728 2934
5496 1933
6456 1115
4933 1512
3828 1240
5370 4393
4724 724
1520 710
3862 3426
5332 413
1272 957
106 13
1560 552
1078 681
5228 438
1036 124
607 132
1028 762
3154 169
1235 401
7038 19
1547 229
3672 2030
6076 728
1464 1090
385 219
5076 1496
6784 1552
1422 1277
804 466
6292 856
5872 2166
952 399
6684 1829
5236 4166
1036 627
2668 1292
5238 916
3449 579
6345 2416
2164 574
6396 2627
1324 963
5864 2230
6320 3117
382 107
3344 2298
4612 2431
910 169
1110 661
7020 5414
2822 1181
476 305
4778 3249
3502 2921
3324 2646
4340 2766
6981 1366
727 507
333 14
1098 785
6446 4776
6883 1749
3452 1604
1146 695
4084 1865
2645 1587
1910 985
3339 351
1700 1325
6540 5224
1865 1357
6754 1520
2987 913
5940 3829
6829 351
6996 2281
951 832
2238 319
3216 1137
4460 1385
6492 383
2111 517
2156 1051
6900 693
2068 207
6162 1756
6754 2425
525 411
4632 3663
3446 2930
4500 2555
1537 1264
2082 890
3179 2335
1588 1422
4509 783
7000 4690
4024 1332
2344 227
4276 2789
2799 1470
1594 641
1336 869
200 83
1401 496
6209 3048
2986 221
1773 1031
3968 2828
1252 615
5749 1119
1512 92
1808 303
2216 142
4070 1989
5644 1654
1509 958
2419 1394
6265 635
5637 3175
2858 49
1630 315
3964 2958
2335 1526
4258 1027
2484 200
3296 275
2394 901
2620 1674
3080 1635
6720 579
6780 4360
256 147
764 76
2912 2270
4958 1883
2346 1344
2986 2403
5408 1104
6921 5613
3408 1285
2033 1260
6921 5971
4072 993
7116 1269
6227 3613
6732 300
3896 7
3733 2833
2239 1012
4486 2867
2204 539
7106 3481
6046 588
1510 1121
3194 976
4386 3449
7020 4812
4660 631
3340 2091
4096 772
1508 874
1308 249
4387 1367
464 132
7048 1418
4309 1884
4240 889
2510 2149
1388 954
6390 2300
6492 5561
1920 318
1140 746
3240 1791
2829 1988
5024 2376
5462 4143
258 20
342 186
160 56
2246 1852
6268 5048
6557 5715
4906 593
5982 1177
5144 4255
3171 1486
3068 1958
5067 1464
2568 1833
2617 346
524 292
3684 416
2157 6
4028 2037
3576 1425
6794 4069
2186 1705
1604 1105
2629 2297
3576 2217
3066 875
6537 4474
922 475
6012 1390
5956 68
716 135
5060 3949
3200 917
76 25
912 603
4368 1493
2412 826
2370 190
3982 1834
1624 665
6624 2065
4552 2261
2207 1569
479 355
2134 1651
1577 850
1682 56
6194 743
3573 1191
1199 110
2544 1790
1500 457
5661 1792
7080 4678
7076 3231
3527 1929
2698 303
4150 1520
2638 2237
2236 826
1672 1366
2812 905
2767 997
3916 838
315 37
6162 3460
4479 65
1544 988
1445 625
451 349
4916 1495
5395 4221
2816 1415
5116 4157
3907 1405
1854 49
2808 9
4078 3112
992 519
1972 390
6111 2962
3604 1825
6692 4253
5420 4610
5512 2762
6777 3177
3286 2334
76 65
5790 1541
2907 1527
1217 992
629 439
4896 1945
1843 1318
2712 1041
416 255
5830 4154
1676 1283
4416 743
6124 5308
2312 138
6952 4887
6089 5325
3884 396
4486 2778
5130 4284
540 364
2870 1441
146 52
638 229
2932 2194
153 130
3816 5
3732 2677
3852 203
3050 2475
1796 365
3467 244
7083 5471
4209 1313
7060 1162
1364 874
2060 57
5634 1009
1998 1425
5472 1717
4668 3609
5144 1416
6215 4811
3708 1535
6096 399
3005 1433
174 45
5823 4381
2399 1246
121 16
6761 3721
4241 1573
540 215
2820 1003
1877 1255
3188 1916
1476 1163
1492 365
5417 1936
588 440
170 83
4733 990
4796 1913
3058 1181
3282 1560
7121 322
817 305
2909 1079
3324 2547
1940 1211
2981 736
1188 219
6900 4731
362 183
2568 918
3443 1307
3352 2244
2681 2369
1792 49
4588 3849
3547 592
373 311
124 34
1108 386
1327 89
4360 319
1059 500
6036 841
4524 1210
5199 2972
1804 36
3476 1609
164 2
6713 5888
5791 3135
5947 2837
2228 1816
3842 2424
3324 2828
4304 286
5728 1074
3027 1029
1824 175
3659 630
3836 1856
3517 1390
254 217
1644 479
6869 5955
5088 637
2172 1807
6277 499
4833 2540
4782 1410
6417 746
3772 3259
5580 3246
2812 2431
5680 4612
4052 3408
4180 276
1007 187
6908 4395
534 466
3140 679
694 580
2984 2002
6160 765
2307 307
5954 2252
3652 2007
581 241
2729 2262
1385 981
2604 2110
5008 2215
3220 959
1806 1405
4314 3084
381 73
366 183
2677 2242
6228 1246
1110 43
3234 1681
2856 1151
4466 714
5543 4725
2050 1476
2996 77
2296 1273
1515 1049
3912 401
108 75
5298 4322
2424 476
6180 2400
3248 2858
2674 1083
3479 2687
5964 2074
6596 350
2196 789
5416 1787
3126 1405
749 35
3244 1923
6284 3326
5718 1221
5522 259
5802 1384
2390 761
1322 1012
2188 320
1210 83
3256 1180
5620 3436
4836 68
7055 1370
960 487
3150 755
3505 1783
2159 155
5174 2017
2086 514
6348 1924
6041 2897
3604 2482
5516 2829
3832 3377
4647 2931
1869 687
1202 503
816 213
4516 3463
2944 1543
4526 68
3610 797
4224 529
2160 153
6510 1667
3602 2294
6817 4886
3632 2669
4620 2967
6864 2464
6148 3500
5620 246
5900 3473
6964 669
6504 5176
3644 2047
3212 1461
6250 821
5684 1937
2550 1473
4932 3221
7101 1051
3221 1885
4444 2171
5474 2509
805 697
5657 3516
2654 1861
1756 1421
2126 1404
5368 3264
6016 1400
1760 696
3230 2233
6894 241
6615 213
2902 1793
6810 2285
4180 2087
3140 2415
1150 937
4668 1760
2022 1083
20 8
4352 1253
3007 1483
6192 2177
1000 274
2280 1685
7006 4202
1939 805
5222 2479
6292 1408
4144 3052
552 77
3772 1502
2780 1642
2922 1472
4128 1326
6566 3968
2340 555
672 509
3260 601
4700 2034
505 393
3912 1780
4506 3785
2682 2381
141 60
929 15
3212 888
2740 1407
6264 1954
5042 392
1634 316
4588 2021
6729 5165
552 159
3444 1015
1292 309
3303 2367
2900 959
6204 5076
2272 541
4546 3618
452 148
5326 3157
5764 4168
3922 2622
3644 2596
1671 256
2295 1162
4801 2242
3772 1083
4411 865
2572 1767
6174 2179
4928 3934
3968 2547
1592 1006
712 375
591 200
3409 2526
433 333
4497 2520
554 445
5053 1072
1036 249
2986 2279
1467 194
6910 4197
5637 3298
4259 1058
6999 2103
6524 2422
6836 3419
5272 4725
5546 225
1308 18
3948 2803
3455 1779
2868 1433
3612 109
5108 4002
427 117
6840 2856
749 1
4093 30
5368 1926
5396 2966
1324 77
6967 4965
6908 3682
6888 796
4416 2913
4972 240
822 443
4775 3145
5086 2738
1116 450
4720 3095
6194 4453
244 33
2786 1061
440 386
6452 1521
5154 2617
5888 2548
5487 4701
2526 1898
644 577
5522 1094
6845 46
2343 279
2306 595
6474 859
7127 4095
512 189
656 192
5378 4740
3900 1923
2638 1481
4278 3833
267 161
588 39
5130 1681
1878 891
5252 3561
2626 2076
3304 971
5002 1208
6280 2666
6753 5583
4811 4101
4318 151
1483 1210
1952 185
3798 872
1782 765
4115 954
3359 2890
1276 974
1260 503
3600 2002
356 185
4902 3397
5734 2457
3044 308
851 686
5913 2283
4188 1830
4468 1464
5568 2302
2148 954
2114 1103
2988 2372
2047 73
401 25
3834 591
3766 749
342 160
2391 1297
6260 5051
3912 2241
1733 1369
6469 5188
271 35
5228 4502
5132 435
6912 5657
1380 930
2892 507
2036 1783
814 302
4880 742
1264 193
5878 4025
4984 1876
488 177
960 451
5138 4588
6860 5604
3516 426
5084 1183
1936 176
2924 2596
4180 2753
713 448
734 155
6192 897
4764 1659
2760 441
263 79
3945 3385
6189 4597
4668 3093
3578 1961
4918 1011
6141 2483
6172 1849
3428 681
3953 1921
944 772
2526 1561
5300 2767
3807 2983
625 246
1972 787
198 11
6392 4507
1882 1603
5168 3604
3611 1417
4464 856
6486 2198
5324 3395
6296 175
924 66
296 96
6360 4211
5230 685
6600 4418
1907 1453
3212 1795
4472 3849
3436 2521
7066 2602
4448 1311
6508 4925
2372 565
2629 365
6916 3041
4724 1823
5792 3537
6334 4741
3264 1555
3065 1711
6892 2965
5626 2930
27 23
6304 1618
3720 647
5722 3102
5288 2874
772 285
1144 421
2536 2025
5819 5231
2895 2533
2528 1786
6761 4860
3552 2774
332 27
4566 309
2780 1878
1015 321
2116 831
5474 793
5730 4089
1952 105
4370 3462
4124 2698
4380 471
877 468
2582 2023
6688 2567
3007 283
968 651
5986 1928
3980 2023
1161 799
1919 1257
2467 1660
3858 497
3251 1072
6130 1033
2044 209
2124 445
6179 4618
4987 4487
1384 416
2584 980
4962 3411
4918 1818
640 126
20 17
2498 177
3845 2078
4859 1829
4655 3194
5704 4051
5059 1066
1840 286
4690 2281
6878 5021
1980 1704
3016 1029
1656 437
1164 857
4136 929
4208 120
4800 831
6760 2333
748 42
3627 1273
20 5
3318 339
5263 8
164 130
4444 3203
2718 205
2852 1989
4860 241
2631 922
5540 132
1516 1184
3704 2512
3068 2696
2911 1763
3886 1827
7016 3619
3812 1212
5250 3223
1019 745
3156 2261
5662 4692
804 637
664 197
2386 1723
4856 288
2420 1614
2416 1075
3695 2691
2766 975
1786 1481
5700 1718
783 441
5157 2899
5044 3561
3346 1611
4120 3631
5568 341
412 1
1804 832
2727 85
6484 2028
5008 2265
1276 847
2838 494
1556 571
6572 4949
1908 892
993 887
28 16
7020 692
3135 218
3240 2716
2483 895
3768 2045
2634 511
5806 107
3498 393
5242 2483
4430 2982
4864 399
6151 4195
3954 2123
3731 1655
6405 2425
5848 2465
7055 404
1442 680
2535 1788
189 13
624 457
4647 1513
730 391
1728 639
3663 785
5725 2001
1210 45
2332 391
1328 622
3548 2679
2756 560
6856 2453
2154 198
5130 1389
3462 1518
3296 549
4206 161
5048 147
1718 489
1322 592
1154 895
1676 1053
6539 3356
6337 2848
3177 247
4012 2587
6677 3694
1004 232
420 305
73 40
5476 1237
3584 1780
746 669
5060 203
6660 625
5330 4294
3506 1470
4866 2581
2179 1710
5236 2698
3416 1766
6334 1711
2015 1108
237 196
720 319
3242 625
2433 343
5988 2322
2862 2331
3074 1131
3418 1197
937 628
2140 1411
2878 471
986 520
1842 389
2014 22
6825 23
752 99
4940 845
1193 784
937 544
6735 4181
5337 2923
6354 3427
5212 325
2185 1714
3156 2415
105 1
630 360
3352 1275
4040 1251
5188 379
6628 2386
6996 5255
5993 3309
1198 661
3530 1143
4000 1366
3160 2338
2422 301
6173 1722
6880 1717
5116 1941
1428 435
3450 1440
3624 2968
3474 1855
452 281
2127 35
1853 720
3176 888
1280 809
79 62
1007 673
3781 2787
1176 1033
2722 1969
5280 103
1984 151
6248 2431
1868 372
5092 3675
6964 2090
3700 4
2250 1489
5822 1230
1666 582
4719 2362
5072 2969
4212 1741
3961 2241
6602 5602
330 5
3807 2525
2952 2548
3404 525
2850 429
283 239
2285 741
4411 3385
3044 2233
4416 3111
1950 435
1966 1465
2011 1249
2236 839
2294 1258
1268 565
3329 1624
921 525
4455 3560
2380 1896
6188 2907
5580 1838
5004 4297
345 259
4320 362
4540 231
5679 4521
4997 1819
2980 2506
240 158
3385 863
5121 1053
6201 2338
5708 1071
6556 65
5580 4852
4868 1021
608 409
5526 3546
3710 2919
6636 4313
676 582
5080 4262
5228 3085
3732 2393
3004 317
1543 277
256 63
4460 1528
531 253
209 182
3383 63
4197 3081
1708 534
3100 415
6809 1817
4115 3446
2628 1237
4612 439
677 545
4117 1939
1364 874
5878 445
3808 2973
3524 2836
1303 761
2223 731
6786 5179
1986 1359
5046 2459
2904 1144
5567 502
5113 2831
5524 1926
6562 3988
2876 1353
1791 630
4076 1501
2959 2073
3730 1437
2848 370
4084 635
5988 36
5396 3065
3235 172
592 220
5937 3539
3014 1585
312 271
600 102
979 110
2988 1358
6964 4558
1994 458
3732 3031
4788 642
3748 2198
136 79
4808 2372
3822 390
3958 2245
3368 2760
5470 4785
5681 2767
5634 3211
1252 193
3730 3017
440 32
6454 4845
6119 4760
6327 1164
1404 1075
6110 2032
2218 957
747 463
2354 530
6780 5687
2268 1306
4957 3591
2052 1386
481 233
320 89
2853 1222
2957 656
216 17
5204 4504
1431 343
5100 105
3070 2084
2741 2011
1098 156
5991 1503
3265 2705
3170 1805
4088 1358
1419 802
4650 1383
4626 2137
4690 681
1140 976
4062 1871
2711 2307
2480 1128
342 296
2337 45
2659 1933
3411 2126
5588 2622
2492 1101
1772 1469
1671 731
3329 1219
7036 3144
3732 1512
1832 851
1572 280
2647 1224
2748 1808
5984 2036
608 470
1177 784
7034 5227
4780 1197
6460 3611
6986 5542
6114 4655
3972 3495
1263 409
4603 2043
4714 2584
268 210
5956 1053
3442 614
2892 287
6411 5237
5914 553
824 200
4520 2122
7092 3586
1900 210
6484 3786
7048 2179
5140 2181
823 465
2778 1589
2540 856
525 287
5540 58
6980 2537
885 289
5608 2164
3348 770
2510 2061
3302 627
5046 2751
4988 1708
4679 3795
369 227
4038 2336
4092 3312
5908 2315
6609 2189
2750 317
2116 1633
3716 449
3977 2643
3084 2440
5016 3977
6594 688
2666 1704
5550 2537
5536 595
5592 4552
5420 3045
5396 601
4484 3099
6544 1938
2402 241
915 790
5826 4171
4059 368
6426 4211
4601 169
6914 805
1566 121
260 2
6516 1422
6696 2009
5205 1477
900 731
6824 4846
1658 897
156 26
1128 188
3835 890
2346 1966
3051 361
4672 734
1182 523
3093 2366
763 113
2563 2277
2999 471
2976 2324
6232 1692
544 54
4436 2600
6396 2493
6076 2957
2236 429
6736 5581
692 621
5638 2297
1672 1429
6161 1310
534 394
6206 5127
470 161
6134 2771
1354 290
6310 1847
3856 787
6316 2647
3008 260
1804 982
1866 1221
592 303
551 424
4472 1033
5383 1433
3651 1036
6796 3962
2439 1772
4368 3415
2388 853
566 6
314 9
5332 3725
584 21
5837 1158
4084 1860
5732 4477
6972 427
4938 123
3792 1353
2006 1072
1963 353
5585 3110
48 30
3408 445
3940 1617
1889 986
2740 1971
2929 51
2698 1097
3543 453
7062 1025
1616 247
1467 165
3347 1029
4576 835
4796 794
6854 2633
6732 3095
6754 649
1343 513
6078 741
1388 732
3480 384
1982 50
3364 2538
4356 1079
1508 659
1172 1
6764 2905
3003 179
6817 4165
1648 1436
280 1
4838 3056
4072 749
1294 505
3570 557
6546 1979
6008 780
4150 383
3361 421
3982 305
6859 4876
562 256
181 137
4356 839
4932 99
1290 306
3340 1582
118 13
3902 933
3882 2088
20 10
441 111
300 42
5089 133
326 87
3268 2466
5626 573
2490 731
646 97
4206 1312
39 8
4915 1246
132 1
3396 87
4500 3896
6934 2788
5204 2618
5664 3356
4798 3840
884 40
212 165
5648 238
5229 1909
6425 4471
1284 750
3961 2229
2464 649
1140 650
6698 369
1760 689
4556 3704
6704 2657
5580 4268
6348 1954
6116 2474
5340 2826
3924 2087
202 69
774 291
3884 925
2269 271
1936 1184
4158 1427
930 743
2260 1304
3708 2376
1248 10
1615 179
3580 685
666 359
6235 4490
2910 343
1784 460
5439 4798
2692 1447
2364 548
4505 587
2332 1668
5271 2121
6852 2655
6536 3454
6276 4149
6242 4613
6205 106
398 211
3776 2761
2888 282
52 46
1702 1113
4625 899
2940 1167
5232 4157
4464 167
3234 1816
5100 3931
948 657
3800 2342
4745 3161
3772 2767
5412 4471
2116 355
2690 498
6120 4183
6116 577
6220 3321
7052 3693
4632 2619
6050 2719
6628 2192
6342 4480
3390 2265
4076 1961
2280 1494
274 25
5477 3799
566 245
532 387
852 665
4021 1363
6136 915
7044 4381
5792 1645
635 158
4652 1149
3172 1035
856 136
5772 365
4214 3097
7090 5917
846 436
3084 640
1320 290
3036 2657
592 273
4780 3367
5196 2223
3727 205
4284 3560
2292 67
3188 1242
1690 1101
4688 3137
6740 1336
1236 287
5450 1335
2016 1481
5786 712
2780 1749
231 97
3149 2161
502 320
2144 994
1508 207
4572 3971
4892 3667
6906 2641
3044 562
4255 463
480 338
1628 253
6082 3058
1450 1009
1172 437
4392 1774
4957 1297
7088 283
5444 1477
5684 1610
5661 4165
1490 101
2569 1769
6383 1255
3549 2948
247 85
5827 1971
6826 5360
3876 3260
3916 177
174 137
6810 4101
5034 261
3338 2087
1476 1050
606 474
6703 5644
5710 518
5708 276
6964 4342
4269 1273
404 199
1284 736
572 243
5112 3253
6328 5008
4956 475
5962 2846
3358 10
7010 6228
4820 2976
6228 1712
5918 4015
7020 1698
4893 372
2638 1419
6346 2190
6782 5911
5164 4372
4768 1038
4404 1695
1927 1154
870 622
251 61
2335 671
5983 1233
1515 1278
4784 2789
5932 1643
6964 5382
20 14
4430 2123
3156 2121
3808 746
2300 1562
3589 1247
111 96
1945 1686
390 317
4796 341
3061 481
6700 1491
6172 1403
2785 287
1011 337
2472 2206
5440 837
602 282
916 401
2048 188
4942 191
4994 1941
1236 705
117 49
6254 2225
3380 883
2804 2293
1627 633
2420 2151
2694 157
2135 1212
5417 1315
2746 787
1048 580
5676 1415
3909 2898
4192 883
5214 4057
3652 1379
20 13
2436 973
7114 2618
1014 903
5066 3581
4670 2953
5123 1240
2676 2315
5172 4070
5486 4139
2148 1690
2436 436
4261 2113
1284 156
398 253
2288 2044
6956 5586
4506 1103
4143 335
6604 1195
4109 2059
2764 2337
108 88
6352 4493
4486 1065
2890 1938
3548 1265
1602 726
1744 527
6026 2640
6730 1747
3413 1126
3948 982
6110 2209
4428 525
4908 1830
3408 1191
1407 1181
3165 2359
6492 235
5956 4636
5132 3233
6041 1936
2147 1315
3004 1593
489 94
6261 4363
4158 1711
276 177
3245 396
764 217
2084 67
2696 1579
3170 170
6212 3891
701 379
1860 1578
2582 950
245 141
2223 1841
6636 5013
5511 4491
1640 78
2334 1484
939 610
1072 67
4924 1050
5034 1972
404 246
3337 885
2352 261
3540 784
5021 487
3197 799
7124 836
962 801
2891 1912
6659 873
4222 3640
4251 1450
4786 3742
6883 4429
4701 2706
2792 1576
825 642
3536 1981
4745 1517
1681 1261
4641 315
1321 217
1026 667
3239 395
4431 3367
5131 1603
6078 2393
6312 2140
2414 1889
1880 1177
1434 105
4444 3506
7112 3525
5452 1247
2771 268
4560 3382
4653 2808
1844 410
5676 3325
2680 519
6298 1937
2788 2133
1132 183
3844 1330
4874 861
3238 1555
3211 546
2563 1773
3916 1673
7101 2621
1236 389
6660 4099
356 43
1848 387
4969 2913
5498 2774
2714 992
7054 1399
5886 4759
1443 147
2356 1401
4513 1203
3184 1231
4930 1975
4490 425
308 187
1888 1459
476 11
3198 2361
6600 3661
986 796
4766 470
3604 235
3777 1582
1602 584
1776 955
2324 736
384 4
1988 1157
3475 2306
4121 1513
24 15
698 315
713 75
2514 1839
1972 657
7111 1818
6051 1480
4160 2444
1281 997
913 684
1933 592
4412 1723
1508 1036
1731 490
4118 1980
6912 1339
4340 540
6586 4046
4540 3969
7013 1008
4878 271
4387 2695
4208 1350
1588 53
649 285
2208 1250
1289 490
1398 653
6886 2679
5054 3901
3188 124
4972 1017
2295 1055
4569 92
2468 1488
3408 1306
6672 1877
2342 610
5595 4655
1897 116
3484 676
3145 1117
2880 267
464 186
1996 805
2925 18
4380 196
2012 125
1755 193
2631 29
6356 4429
4941 1589
5599 665
5011 3315
3552 1829
5364 1587
1896 1
1560 45
1124 310
6991 1354
6940 3716
1532 47
2484 433
4290 2312
5804 763
4338 1211
6000 42
828 414
1244 339
1499 18
359 58
44 21
3564 744
92 14
5102 2405
4248 152
608 83
5840 4066
4332 1491
2004 1324
860 337
2220 1442
1086 291
4468 1713
2217 1141
3524 2719
4444 2791
210 101
648 580
5958 4991
5279 4716
1688 260
1164 928
348 18
6028 4360
5460 3282
7128 407
614 139
1168 468
717 19
4084 873
1458 257
5452 3865
3276 421
6180 2588
6954 1036
322 140
2062 1308
5436 1060
2694 2317
6044 2926
6703 4045
4560 877
5276 231
1956 1239
1562 982
3958 1865
1614 129
5409 2753
236 42
4344 2419
4973 2546
358 25
5162 2723
3436 1970
3834 199
3156 1233
3720 2085
2568 2020
4218 3585
2921 2320
1574 535
4862 3032
4766 1369
476 399
5991 2575
5015 3292
2433 580
782 217
1028 764
3324 1126
4892 3243
4383 2857
6354 1835
2704 100
6865 1157
151 24
524 289
4342 959
1372 615
6840 5016
1548 275
6848 3783
6459 5592
4546 3909
6955 3633
2855 729
2528 1796
7072 2322
1261 589
1449 771
6355 5207
1889 191
236 3
3532 1830
6758 5491
3648 1853
3968 1870
2246 1224
6220 3315
2179 800
2790 859
446 8
3082 2115
859 160
4987 640
1462 910
3737 2052
3972 2959
4137 2465
3562 45
5688 3362
7052 2151
4892 1217
1244 388
6592 3262
3835 3106
5725 1527
22 6
242 25
4911 4240
6853 1026
966 427
1087 253
3135 2612
1720 183
1444 884
5152 4342
4508 3007
2470 369
1094 903
68 16
7108 3068
5072 3429
56 10
5729 4997
3754 187
5230 3457
3668 1044
6946 4116
2256 1233
400 220
1606 1205
1155 198
2717 548
4708 3293
3684 3165
1036 219
6858 2126
3879 1897
3579 1259
2295 1467
1740 41
5662 2106
4660 577
3154 1093
3499 1444
1334 109
4764 1266
4831 3907
926 15
2568 62
553 237
2232 1441
2764 2286
3108 1790
2075 1298
5220 4391
1462 699
20 9
3972 3315
6763 5874
7022 1575
201 61
2674 967
3961 3160
4632 629
2988 2061
1138 65
4230 127
4452 3755
325 69
3288 1349
2140 741
1410 1089
1488 1080
4090 1521
3266 897
2742 235
5723 1211
5010 3813
1157 712
4484 398
5020 3808
4880 2072
5140 4555
671 452
3616 2943
5920 4814
4984 1396
6264 1459
6610 516
4134 3093
6751 2973
237 152
5928 2377
6180 3926
3075 2621
3002 382
2540 440
2404 777
5361 1993
5048 3732
6148 4361
6503 5399
104 80
4000 1735
4028 2796
642 405
654 449
5134 2819
4044 1810
1352 1193
114 28
5522 998
4892 721
986 735
4225 3507
2025 1293
196 79
3933 1769
6244 3480
6880 1664
5556 2570
6868 2251
3633 551
1604 376
5713 4337
5102 3664
3932 3095
56 11
4816 4091
3850 2782
3576 2209
5879 2696
6817 1037
4192 449
2676 1721
2660 1967
5922 5245
5655 2369
3992 2869
2228 491
3476 1260
7076 1919
3302 301
5612 4399
1408 1122
5972 2772
6116 5377
6344 4495
2072 1717
6904 5440
985 271
4676 2008
1948 1591
5070 4403
5994 3994
3885 1255
6782 2513
5340 4066
174 130
2484 1846
5389 4801
3302 2114
3841 901
4392 3492
5956 4842
5506 4562
6040 266
758 210
980 232
636 197
6636 1102
5270 3575
1040 849
4488 3966
4353 888
2436 1347
6937 4360
1647 1126
5014 2233
4051 3253
5080 3946
384 204
5858 3549
4434 2727
4582 834
1300 231
2400 1377
4916 1331
597 94
1664 775
279 205
4268 2646
3844 2426
4166 660
5390 4401
3406 510
5042 2062
6552 1037
2294 1357
51 43
6711 2000
1268 1109
800 371
4360 2391
1798 953
5300 4052
1134 141
7036 5349
5751 3035
5576 3645
5508 1572
4144 334
2469 901
4623 713
3612 2939
4380 1030
2340 922
3396 2413
1056 427
5768 3800
2699 61
2236 729
6392 131
3436 1519
952 548
4153 3399
4542 88
3292 2399
5957 2730
2592 620
2292 609
2120 1738
5390 2663
6708 5112
7126 3208
148 77
3772 2613
2556 531
4682 2074
2912 1655
3936 1436
4176 2945
2224 850
738 345
3066 887
4072 1095
340 241
1884 154
1658 639
6512 3761
1334 763
6476 3813
5492 2001
6190 3049
3060 131
5410 2777
1462 1272
4509 3161
4594 1808
1413 217
2840 667
7126 5545
3756 3198
148 8
184 133
1071 916
3138 2555
3898 657
3828 508
5746 1859
3331 1297
5429 4698
629 484
6468 4729
490 216
360 76
6127 4371
6092 743
930 705
6290 131
509 371
678 553
4507 3634
107 67
3932 2237
3236 1741
4996 78
2508 287
2827 241
3260 2136
1154 331
3375 1730
5370 572
6236 2732
2786 1811
842 607
4390 3351
326 3
4810 3774
4370 2950
1807 446
3437 736
5431 3257
2547 583
3156 2129
3808 731
5941 3901
3632 2625
278 126
272 141
4100 1261
1958 573
4324 2372
6410 2275
4854 978
1796 1415
3898 2205
6845 6156
2162 1673
2948 2096
2445 1331
4692 2091
6628 4841
4434 1111
629 517
2381 1
3422 2302
2610 2045
148 49
5776 4955
2780 1254
1147 717
781 227
1077 103
1072 384
1830 103
3304 1345
1642 99
4952 431
6380 457
6032 2487
5628 1237
6072 2819
2258 267
5924 154
5210 1875
3758 1227
1028 893
6418 1633
44 19
4852 3801
5862 381
3936 2603
1214 154
398 241
5747 1606
588 246
5816 4663
1222 150
6822 1738
1036 659
6018 2429
1194 29
6475 4239
5960 4305
158 86
2140 1576
1052 89
2734 18
6984 4663
3876 188
7033 5942
4444 1211
3002 1213
5008 411
5451 2911
2900 373
2652 807
1772 17
6394 1259
2413 19
5480 2614
158 111
6950 3875
1406 906
515 272
6892 4094
1300 498
6930 5889
3568 2304
1950 217
6642 603
2862 35
2674 1801
5441 2701
4668 4028
3842 1665
1143 965
5518 1533
6228 3718
2660 160
5032 1133
2852 1002
3944 2136
4972 3064
1325 411
6601 1127
5450 1223
2890 1425
780 20
7102 1
2756 433
3632 2410
4892 3541
2606 597
2186 1711
3241 1413
4696 1933
6728 3221
1574 305
2119 1237
1064 946
2274 644
4857 394
5840 3774
6972 2300
3816 901
856 337
2320 107
3828 260
1360 444
3498 973
3325 1531
709 243
3639 1586
6276 2913
4804 2550
6691 3544
1414 585
5532 3187
1066 833
5641 4909
4294 691
6353 4217
5073 1021
5270 2906
102 8
6675 514
5718 299
1325 341
5972 2831
5676 571
6888 1997
3824 466
6836 729
4150 1381
4010 221
5193 1893
2912 1209
804 565
2908 279
3694 2673
1861 1618
542 308
6866 4140
177 28
2102 1381
2036 1761
4927 10
6988 6242
6554 5533
798 356
1960 868
2722 1618
2732 1223
2148 450
5398 925
6292 871
3064 1310
6440 2471
6560 1469
6356 3213
4678 3851
5683 577
1084 121
5560 3089
6301 4867
2207 814
5830 3639
2510 2147
6164 1108
4364 366
2268 440
4808 730
6334 1208
6000 1164
2263 577
6436 1702
3304 199
6256 2204
6516 4811
5267 1659
1076 297
4524 4015
2384 1693
4864 3727
5417 1948
5389 3789
580 228
232 88
3436 671
5628 3301
727 241
1924 826
6268 5487
6044 2665
2904 2030
71 50
632 258
3787 721
424 289
2334 1428
5845 1591
1865 1158
148 50
3990 2299
3746 1954
5433 485
7062 2018
3570 2982
1754 31
6035 1584
1222 413
2358 1801
6463 2610
1892 564
6352 2972
1544 172
5412 1553
4628 2941
5316 4709
292 31
3975 1868
5208 2316
5742 983
4740 2661
2812 501
4668 3556
6474 3853
4806 612
6438 355
6492 3898
5356 2378
900 67
1956 1221
2884 1650
764 11
6148 1934
2014 1648
3100 24
2508 1790
206 185
380 265
4588 2069
20 4
4526 3880
2314 1816
5312 96
6962 4906
4894 3198
5660 2813
2271 280
3768 1302
3428 1336
2308 631
4492 3517
6768 4602
5876 593
6446 196
2225 1573
3388 2189
6236 1702
4132 1539
2798 1934
276 115
2991 2220
5900 4497
6370 5195
888 273
7101 4638
3703 1402
6219 3739
3324 35
3068 425
6140 3535
3944 2125
5268 3317
28 3
2005 1293
5182 1858
45 33
484 405
1808 370
1238 1108
3104 1528
2624 2143
311 1
1455 1251
3941 2047
6040 5247
1238 559
3132 2086
5230 475
1939 1694
3849 2325
3772 334
810 107
104 73
1105 641
240 35
7076 5499
768 101
6485 4449
5493 874
952 518
6756 5707
6382 800
6306 1007
4486 2311
146 3
5234 1657
7089 1509
5650 1619
6152 5212
3264 2545
5564 1836
6992 5981
104 71
1299 667
6299 2826
3777 307
2648 702
710 596
6630 2435
230 190
5446 726
5689 2221
6796 4413
1280 567
1678 641
3023 779
5844 1789
6634 3567
5440 1266
1636 465
573 141
3616 3021
5380 2618
3149 600
532 143
611 478
1601 595
6588 2146
1924 1580
1721 1397
438 105
4132 1585
3740 314
2576 897
1537 859
6951 1520
5056 4060
1104 744
2809 234
4680 699
766 317
3464 179
6812 4190
7102 111
1446 54
2692 707
6020 3098
3772 11
2596 865
1308 55
3889 1573
60 22
3620 1341
3437 1423
2771 1783
251 109
3394 2395
5157 4208
1248 99
3156 636
5659 471
2628 2037
2268 367
6754 676
1078 739
5267 3019
3858 2247
4488 717
6120 1320
5232 2047
5388 2754
3279 273
2968 2235
392 118
5320 780
5618 2154
3730 2441
465 37
2800 2135
648 408
4904 4269
1959 1249
2018 267
4318 3125
7076 4029
582 477
4338 710
1700 1029
1858 1635
1120 570
2394 1603
2770 2292
4738 3223
1916 117
908 633
6040 356
4572 3027
5780 3703
1228 820
74 37
3628 863
4748 1382
7032 1221
5032 785
3422 1777
188 59
6766 906
276 9
4612 3937
4228 1496
1037 865
1605 323
528 331
5341 3601
6916 2181
6180 3896
5970 5337
860 734
2234 181
692 337
5381 4723
5972 2301
1639 543
5802 4702
4796 749
1493 294
490 407
1324 342
1812 137
4885 1569
2404 2046
1316 997
1292 345
2574 2077
6657 967
1406 151
978 811
5967 2841
6900 671
6380 5520
4368 572
2848 1759
5788 2859
5724 1832
5552 3363
3605 813
5006 1616
7004 3732
1252 227
1193 845
5016 1447
860 40
756 231
4690 1316
1545 531
4052 65
1166 196
5767 1889
4159 367
88 16
4097 3320
262 39
7031 5715
6916 2197
239 171
35 26
3770 2428
1658 294
4409 2915
5124 2693
1742 562
1491 742
5956 1306
1109 472
601 103
918 113
5378 441
2604 2161
4388 1846
3028 698
3240 144
3877 2227
983 233
6360 964
6236 5213
4580 3251
3638 3245
3072 2088
5229 1379
4805 2769
1308 177
3394 1933
6898 1284
815 305
6556 5573
3536 1873
4170 3105
876 395
6191 3062
622 166
6617 1826
2680 2304
3484 2676
158 133
3380 1530
5482 797
6246 1384
2496 381
398 81
3996 3479
1512 845
6327 1301
1516 815
2532 1361
6450 1880
1918 1255
4051 2206
6544 3058
342 255
2304 1747
4712 241
2960 2001
3621 1429
5935 2955
6832 757
4328 120
852 317
5724 3040
97 4
6226 3104
867 297
1596 5
2772 1285
609 13
5549 1703
4108 1334
2056 131
6530 4687
1433 8
1000 101
3542 690
1070 145
1844 1387
3355 1438
1756 221
6898 5143
6530 300
3826 2861
311 53
1946 1221
5000 2108
3569 3189
387 227
3508 1329
1074 709
1666 571
2234 441
6180 5076
6554 1552
4024 3004
1127 449
4056 1805
4808 722
2768 1303
4640 112
2080 1153
3436 3077
1836 557
5993 3369
1657 1103
3723 3160
2651 2239
7000 3990
3229 455
3296 2165
1864 409
4947 3829
6802 715
2305 1609
4353 1213
6467 2693
2653 1241
2538 2117
4392 2235
4220 975
2883 1205
1260 782
3888 3144
3670 757
4733 799
4484 412
4860 4331
2816 1411
6117 1885
1550 1080
2455 787
5592 2853
3156 1059
2680 1360
4228 620
5300 4677
3119 394
401 109
4012 3373
5965 1529
1021 125
2636 1381
3576 664
4708 1038
4620 1500
4463 3391
6124 2437
1476 188
5655 3274
5100 706
5660 4128
3613 2367
1560 1122
2771 589
5788 999
970 354
6544 894
5954 647
4452 441
244 162
1098 597
3468 633
4652 23
2678 1361
1844 148
5092 1766
1667 805
655 49
5672 177
4054 2464
6988 1398
700 246
752 625
4670 332
3308 9
6572 3191
6836 2377
3920 2269
2606 960
1128 311
4348 1014
1220 764
5414 1223
4442 2288
6452 2855
5956 2501
244 102
3701 1126
5192 459
4341 2409
788 590
5292 4374
844 229
5596 1957
2960 97
1921 1199
4466 2151
1068 457
6545 3947
2017 664
1964 1687
418 53
489 224
5090 1436
5051 3256
6715 1527
5260 1160
4546 3797
545 383
1994 1778
3143 2787
5628 2941
3388 50
3328 2706
3523 2003
4424 1763
364 193
6642 4552
4980 3365
1458 1079
1111 130
6782 5780
5480 4660
6909 5906
2818 721
4267 2611
4484 1875
2987 2653
2470 723
6818 5993
2768 1494
809 436
813 69
972 619
2324 715
4935 1348
4659 27
5578 3361
1940 850
1978 586
6354 4309
6800 5480
2992 2085
5794 2267
712 401
6892 2589
2928 2609
3730 73
1838 115
2995 76
6188 3710
6836 4355
6404 5433
4951 1291
1480 2
664 553
3715 429
6620 870
2300 166
6100 2653
644 269
488 332
2420 442
1415 913
6023 3206
2780 31
2300 1215
3765 2309
2979 1324
6749 3809
4871 1
6644 1329
5370 1841
5994 4420
988 487
6250 1169
2017 675
4252 2591
3900 3385
4192 1075
3420 1675
1260 883
2511 1340
3561 1249
6257 4599
5918 3059
2112 1400
2284 1300
4156 3461
4736 2330
616 208
5268 154
6753 5849
5630 1719
1539 734
552 363
5393 2025
386 96
4892 3435
6710 2680
4348 828
1847 605
2794 2413
2939 2347
684 449
3597 2458
6584 1714
5172 623
6060 906
3856 1411
6948 4019
3564 2859
4438 2509
762 141
500 346
2760 1063
1588 995
5889 2703
6134 2755
4578 2633
3750 2535
4130 3337
681 283
4654 2245
590 403
1288 110
1212 549
4106 2957
1232 217
2498 710
4498 393
5902 985
1266 487
6852 3781
380 34
2981 1851
3186 1317
1742 241
6618 439
2754 1129
6430 4201
5074 2077
1980 1232
6044 2918
2428 1044
5364 4183
304 130
4756 2769
7104 5282
2984 995
3017 841
84 11
1864 790
6182 4250
4745 3891
1283 490
1777 1045
7044 1570
741 253
1076 65
2254 409
488 46
852 88
2798 1603
1052 539
1550 829
1048 218
4497 2275
196 144
342 271
4418 527
6030 5355
2244 1696
2116 213
3992 1588
6100 3481
420 53
1980 923
3576 1646
4092 3351
6640 4492
6611 3158
1551 904
6460 3213
3226 558
2868 1200
5702 4992
4468 803
1666 385
6448 1255
2961 1801
3532 2892
4825 1130
2208 1279
6908 4076
3121 865
3583 601
5081 1396
819 100
810 593
1134 785
2888 1343
5151 1830
1780 1362
3940 3479
5866 2324
4752 1548
2263 1507
1050 569
4943 1801
692 189
737 112
6443 3521
3832 2837
3385 866
5716 2391
1308 803
4988 3595
184 81
1252 673
3180 2193
2168 1024
1238 711
6124 5393
5296 1461
3625 526
6526 5121
3113 55
2968 354
20 11
3396 1557
5474 3407
2460 2013
3526 568
4994 2729
6292 260
2121 1021
3311 2818
828 16
6824 5392
186 111
7110 4979
1718 625
225 135
1028 744
4988 4008
5708 552
729 186
1345 881
328 75
990 346
1322 276
1308 1013
6011 4718
2861 446
7008 3266
2498 258
2758 1258
4410 703
6276 3454
1506 952
3233 2226
6298 4857
1356 1051
762 651
4145 2682
2220 1383
6058 2085
590 440
7006 89
5012 513
382 71
5580 2582
3613 3097
2324 1616
3646 928
2852 2193
3652 1877
1710 379
5678 4231
1416 239
4868 228
1961 1545
6908 591
4604 2911
2901 821
6282 2624
6532 3357
6243 1355
6701 1532
2029 1432
2669 2396
4876 3589
3106 2202
4658 2535
7026 4729
303 166
2412 587
2616 1771
1732 1136
5406 2820
1127 405
160 19
944 577
964 338
1884 1308
6558 2887
3388 76
1366 669
6548 4932
1796 851
3050 2065
4516 4029
4946 2958
6096 4686
7001 4583
1574 561
2668 1402
4510 1019
6542 2575
6874 4931
3452 3103
2904 1424
20 16
5768 2588
2438 384
3933 2052
4686 1812
2099 272
2876 1172
766 561
5474 1308
1020 792
3006 2328
5643 1699
4626 171
4522 2018
3311 2046
5482 1111
1024 656
4204 2596
5431 3971
860 80
2779 367
3977 1152
4290 1197
6894 3949
4430 2001
1196 914
4380 2765
4970 1103
5150 1961
1903 713
6397 5324
6116 2475
6563 313
6154 595
4157 1513
5166 3603
4836 2877
4190 1835
5092 93
4684 3175
4638 2117
1588 962
2758 1568
908 549
3914 487
2052 1349
658 1
1663 1129
6828 405
538 339
1908 286
188 40
6276 3353
5000 3301
993 288
4154 1403
6892 5825
3291 2272
5060 1170
4032 2056
4492 99
3849 715
2316 318
1522 523
5480 1713
2814 253
4972 1197
124 40
5156 4007
6642 3749
4258 1246
4444 1119
6308 5573
3042 990
91 72
3322 472
5948 3592
5980 1715
219 132
2012 445
6324 5034
3246 958
6476 5362
3678 731
4969 2105
4378 2085
1780 469
3784 1519
5101 2939
1303 1061
5702 1736
672 337
5380 1036
4804 4143
6742 5591
3328 1496
6297 763
5041 1081
5016 223
1098 357
2139 826
3440 546
5276 4629
3454 604
6521 2281
5682 4835
492 45
3558 3141
341 102
268 211
3002 2622
2092 1251
4612 796
6992 5517
3500 134
5124 2354
2782 976
3797 2161
5856 1893
4030 693
7006 3646
1876 362
4143 875
6378 4957
3260 1410
5340 2275
2725 308
2980 397
3972 2907
4346 1800
1812 8
108 26
4794 4190
5836 2443
1245 709
6165 5123
6096 3464
225 67
2813 1847
3996 1759
4373 3181
1834 1537
1926 1118
3241 1565
1130 662
434 352
4973 1131
1596 295
1436 443
1899 186
482 87
1609 1343
6432 4018
3868 871
960 688
4204 2842
5220 385
1109 949
6545 2161
7084 2077
491 389
4140 961
286 177
5053 1130
5545 2767
1391 802
6410 5056
4856 4111
4366 1477
3732 3157
6225 133
3570 2556
5108 2228
2374 865
4619 1108
6256 5121
3513 2757
4626 3865
135 19
3796 305
6530 4873
1475 1050
1792 890
5804 5170
3363 101
4444 504
3926 184
372 195
3324 1534
4384 1946
4866 3172
2877 864
966 688
6006 185
6684 2926
5668 1045
6848 2272
4528 2486
4612 3946
6339 2118
311 49
227 157
3228 2491
1958 391
646 387
5637 952
692 139
909 786
93 51
3070 262
6386 4554
6740 3676
5918 319
5902 218
6332 819
3334 1897
6626 447
6752 4481
5684 4401
6652 3661
2994 991
2211 411
255 181
3942 1322
4570 790
5564 1375
1360 47
5921 4069
4277 722
293 219
7061 3472
1252 971
272 187
3083 1004
3723 1675
4396 1173
3597 2515
3015 2581
6592 2269
218 23
4689 3177
3292 2170
5219 4590
6624 160
606 101
6469 1857
1212 501
5732 3299
4788 2355
3238 817
6508 412
478 413
5533 2239
6116 1601
3948 578
4191 2188
376 253
3273 2693
3852 1269
34 11
368 183
6960 4269
6674 5229
5642 2103
1242 1088
1438 422
1920 221
5769 2317
736 60
5836 2964
6196 3815
6784 6101
5610 2617
1252 671
6804 5822
5012 3969
6044 1138
2110 207
3480 1838
2030 972
5746 5138
392 347
6516 2043
6962 4961
6768 5762
6388 1497
4794 2539
3322 272
4919 1944
2062 247
2660 290
641 489
808 33
2837 1243
2764 571
2411 1533
5990 4604
4592 3709
4755 2164
4524 1381
4929 737
6852 3683
4307 3349
3564 1508
252 133
6096 1883
3228 1581
299 150
2927 2273
3602 710
4486 2525
2186 148
2908 2370
2694 2057
1206 671
5916 4773
4280 3404
4052 301
6103 683
4901 2827
4216 2625
5265 1997
5404 2255
820 347
7075 2939
4143 1765
6698 3130
2156 1081
2970 1369
1397 455
4348 993
1242 398
2626 68
1820 982
6571 587
6756 1931
5571 334
1231 860
5802 3017
4500 3899
874 349
156 49
185 106
4660 916
6924 3808
2502 1282
836 601
6154 3589
1942 1345
5954 2779
776 263
3552 1157
660 411
7090 2857
5332 4361
3514 1735
6276 825
3116 1457
2599 555
4258 2247
5216 4279
550 174
3894 1670
1004 695
3582 1007
2364 219
1452 522
1398 699
196 108
1514 280
6579 5282
3143 1068
1714 409
2588 2099
20 11
5794 1639
2208 833
3408 1124
930 64
5804 1917
5248 3673
4579 3591
5898 2537
4668 393
290 153
3725 1889
1616 1339
5078 2831
2712 1953
420 145
2022 1145
469 326
1230 494
1342 603
1392 779
2995 1840
3957 2905
4060 325
4915 692
4700 1281
3136 1684
2670 545
2932 426
2680 2220
4898 677
3533 1854
2763 61
3814 166
2878 1867
2514 2043
4548 3128
5695 3981
1414 595
3143 1529
1614 7
2132 903
3810 2854
5695 246
5803 2803
6082 956
3744 3050
3364 2996
6628 2403
3846 1147
4836 3337
1811 280
886 471
6655 905
312 55
4184 2748
646 309
1432 559
5760 368
6850 760
5228 4401
6490 4129
5984 619
38 3
1044 146
916 259
6492 670
3644 190
3647 1755
3668 2725
6236 1143
375 35
816 211
5080 4278
5224 2894
1438 369
897 79
5572 743
3444 1336
1052 232
4256 2201
6572 515
3919 34
108 38
811 708
6789 2589
1388 794
1901 1036
5524 427
4248 3188
4615 3436
5076 199
2372 863
2531 367
5722 1718
5664 2796
1172 817
3863 2505
2450 825
4549 3419
3810 148
4500 1185
2194 348
5624 1279
1854 1042
6141 4422
5476 3827
4792 400
5063 522
6880 1176
1127 820
6850 5687
5536 3367
4072 1841
5196 1575
1647 381
436 93
4756 162
4398 2022
132 118
88 15
1368 136
2856 483
5037 1111
1126 281
4364 853
4212 2075
5420 2916
1924 1552
6641 4489
2057 628
3262 1034
2408 964
5433 270
1196 187
3860 1753
5285 909
1568 1198
2603 726
5848 4205
5835 763
6936 6005
5086 1483
1707 1459
4927 152
6376 518
3615 2072
3765 757
2442 876
4651 2027
2433 1449
104 44
5528 2752
1812 363
5252 1647
5868 2681
5322 2229
1989 1241
3772 2005
3754 1650
6271 4300
5921 3580
2691 2087
6404 2648
6720 1478
1294 227
2013 852
3796 3249
4875 2765
1876 1337
418 327
5597 2944
3402 1483
6510 1665
6912 1077
807 703
3660 826
256 154
2120 1638
488 358
386 282
4500 2376
6838 3671
6143 209
6720 3922
2949 1162
6673 4296
1784 1075
6647 4970
6572 1323
367 136
5140 1554
4838 1765
664 527
5637 2669
6133 4402
5423 1313
904 513
2756 1
3735 1661
6624 3564
2771 370
2839 1886
316 109
5304 2213
5564 370
3056 1312
1870 1054
3154 1825
646 21
2071 1804
6112 2412
5212 2129
6022 755
2508 1555
6430 727
3890 151
5748 3504
4967 4355
340 45
6551 3642
3132 167
1401 1198
6156 943
2176 1009
2348 953
6332 673
4690 3275
2880 2430
152 18
559 417
3787 129
5026 51
3420 440
6124 3507
116 41
3591 1803
476 189
3428 211
500 257
3783 3269
1420 98
5085 1757
120 26
5651 2575
3046 1425
2064 1744
2484 643
4778 2989
3044 1129
2620 1416
4476 2305
4992 4098
3345 1271
2862 64
2700 778
1428 794
812 124
2196 267
1641 1459
4136 3228
3506 1066
5317 1577
5286 3952
4324 743
2854 1078
5909 3955
3948 836
6862 3253
3898 3247
6131 4421
7055 337
3190 742
6022 291
3775 1683
944 602
1214 803
758 451
1356 1146
1282 99
2976 1017
5881 1177
4364 946
5630 3495
24 7
3996 3101
6436 4475
6678 5391
4712 2831
1648 935
5716 1343
6924 1371
1120 768
4752 3601
2001 523
4144 3495
6974 3997
3980 2643
5065 4305
6312 2415
2681 2233
950 442
3318 1405
1580 773
2876 654
1623 745
3149 979
5676 201
6825 4309
6920 1919
3582 925
6923 1621
2883 2198
35 14
460 351
3768 2388
2479 938
644 16
6562 457
3574 1414
4710 1305
4044 1055
6880 1342
4612 2584
2100 1201
4278 995
2554 1420
6989 3991
3562 271
3268 2281
1036 351
1042 146
380 31
3812 1471
2700 757
1161 492
4011 1549
5526 3569
7056 3861
5662 1445
4105 1955
324 77
5933 3427
6988 5630
1086 593
476 331
2808 904
4496 3103
5156 3047
668 566
4008 971
5956 3033
2404 1120
5994 3307
4661 3547
6313 5067
3308 2369
5912 3080
1290 1160
4396 301
2380 1157
3764 3163
906 116
4944 3209
5446 1321
6345 41
6614 5219
1322 411
6664 1396
3468 37
6204 1166
1299 564
4357 109
2988 2270
1076 369
2538 1489
2673 209
742 441
4500 2368
6324 2010
4052 2313
4828 53
1054 880
3184 907
1688 434
5888 2313
960 709
4331 3193
3865 2213
612 199
5580 2383
1084 746
4392 50
1716 608
3242 162
152 22
4065 2325
2232 199
2708 2435
3572 3015
4295 3200
6544 937
494 169
4857 1988
2977 697
5996 4739
1774 1155
1790 671
3163 2797
872 285
4089 1399
1324 943
4484 3610
3408 1824
1456 31
6236 3691
5293 1361
3680 2883
2577 795
3324 1978
2847 1753
6830 375
3244 1047
3154 473
2964 1801
5998 503
516 352
1188 950
5341 4177
4011 3584
3226 2133
2468 1304
2158 75
5822 3690
6689 6011
982 638
3415 2424
62 1
2759 2464
2885 941
5044 2867
4356 2611
6865 2771
4682 802
1688 1293
480 362
6998 5129
6024 1036
6592 4826
6908 437
6064 3379
6029 1261
5588 1716
4767 3185
2524 1487
3532 2610
843 650
874 656
122 55
694 605
4340 1757
5026 1814
1245 225
4132 3357
6292 5512
1988 1176
2256 677
5780 2098
4992 508
1287 727
1700 1273
562 495
1951 622
825 647
6816 4599
4918 3937
5648 1519
3654 2613
4357 615
1921 423
649 21
5320 3375
584 201
5044 2465
388 289
2542 52
3948 52
4446 240
5935 5207
2951 1481
2984 2453
2564 683
1924 1529
1042 670
3726 1989
6084 701
1322 658
3809 2793
2202 1893
1254 1045
3328 2656
7061 2709
1884 749
407 283
2623 1609
534 350
510 291
1644 760
1544 412
5480 4471
4245 2846
4924 4089
400 212
6060 1597
2237 1870
1956 1181
6845 1604
1476 551
2700 170
2004 1575
241 100
656 11
1308 484
6370 2499
5276 3475
2496 517
3241 917
60 21
5150 705
5448 3445
2068 814
5828 4896
3690 336
881 313
4766 4243
4384 622
5723 1261
4883 2681
5153 1314
2830 1903
4290 3225
5536 3177
5676 1609
3080 1195
3179 26
948 287
4816 4060
1764 53
646 301
2198 767
5052 1019
2038 211
6078 5426
6976 1205
1700 1316
1929 529
4266 2138
102 28
6586 32
3359 676
7110 597
3228 421
5618 2195
3000 2583
6687 1909
698 520
4081 457
2020 329
6458 2919
1408 643
2926 2266
1879 738
4108 2826
5448 2932
4094 2962
1888 1477
1910 853
2596 57
7059 3777
4738 2657
998 219
1688 200
5086 3689
506 415
5362 137
4956 4421
4964 3709
5380 907
1600 845
1042 460
5089 766
5484 3901
1912 873
636 417
5756 2061
5158 4419
5002 177
535 1
1906 781
6222 4324
234 91
1201 157
1011 350
2974 373
55 37
3400 828
4674 1633
5935 1254
3673 1106
4726 2666
4108 1721
852 560
3260 412
1206 49
2620 1885
6044 172
2116 1187
2716 1082
583 105
2515 20
2025 1459
5488 1481
4048 2584
2970 80
3420 282
5277 871
4260 1413
5620 1816
2778 1205
6099 1469
860 213
2143 373
1224 808
2012 1715
1628 1083
5368 126
4556 1293
1700 1405
2050 303
3655 1033
841 61
5594 883
6436 2560
5178 4196
5498 3389
2076 627
3571 1653
6804 6052
3796 2498
891 253
3272 1745
6254 3556
3541 2667
6736 4093
2876 1617
1184 883
2892 276
1956 1425
1102 178
3716 440
6154 1026
2084 767
2771 1676
1338 1184
587 321
5746 4733
3352 766
2397 1345
2177 37
1966 103
4907 1265
5293 2516
4312 3573
6094 1017
6040 1590
5516 3261
6049 4373
3300 820
5934 4057
6124 2075
5732 3576
5232 3985
47 15
888 164
3772 885
2700 1260
1164 265
1364 82
5004 2916
4228 1459
746 495
1294 1147
3666 1231
3020 657
132 35
860 683
2976 327
6108 3284
6089 4235
2612 1505
1660 919
4214 1841
7032 3137
4226 2290
5314 2322
3274 2908
6782 5033
2008 136
5684 1548
3850 431
727 421
1334 1101
870 153
4259 2128
2096 75
4721 3799
5052 405
4429 575
3467 937
379 1
4124 3362
6707 3154
2084 1482
5578 3789
6088 2353
6375 3324
2076 981
4634 423
3584 315
5644 2579
6272 1693
2433 412
2685 1721
196 117
5904 565
5756 177
3212 2073
1526 1178
588 268
6545 3077
572 53
6852 5201
6956 1711
342 49
6116 1241
4332 2989
5124 4012
1628 1342
1285 328
6108 744
5172 1873
5620 2206
2407 1710
1011 127
1148 787
2322 1328
2236 278
4036 1669
5245 1369
2508 2119
3703 279
5710 4133
4080 1580
6509 1445
5935 652
3385 602
4072 771
204 160
5576 4547
2200 1399
5989 975
475 328
544 200
6348 3552
6461 5557
2380 567
4768 4107
3686 2830
3560 2761
3731 1882
348 288
1805 101
7124 4849
958 556
3084 2443
6467 2366
2378 1931
4514 3847
4919 1492
4092 857
1734 676
1588 46
2092 1443
4402 2969
2347 569
692 297
1164 250
4304 386
1680 760
3796 2360
2302 1350
4864 650
6136 1659
3939 1363
6720 5535
4659 755
1540 366
7027 3985
5916 1433
7114 4483
2606 2043
2179 967
5459 3894
4915 4122
1748 1279
4164 1848
1140 36
4546 2140
6954 752
4003 153
3648 1350
2932 2617
224 167
6167 2539
4549 2511
2589 1300
2128 925
4718 4231
1120 603
4752 3729
5718 5057
2092 723
4325 1781
983 690
1072 223
6820 324
3816 693
3957 334
5868 3152
3774 2557
5508 898
3274 763
534 161
6780 4828
6565 1569
4298 1726
2173 1823
988 757
1304 1163
6313 139
2657 1127
5060 1605
4700 413
1615 309
5271 4195
6116 4847
909 447
7056 3301
4290 222
1833 450
7110 3481
1819 582
948 92
3773 121
5636 2093
6094 4273
1756 1083
3090 1645
4948 3495
2820 1117
4196 2060
1832 1296
692 501
580 470
2481 1834
824 308
4988 1480
2756 17
3800 2478
531 249
472 44
3705 3265
6343 2623
234 160
6502 2144
3622 3020
6732 2929
4592 2000
6564 4625
4572 1672
1814 703
1892 329
2556 151
1292 519
6904 331
6088 759
3644 758
4434 853
3244 2799
6912 3437
6057 2128
5952 4283
2961 153
3098 1055
1602 74
1710 1382
5132 893
1260 71
6828 1913
349 231
7076 4575
7042 5241
5103 3704
124 60
2774 498
1985 207
2820 732
2556 981
1988 898
4417 1926
6764 3921
5852 1774
2701 1641
5567 3355
4185 782
6534 3171
2561 1297
5904 3788
4320 2974
6156 4666
6656 1019
2106 1341
6964 6181
4152 1362
4642 528
1788 1363
6642 316
1650 4
68 28
3068 1160
4880 960
5122 485
6746 3597
5400 2870
864 742
4873 99
3323 2651
1136 871
166 132
3378 2481
3286 414
1492 893
3246 1097
906 271
1684 275
5528 1097
2896 594
3683 400
4472 2650
1892 707
4164 1633
949 465
2792 845
3152 321
1650 997
4058 2986
3236 1961
5796 3269
362 168
5984 1663
1256 59
6828 2562
2036 743
3540 2101
1896 1457
4744 9
6973 3213
3374 1031
1335 948
1757 1012
3838 1054
5996 2967
6350 2023
1550 145
1808 1509
3428 2252
6675 2160
1588 712
6820 861
2711 604
5856 499
6308 162
1197 221
842 426
3216 1751
5332 2366
1334 649
6405 2315
1484 1006
3114 1
4508 3316
1432 903
6782 4184
6312 4506
576 208
3576 2851
5284 2911
2182 920
4143 1541
6089 1439
6019 4143
4668 2336
3577 1563
380 164
7118 1761
7090 4995
7053 5380
872 693
3667 1036
772 67
6341 4003
1572 45
1519 414
1652 803
1861 36
4150 1651
668 507
2526 557
2852 100
1484 761
6044 3553
1443 397
664 286
4052 2613
4655 2485
1511 163
1187 781
6972 1287
2672 121
5260 2449
5690 1273
4447 873
1769 1521
1309 61
6862 5304
2053 1846
881 385
5714 2659
6739 1969
561 64
2932 1070
417 106
5305 4627
2660 1265
1616 302
4804 1276
7038 4730
6355 4423
3516 2366
4913 4170
6798 4917
6628 2472
7041 5585
563 39
4048 2245
875 776
1900 1529
5872 4570
4010 1017
1429 1209
5247 389
175 12
142 78
1760 1569
5498 3690
5102 2611
1653 875
2400 513
7024 4564
3655 1958
5824 1528
3524 885
1900 893
6712 2806
915 255
4387 2361
938 46
676 149
5156 4070
3024 1477
1387 1185
3064 1990
275 48
3492 1605
5276 3955
2726 164
5140 1165
5888 1995
3188 2603
984 338
884 319
6916 5376
4735 3375
2372 366
5663 119
3495 2454
2546 1757
2000 821
1844 1576
6909 4208
4452 1643
2260 938
4872 1933
972 723
2444 2083
5864 3538
2932 677
6909 4129
5170 3337
3996 65
1100 153
6010 2209
4857 3628
3317 1506
567 485
6792 6016
348 27
6972 5351
7084 4174
2836 177
1356 857
3752 3361
5018 2695
34 16
5326 418
5722 1243
5928 3092
4252 335
5570 887
6856 3529
4692 376
6852 3783
30 2
6161 821
4724 3959
644 339
2972 195
830 243
304 43
4088 3575
6882 4363
1292 155
2944 44
876 749
1816 698
426 322
4750 591
6460 5706
156 69
2534 865
1742 1534
3061 1612
2724 2203
2418 386
377 40
5179 1516
5113 61
5060 2844
719 279
2656 2060
226 171
4795 330
5716 2641
4371 3032
6602 5107
80 6
2847 834
4388 111
6527 1272
6642 3768
3400 1618
3199 2545
6213 5507
6332 3257
4639 2601
6490 5774
6202 5562
1582 971
64 1
1615 629
2517 2161
3660 2869
2234 1561
5269 3456
412 233
3275 2085
2604 289
7028 6096
1288 621
1260 573
2141 913
1150 226
34 25
1926 1581
5306 1711
3368 1723
3324 951
702 245
1844 825
4242 837
6248 4831
1607 495
2980 214
2510 799
5264 3015
1157 970
412 275
4228 1711
916 681
6932 1533
2990 1283
4352 2621
230 141
2204 1096
1399 724
1476 681
4924 2461
4486 990
2346 1727
4920 1768
5412 733
6604 3958
3660 2691
5972 4535
2790 248
3772 1278
1313 913
6252 655
265 182
3939 448
4265 339
1540 869
5852 3871
7111 4093
6975 5851
1575 547
416 281
2630 1216
3656 2665
3828 273
2128 812
6116 5413
4831 4335
5686 3826
3389 1344
949 155
7000 4820
3389 479
481 271
6268 3520
660 383
832 617
2982 938
2146 1063
4224 648
4352 1193
4536 1702
4136 3429
4382 2902
3340 1685
244 154
2206 1066
2427 962
4267 3443
2225 493
5865 4465
6035 2323
1292 506
4316 3065
213 166
6048 1791
1685 1201
3209 359
3786 1350
5215 1178
5084 423
647 178
4426 657
1725 1536
1562 458
598 164
1840 860
3674 475
5148 228
1950 1479
1756 1366
5890 2093
4920 856
6823 4219
615 432
7003 2319
824 207
1544 301
7052 1651
584 377
6801 4501
2443 1109
2036 234
1700 520
3416 498
6588 1079
3528 1216
5644 1077
3280 1676
2305 1229
5228 4528
7074 1659
1970 998
2858 1977
2736 1980
1037 678
3030 1846
1411 1234
6026 4166
6324 883
4168 1504
6196 3039
264 190
6118 4323
1452 307
5140 406
108 89
1923 767
3845 1126
3268 2388
4342 2073
3832 290
3980 3370
6764 2209
692 214
1044 626
2906 669
2140 393
7080 1278
1500 67
3283 2051
1676 123
1227 1092
810 139
2924 1746
4820 3179
20 1
3436 873
2682 27
1136 557
4908 2606
1342 115
2884 397
4391 3618
1696 1179
618 496
2211 1243
2690 2236
5311 2989
36 26
1397 544
4423 933
6625 3519
700 88
5979 1598
5872 599
188 27
3268 356
4528 3537
1722 427
4941 2860
2444 842
3558 1243
2762 1736
3045 1887
54 17
4792 980
3508 673
2988 146
4199 3745
4008 693
1629 844
6726 710
1012 821
1696 995
400 307
1160 391
6124 5329
1927 915
2537 433
3089 2460
5308 2414
4878 195
2902 2101
5290 2451
2166 1155
412 13
5676 4501
3898 333
3380 1490
4364 1383
3824 1441
4017 169
3004 1437
288 245
6720 3333
4080 2750
890 513
3470 2453
5140 4398
4463 2548
2372 165
6261 2746
2722 1254
4284 1567
4964 3103
276 10
5037 4195
1132 719
6201 2794
4487 529
3308 2614
3459 338
6660 4265
6015 5147
2561 217
5252 4673
4956 4369
4532 1240
6684 3315
755 309
6236 813
4198 1372
6780 5285
4900 428
5942 295
6490 4359
692 473
5438 1505
2353 901
6565 3557
5816 2221
444 196
1950 1741
4633 1101
5018 1928
1004 1
6244 2337
5428 2857
1292 183
6164 357
3086 1503
6315 3685
1174 35
300 181
3186 354
7126 1791
1876 1484
1112 345
4568 3648
568 403
6292 794
3142 2542
4220 1312
2502 1323
4593 1669
2219 1985
1293 1123
5114 1167
6348 2391
3309 175
1730 593
6864 2215
4913 1288
6393 3050
6763 2156
2672 413
6332 5545
2325 1681
1521 648
6742 5137
4500 2518
3075 1412
2708 783
4636 3707
4622 2315
4416 3397
4549 3499
1513 995
5754 2669
4428 2214
6408 1059
2554 712
6110 4525
732 243
842 616
1252 1069
3016 151
5366 2036
2720 1309
1102 434
7048 4922
2475 504
3201 1591
2982 1759
4044 1539
4193 1466
5548 421
7060 4642
5284 799
6784 2061
2628 683
819 180
3786 260
1693 438
4612 1115
2646 422
1961 829
2252 641
6414 4459
862 688
6021 2851
4104 3537
924 393
6726 3527
2300 789
4395 2424
657 253
1948 297
498 88
1874 210
4044 1836
6787 5530
6821 1009
2463 1897
4148 102
3264 784
3532 1728
372 131
3170 993
555 56
3360 2335
3304 418
2855 407
6826 1462
1897 1141
6664 334
4823 2263
6131 298
3394 2756
4276 1333
4668 3850
5406 3716
2134 1735
5862 4864
6269 284
1606 647
1452 309
4711 3515
5726 87
6795 6074
2267 1451
3814 2941
1168 999
2078 1429
4320 3024
2890 1759
1540 1362
2568 2016
2414 2002
1780 813
2394 1345
722 606
4358 2856
3472 2711
2257 1201
6102 4766
3569 1117
1022 110
5999 5010
6064 3641
1975 257
3412 2011
3751 2467
7103 4634
2618 1362
3360 601
6504 5535
5742 1126
7000 815
5576 3460
3918 725
6746 5867
2040 456
2598 1332
3636 709
2190 1513
5088 2262
132 67
4328 1706
5956 2981
3064 1256
5606 986
6299 3796
2015 1109
1012 426
1783 1041
4437 2345
5262 3006
1660 1155
4292 1765
4452 3403
4794 2467
3178 2321
5166 2988
790 691
380 151
5740 2866
4920 160
1966 967
956 661
2410 503
786 45
1244 388
88 76
1077 653
2204 1385
6648 2701
3550 335
2868 2544
2268 1538
4809 4097
3404 172
2816 503
4652 3689
468 349
6881 6095
6908 1457
1088 412
2076 416
1416 301
5422 1895
1310 549
2298 1475
4618 3995
1185 258
1297 2
1035 218
5284 2573
1112 394
592 281
4426 2521
2196 535
1685 532
324 285
2524 743
1276 167
328 106
1360 1112
6284 2005
4756 3431
2473 760
2886 1486
4120 3257
5822 1428
6554 2176
5093 47
4270 3381
2728 444
6471 1183
4836 1737
1824 818
4059 124
808 195
2720 1591
6296 723
572 511
4884 4033
4112 911
6166 4914
4668 356
2996 163
1806 1546
4605 873
2452 87
3568 1987
1987 845
6120 434
4544 2769
5899 390
2056 1013
312 64
1825 323
7060 6251
5120 1506
3644 2900
4959 4403
2076 697
5272 3328
4024 3604
36 24
2820 1919
426 39
1994 788
2618 2273
132 68
1364 155
6497 2759
3804 3242
3446 924
5602 46
2323 1376
2225 1195
1544 1147
3041 529
1378 1017
860 412
3478 2495
3806 2147
6201 4861
2479 760
4540 1326
6653 5609
68 14
5080 3191
4600 2250
2281 1473
1910 1283
6834 2081
5378 203
3251 749
5608 2733
6629 691
7091 131
1588 211
3392 2153
1550 893
6896 3509
1252 779
2186 832
4732 1737
6170 5541
2782 55
2793 1261
1294 961
2107 554
4836 1710
1952 1071
717 361
209 120
6760 1429
2524 658
5840 3732
3072 1197
6812 599
521 301
2876 2533
4713 2498
2428 1756
2620 448
1298 407
6228 1855
6080 3649
4158 701
5340 1652
36 20
4144 3391
5036 3433
3410 1082
756 608
545 311
2096 966
3876 2044
6616 3478
2568 1776
7006 5796
4892 3043
6980 2602
6872 4829
6872 578
5292 2388
4168 2030
2163 71
4724 655
2622 706
3256 61
5580 1077
4268 1125
1936 232
6588 3815
956 201
5874 2427
5736 3411
1646 317
398 241
922 307
5249 561
5508 3635
7130 2529
5389 2323
6459 5228
3363 1219
3342 2617
6596 4009
3170 2297
5100 1084
456 79
1530 1193
4569 462
688 583
5109 410
1460 903
3380 1164
70 51
4357 145
2348 311
7072 4795
5334 4021
3590 2509
730 384
3573 2866
3278 1511
3280 1748
378 131
4965 3302
2342 708
7023 3176
1893 199
4392 215
3138 1473
2820 1824
6344 1067
1344 346
488 78
4618 97
1566 650
2484 316
4950 3973
4988 1275
5948 270
2328 735
6156 2285
5544 75
4883 1845
5926 4939
5574 937
1241 883
3032 2017
1873 287
5909 141
5288 1596
930 543
1406 596
5772 4305
6229 935
4913 4061
3239 1641
4372 2604
1000 1
2389 605
2948 2346
988 778
4566 3168
5564 2830
4325 940
6908 4177
3160 1118
747 431
2365 1616
3782 3008
1498 11
3716 1556
3772 245
6052 139
6740 2658
2609 33
1142 523
316 72
2885 2493
6522 5728
3479 1697
1722 1114
811 86
5172 95
3496 1
3331 2573
2577 1662
5762 521
557 384
6496 3541
388 73
4116 2046
2385 508
2148 385
4801 654
4251 3051
1748 601
2932 1991
148 92
2266 1809
572 317
5252 2989
3596 2431
2728 293
4128 341
3909 1949
2777 1888
2066 1600
516 336
3659 2982
1164 882
1363 367
1424 682
370 233
5704 4309
60 16
3258 1045
5789 695
3396 2757
468 258
1042 310
4068 669
4132 1218
41 15
1216 1037
4712 1621
6624 3739
2844 1767
5900 1414
5404 3640
2044 305
3732 2036
5229 3043
4838 2338
1800 95
7034 4681
105 81
290 185
3016 815
6324 3397
1332 546
1852 307
3784 2692
1987 177
4496 267
6550 655
6740 2619
1619 228
328 106
2330 1887
4816 4171
3880 2381
4612 459
745 405
1082 829
4866 50
1052 398
1372 589
2052 417
3492 1207
5052 1179
4868 1482
243 77
2728 2426
5444 2333
949 97
6460 1730
524 200
2902 1634
1524 92
5214 1077
1966 354
4737 3319
694 209
296 44
4030 2619
6362 4753
20 6
3865 281
2751 2401
3909 3503
6100 3264
4952 263
467 267
5949 4538
2700 2227
4399 2546
260 48
3138 648
589 354
1444 322
1770 1416
1932 270
6844 3300
7092 737
1092 838
4700 2128
6408 994
6694 3253
1212 96
1356 406
6187 113
1420 255
2404 1171
4580 1416
5956 4310
7090 3957
1848 145
1356 523
2939 1486
552 379
1948 1427
1210 501
6630 1977
2102 1045
6684 3232
6616 1158
6124 670
4060 1934
4572 1185
6939 5020
1804 330
5543 3133
2426 1259
3324 610
5996 3280
4137 1620
531 272
4766 4233
1226 901
4305 2850
5480 2423
7026 3386
2686 891
2638 333
4624 1242
4772 1671
6931 2669
5856 4719
6378 3217
5332 2527
2924 2452
2017 429
3227 906
1996 38
3174 2153
976 665
7008 5662
3758 674
2388 765
6408 1896
2743 2156
2728 1991
6420 4891
5964 2527
1014 709
4045 2465
5126 3821
663 516
274 183
3576 1102
3926 3015
1141 398
722 264
1455 1076
3268 676
4178 41
3614 956
2708 87
976 301
280 150
3847 1765
4180 2327
5915 454
3450 769
4950 1105
3079 1452
214 93
4444 323
216 72
2308 585
6950 1815
6600 1444
3932 2107
5232 1405
3092 1772
1429 810
5149 118
4424 1278
1772 1381
3962 386
2684 1850
782 361
3612 466
5394 4046
5185 529
848 74
2520 697
500 255
1570 624
6817 1471
3436 3051
5714 1193
1826 1297
1342 611
672 144
4158 689
4548 2645
6053 2923
2742 2027
3324 1288
1023 837
461 331
5634 2251
930 589
224 148
5851 2724
899 702
3352 1954
1486 1192
4239 1476
6235 3889
1803 985
20 13
1200 821
4244 728
331 196
4252 1873
5368 139
2952 1939
3746 3048
6642 2334
2803 583
6592 4681
7058 5021
5683 1959
3536 2053
3108 1585
6060 402
5900 4150
4388 677
5274 1323
6996 5345
5071 3050
569 187
2052 258
5486 4749
3091 1758
3688 1961
5032 3745
984 869
1976 1331
2757 916
4185 3316
5280 4611
611 424
628 360
6844 2098
3455 3032
5764 3253
1309 291
1441 763
838 39
1996 993
1284 816
5282 1590
2430 2120
6763 3147
4033 3372
4148 1619
6680 3497
6558 4251
2596 192
1922 456
6380 3583
4772 2079
4180 2815
6384 4342
1524 1162
1824 58
1828 1156
5802 967
3806 2942
1203 827
6298 1657
5360 2543
3294 1711
4640 1259
6075 2077
3878 1295
4782 1930
1390 321
7104 4099
5114 1067
5540 1951
2540 1895
1930 685
375 161
2322 1721
4206 442
1212 341
1944 481
247 25
3952 2159
5403 2721
3402 712
4794 1084
5797 3662
2871 1219
1984 969
5468 1146
4357 1073
6340 449
4544 2884
2896 1619
4602 3779
4444 2822
3755 127
6538 3071
4717 556
3982 2575
6912 2301
5284 3466
5024 3853
6198 447
1707 283
6523 5141
6908 2077
3164 971
3972 3239
6760 3170
1315 918
3768 979
3372 3005
3349 1202
294 241
5865 2419
5848 264
2302 1214
2708 1465
608 63
396 323
379 114
708 57
1812 1183
94 37
4677 2361
1518 537
4136 2327
6991 4880
307 133
5548 2398
706 536
6186 2036
2862 2416
110 64
814 247
4060 58
6922 2644
1553 1287
5718 4916
2184 1246
4940 2636
5200 4263
3511 2159
3796 3
4288 2729
2838 2141
943 246
3093 1028
2158 1334
2482 1065
513 380
1968 911
6223 2033
5834 3447
3870 1290
5112 427
3509 2735
580 460
564 376
2456 1125
6290 4931
4996 473
3524 1639
4984 1543
330 205
1036 391
6804 4182
2098 1027
4880 488
4611 1756
1844 1405
3901 1896
356 319
2408 496
5907 268
3644 121
6296 4169
3480 2998
468 235
228 21
1112 43
1932 680
6622 5154
6631 4616
5319 4453
1424 965
6368 3591
2148 157
4390 3903
3972 1266
1917 484
6037 2251
6920 2653
116 18
3160 1408
1542 363
1460 779
5102 277
20 4
6428 2891
6194 767
2268 925
3350 1324
3670 3020
1460 497
1564 754
387 137
3309 842
4289 271
2774 1939
5195 4276
6884 4555
3612 1487
5795 4315
3596 3121
1168 92
6830 2849
33 5
2788 271
3884 924
900 625
5891 2233
5816 4334
1984 951
5756 2397
547 421
5424 4479
3249 2177
3941 555
4086 1642
2809 2249
1422 1085
1872 22
3415 2861
5448 3885
5059 2981
5249 3065
3437 2403
6085 3437
953 336
3751 1186
202 74
1246 412
5172 4313
171 54
2526 260
5186 4144
5704 172
6460 5300
3576 1753
4923 2377
5770 341
4248 3560
6044 1042
4496 2421
5675 4255
4846 2501
5132 3538
5578 55
6976 4283
5196 4455
4076 697
6698 4383
244 82
1820 1588
6308 5258
4227 730
6716 240
2353 668
3982 2239
1728 687
3580 817
1698 435
3130 2681
2082 97
3299 1268
6707 1138
5371 2583
4908 3221
860 673
4514 583
1385 836
6042 2319
1594 1051
2402 1479
1772 1069
4642 619
1144 994
4150 1966
260 222
5074 3332
4892 4221
3690 1957
2810 1625
5254 1967
606 92
2008 1651
6137 257
6144 2294
1033 490
2918 2107
300 260
5428 1671
5829 2283
1440 926
2260 1540
698 521
4426 2807
708 370
507 172
1364 1132
5500 185
4020 3608
4137 3627
6612 3675
3256 2154
3372 2798
2844 1428
5902 2582
3130 1965
1348 120
6988 1949
6639 5796
1013 704
6648 4946
3470 1603
5956 75
7052 544
5096 3747
3358 1122
251 132
3248 756
3151 2544
6551 3544
3595 1158
570 215
4252 1474
6020 2454
2912 337
3919 2614
3935 328
4548 3173
556 37
244 136
5860 3899
608 424
5382 632
1900 951
1036 385
963 553
3488 2970
5032 607
2454 1937
6872 1043
1824 772
1306 358
6175 3852
3386 2218
6220 3160
2840 953
3586 1341
3664 1603
5356 921
3708 629
6496 4553
2524 1093
6292 1557
2196 258
324 262
1399 902
6334 3338
2270 1631
6712 5609
4724 1441
356 25
6268 567
3212 2821
6812 995
7020 5075
6908 6120
5566 2444
6830 3073
5207 4117
3056 1809
5849 4425
3751 2838
5047 1399
2408 1516
1783 964
1262 430
4500 2283
1588 296
640 16
4074 2397
4278 3086
222 27
2282 1160
3924 3310
2067 1081
3934 2971
4241 3727
3766 808
4441 3646
6474 1038
3637 568
2879 1580
1927 673
3752 551
5846 3396
5959 3644
1673 1100
5939 648
5032 3209
796 221
2868 1362
192 44
1894 1499
6717 4825
1796 953
615 248
1762 1086
1242 521
5086 2079
948 142
1019 80
1540 687
6620 4268
748 127
3957 3368
3464 1381
4756 2149
3272 1353
4060 2857
658 125
1026 390
3404 2136
7063 849
4272 349
1984 274
2528 2154
5204 3446
2652 588
1616 1117
4940 4059
7002 1192
6176 2969
566 63
5988 3690
4996 4181
2826 1819
1424 127
6279 1859
1717 327
6364 2467
6744 5185
3433 1027
6028 1926
4722 1393
26 14
3506 360
223 151
4306 3326
4155 1271
5222 4338
5342 224
1728 453
4486 3534
1172 984
5606 871
5816 374
3432 2094
3716 229
2217 1885
6308 3073
5992 1217
466 165
4680 2001
3021 1390
4719 461
6285 2621
1828 657
6854 2784
4678 2873
6500 2082
5669 4491
4920 3099
3596 1953
3796 877
576 105
5986 4062
4294 2077
1986 1301
804 175
2850 862
5684 2212
6557 3420
3938 2433
4796 590
1884 141
6846 2879
830 448
1496 953
1308 144
327 169
5858 4139
6257 3216
832 133
3226 2428
2515 1045
4874 3871
2268 1871
2684 148
4960 4056
6848 447
4003 793
5060 1782
6649 4622
5548 3578
1473 644
4290 3696
1644 1411
5456 3643
4399 1608
5557 3544
1266 449
6740 3010
2696 1771
3092 1336
588 434
3156 807
3100 1670
568 344
1553 1382
3492 2265
524 458
1428 610
4898 3096
350 305
793 584
5388 1658
3557 1908
3257 2545
5630 361
4776 459
4512 1891
6460 4678
6250 1681
1360 792
5204 125
3250 34
5312 3682
6241 406
286 248
6404 3320
2785 1515
6458 4409
335 155
2842 585
3321 105
4836 3010
1258 493
986 583
5902 505
1882 1666
5123 1177
304 61
3323 2201
2261 656
1160 1030
6638 2467
6324 3277
678 178
1722 323
3865 2873
6004 2855
6782 5745
308 111
4122 3705
862 326
6932 5737
245 45
6684 2821
3192 1097
3962 855
148 110
432 214
5962 5279
340 205
5902 1102
3572 375
7055 1790
5107 3649
1644 754
6546 4798
1730 87
3036 1017
3396 2682
653 175
808 335
154 1
1819 973
6860 3504
3336 821
6572 5380
5838 2285
4079 2515
1624 1231
2280 1777
873 521
2466 2030
5256 2329
6927 6203
2284 1684
3078 2171
216 113
4732 2157
4300 895
3996 1337
1142 860
622 196
6804 2639
2332 351
2050 585
2809 1540
1004 215
3816 1747
4575 1887
1760 429
4908 4202
6992 5692
2195 1750
4563 347
3853 2206
1278 847
5867 4249
705 440
6104 3705
48 1
6158 2365
3772 3293
3892 708
4279 3454
6108 2534
1238 897
2622 327
850 265
5692 275
4700 582
3693 1172
5970 1032
6804 5974
526 400
851 128
2076 909
466 119
5778 741
4668 2156
1128 239
3810 1541
1898 129
3236 366
4308 3456
3671 977
1122 508
5546 1763
5120 2486
147 58
242 89
5337 3574
5006 2034
3748 1423
6292 2649
6669 4815
5872 3921
1648 1077
2852 1253
1816 359
72 1
3398 413
6755 3781
6560 1247
2116 595
478 87
6328 161
4414 1459
4503 89
5428 2666
3809 25
456 143
6676 4237
1098 865
1374 1219
6331 72
3318 1527
4570 3202
5200 2016
2044 825
4458 1321
3356 2785
5078 3641
2668 113
2330 1681
5922 1117
76 26
650 113
5350 1505
4656 3370
132 12
6047 5109
3004 2029
7100 2802
4610 461
6764 3147
1518 67
700 146
1078 719
930 813
880 673
890 441
2540 280
1530 689
4436 162
1056 905
5768 2932
859 106
3988 2750
1732 297
1578 970
1090 568
1238 911
7100 435
3896 1157
1861 185
6332 145
6124 5446
2159 1771
4530 590
2228 1292
6012 481
5108 2169
3260 14
1080 682
4294 3001
5656 779
4741 3046
7076 3233
6621 1171
6180 1849
5800 3776
4762 817
1892 577
903 700
1163 365
130 49
5262 2511
5448 1581
5877 577
2386 691
401 223
4487 1852
5298 2689
2618 978
6696 61
7064 2815
5270 3331
2484 616
6390 4179
148 96
6800 5181
6636 4689
5161 1005
2836 1526
1567 1221
3682 2448
1412 569
2968 1384
7111 1347
1028 467
5859 752
1136 255
6722 5758
6186 2295
3083 521
869 65
5095 468
6672 4887
586 69
6068 2583
6851 13
1458 743
3720 1980
4765 2629
2403 603
2292 939
1567 1315
4082 317
6362 3208
5966 4261
1939 1315
220 62
398 191
7104 3709
500 137
6764 5489
2988 1589
3722 2471
4556 2359
1546 436
5123 1986
6484 1429
1392 764
6650 4212
5000 3070
92 15
4233 2390
1436 780
864 145
6068 2757
452 149
3697 3231
388 5
5178 1961
2700 2319
1450 43
4528 1670
3529 1171
5032 4241
5122 1415
76 63
1001 426
6982 2293
2828 2356
4808 2115
5802 1588
6546 66
460 390
6792 1399
6356 3981
2624 2248
5049 839
5312 3521
4972 131
2972 1666
7085 913
1732 200
4183 1682
3073 2214
6247 3010
5970 1112
1448 150
784 511
1998 1067
757 620
6742 2035
1511 865
1866 1208
617 334
4024 3350
2808 476
75 59
1462 807
1363 1037
3473 2679
4565 2789
1363 647
644 574
4828 4082
6060 5241
3756 2033
6004 4618
5979 1107
2012 789
5578 4847
764 574
210 161
4444 1393
1760 124
6444 3423
1736 632
2336 1913
6039 2921
3046 2245
5030 1128
3532 9
3576 330
6637 5617
5744 4852
344 188
3084 1565
6537 5810
488 258
6431 5440
4998 2098
6566 3091
1005 397
5662 2028
242 154
1136 764
2286 855
1175 783
6024 713
880 109
5480 4062
3532 3139
676 546
6628 2337
1792 925
2094 1641
3748 487
20 1
992 589
3970 628
5022 1691
900 36
5868 3677
1196 207
3428 1967
2311 1384
3940 236
3337 2001
3270 142
6058 5253
2204 413
7062 4114
5894 1021
2261 1030
7000 6079
2784 988
4955 2628
1870 1103
332 233
4076 2155
1376 413
6511 736
3828 2496
3391 143
2349 813
408 115
2949 1521
486 55
4569 2707
572 32
344 16
5444 668
1210 369
2145 1017
836 549
5858 1155
2972 1418
5255 2300
828 130
5252 37
656 191
328 163
1640 205
1065 747
1756 1017
2191 713
2812 817
4736 3404
1504 491
3156 301
2306 776
6488 2379
6930 1906
5480 1428
7020 6071
4500 3595
1129 71
1020 372
6443 5746
4137 1088
3196 290
6192 457
2548 906
721 433
2988 232
6324 3004
2024 983
5668 4009
1479 259
4186 948
5850 1906
706 19
3464 1795
5148 4362
3684 295
7091 6196
3679 1505
1106 533
574 89
3676 2553
4316 2041
4178 2597
256 193
685 177
3564 2690
3738 797
1196 96
6668 2088
2196 820
6628 4231
1738 263
4224 3559
3116 761
3092 118
2662 2167
5580 3986
1288 337
3192 1359
423 321
4768 287
5843 2035
6452 93
293 58
6965 4885
2872 2137
5020 3755
2540 2157
3634 1269
1302 705
1699 137
84 58
233 2
476 277
736 341
5527 2159
5991 3314
1719 892
3576 2917
5326 2924
4351 575
4302 891
5561 4705
4728 1991
2776 593
2274 383
2660 2043
4820 2640
759 206
6842 3378
2068 1668
4760 4260
3562 599
1545 351
2485 623
1168 448
6072 1017
3445 1321
699 440
3786 1456
4444 1510
5697 4133
5004 1342
1274 274
2701 91
132 11
2254 1921
2436 1645
3680 2091
1262 436
6184 1981
6544 2893
1310 413
6390 5533
4840 2200
6524 4951
2472 529
4802 351
4044 2190
6538 5341
1203 397
6348 3011
1942 1070
755 593
1517 847
2414 1441
4476 3621
2766 636
1803 5
283 227
5308 1785
4156 2151
5052 233
2612 1139
2069 471
2782 1442
2802 710
145 113
4640 291
1244 1010
804 498
4880 1288
1941 1430
2198 747
6924 3778
3812 1271
2918 483
1395 487
7076 2630
1396 553
173 57
2961 2351
5732 4351
4388 1453
2832 2017
34 3
3920 319
4536 2109
5590 877
6302 1201
1721 499
4766 2707
4980 3205
2572 1672
6548 2836
4996 3537
193 160
5435 2260
4520 1548
3709 1963
2241 1379
5220 1998
1061 156
6164 5393
3562 862
5260 1276
6842 1397
1960 1525
585 217
2422 501
549 47
4523 1028
3516 2095
3124 1318
764 65
3743 3165
1405 550
5254 3481
2459 948
2880 818
3927 155
2134 957
3996 460
4867 1556
132 108
4004 3381
5638 1691
6178 4031
5032 2357
680 74
2236 1535
188 8
2036 1053
4362 1886
6900 441
2616 1685
4786 1847
300 96
5860 1408
820 703
1485 971
2344 1148
4624 465
6374 3397
6383 2689
5060 101
3877 922
674 499
4244 145
978 416
3580 1379
3562 1403
4774 3073
6312 3699
2780 1067
1616 993
5602 4169
1404 1121
307 77
3725 1591
2308 769
5872 2601
5912 4031
6033 3942
4136 1071
4924 2242
2115 1237
5320 1276
4233 970
2251 991
4919 68
2032 157
1866 509
2881 1222
5856 3971
3096 777
1553 767
5113 162
3217 106
36 1
6472 2722
1494 267
2736 671
5846 3736
932 281
5196 2595
4238 1230
1282 1098
2944 628
6787 2897
1996 1497
4640 89
4346 3860
6134 3256
2138 1021
1092 719
1790 173
156 41
3622 1336
1349 84
3142 2622
2602 444
6920 1038
5060 4057
772 68
4338 1561
338 71
540 366
5946 1924
5476 2225
820 257
6677 5875
3188 2429
6163 864
1105 782
2220 1136
844 106
4628 2591
436 2
1572 367
2702 2284
6639 2177
5256 2991
332 273
3132 2302
3044 1567
5481 1630
669 115
3951 2920
2352 1545
5760 4828
5802 3478
500 12
3072 1668
3850 936
5623 2921
5954 331
5689 3919
3858 1453
2765 2009
2135 836
5031 4504
4136 1797
2330 1619
2570 32
610 465
5253 3671
1516 1001
5506 719
4276 1953
1844 1079
5715 1673
5512 209
4231 2767
503 381
236 129
6948 1418
1315 533
2220 1856
4598 714
6001 1777
254 13
3054 2074
5874 535
726 257
2992 1048
3774 3153
6823 941
4570 769
7021 2587
6288 2754
5828 4342
4723 3599
1227 497
4632 212
3968 1026
6684 4531
4913 1644
5771 2215
722 174
3100 1663
6141 5513
2180 1135
566 426
2522 2247
2738 45
1987 1494
384 229
1301 955
5670 3731
5378 1743
3604 2662
224 182
6971 1585
2848 2235
2521 594
4011 2390
6184 4840
752 523
4296 3439
2412 239
6953 3816
5036 4455
1524 180
6615 4028
2568 1147
5882 2093
1753 1068
2507 535
5054 409
2560 1285
3020 1552
3865 791
566 454
4290 2414
6316 1577
5738 3196
1496 1183
5712 230
215 79
5046 3117
2540 2154
1420 1211
188 106
6196 5506
1070 445
4740 2597
4146 1549
3852 2229
3908 2588
4864 301
1608 1224
5213 3838
3060 1741
3324 20
6992 386
3208 1440
4668 1732
3122 297
39 21
3908 1704
1010 261
2528 395
4306 3073
4999 2134
4151 1391
3732 1995
447 183
2725 2267
2983 313
3868 156
