909449229
438183176
1036901067
792409824
193152768
267726994
217258163
261390567
759108206
1440499498
483939122
898786237
837927018
1122958313
284460896
585388488
1225195644
665149821
1376569432
512241962
993094277
706583043
634537305
659492589
849452787
649203957
858239873
394391518
201046824
-1
687142327
1303733158
1082505021
1185707730
764596138
1329992876
253018922
922669838
730153407
299899354
871635736
356355138
560655444
1036168008
1506833226
581036565
792105592
757816358
1011054928
530031692
944333052
654682777
600601926
1078469254
300853569
-1
294025773
1173205286
1160698545
553440105
148934797
820314477
629099244
1143820170
703016538
504323841
654124985
563871701
696497285
1171461311
249127818
337649117
661400773
-1
1087931124
938530550
235197610
773534512
948307238
441560828
846065483
1081558070
737183937
887683882
898053407
379842456
991058959
1352538076
747081081
1462516381
983095433
578337061
621699333
562695720
539408366
569110404
788106964
1629962294
1388187360
294873540
1656735553
1214568331
1024558139
250840640
-1
491426945
537035728
997318090
437368897
457112044
963392203
936647413
661448114
679621276
1474852401
470062388
761598282
834570735
1135595224
554261767
1055584787
788621941
387795551
756463153
881500933
1115961871
122780193
650703262
803188729
476981806
1154007714
618546210
1634097974
621133992
897856640
958128153
1062991954
1207050916
1272311615
1164326293
852977880
682685896
1087491870
1166537797
1472277930
868888160
956155902
811641704
455932387
574398684
1115535625
594431618
696824272
558114486
1138582527
281024154
504132337
497072899
431000188
640734141
875962376
1026184827
703501964
833371777
1440054859
947129581
632257175
251027258
619192819
1344259748
1624401523
757504083
561652019
403413532
462595127
324125257
385104256
1031117057
1497889318
176608243
1286372660
699285635
972617009
1019582769
892161951
1684158215
353847627
394108367
580177223
31147182
-1
759459337
869825525
725792724
322111361
217876117
562615862
849939501
-1
800409480
688976836
1144863776
307221679
752604479
160037539
630758477
803961506
779807062
1215482048
911382798
912143462
822173840
1266856120
323721022
247379922
1344221708
565037358
657491248
1278100865
499549511
1114440585
575348563
856279066
671943296
751759577
387775481
591337181
1108539216
263483641
748492620
748697974
703422777
1097326769
1467891998
822992568
744122993
694627422
749675662
308018302
810184424
822796603
735598466
795888559
1262245630
167121404
775818759
663381748
463147221
328041798
590976113
590788048
333258453
645099583
721028253
1380728822
940859308
701965737
1178238247
1360353297
839650601
1359349505
1206674170
940388199
1159697572
330019160
1132764017
746455865
655692748
697792576
496738188
-1
773910428
741737154
401682076
1297251467
661183404
1550844113
990806860
1024256632
509886689
906349921
445310017
968403441
721190517
1430261869
411670620
651853768
1357819035
725361172
825643590
583030943
908362768
647290127
758475990
521101206
1262171286
224793515
726787600
223525573
549483393
713865046
1245251923
902850054
951995914
1159001354
658292296
187755225
503169884
694402827
530763332
704353247
934859295
-1
721192487
1384122274
1327395064
999210189
857654230
1260880649
404667595
229362533
962344597
757667276
284846699
233643065
884401610
697778916
536349637
507316408
378311137
343824004
357348315
946485330
553006878
678005087
534697538
886122223
287497813
1164760061
577491173
1141319415
685313023
522639525
668676038
489622949
1243196658
1068262623
854619242
598670377
918501992
380569884
284281427
1341650479
1198862478
1047804723
648535468
1138754279
1878141218
968237494
595319482
372499533
410152282
790665483
1095126202
245629872
1377059431
809875492
732538516
210283487
1462915746
694255414
835622058
697882724
453069564
1050013491
1319635236
1262389908
905029278
527786747
562888437
877663152
399700301
1094855764
1355752568
439381287
924226712
170616306
110229635
553484468
736372666
739126560
557848828
1096030350
902287629
468619529
725401765
1173094838
427123658
1061886340
1535862441
726532323
654134203
679156276
928351858
1419623308
550444635
1065939939
403085362
809315440
704888786
1283723961
773273847
897568245
455456400
621224954
973484806
942467888
1327605825
741709150
904648439
525227455
349621946
261368701
670628199
1064753084
1054441687
1171776741
781972636
554808066
929187661
845736932
233104602
547291805
759097634
804573611
1151184615
536902463
620591997
1022759668
486855007
1238877400
622520506
675953385
841037636
1200324080
772682060
483991687
981835667
857774876
652721223
898578973
391769109
723186959
235855431
913593672
785593975
491348503
238481900
393176162
1119140316
1562014421
452202900
1029878967
349217198
962008076
377701373
890548662
1265794361
1072155473
487865226
229305521
397507946
968649332
1310614966
330438231
1378905794
953068526
694504703
528438165
2358496154
378071774
717373443
866386024
66031612
894222388
769528715
845513307
464809180
945854097
1653300586
944071944
626053847
380861895
1295567498
506365853
493943140
1448983816
-1
1220488195
643582639
741296920
339309672
1491744170
454548078
1342392364
359486316
376977157
738937189
1376307412
328449469
983720012
1069982052
713668309
296458353
-1
312340259
1136406134
535943500
550947694
503402514
468165258
667549702
463437851
535956032
789088564
292131534
345960037
945607814
541438811
511948978
849694596
1063682192
616636813
623979000
1109818600
1941448572
415298939
272308438
1089912711
403602717
1416376798
1271096028
378440739
900435909
893171985
175468437
406735871
231759668
530256122
464328232
596486625
1035933928
520276326
941361533
1454205837
695106923
1343479586
583556366
223956656
1177946194
657691151
1013653278
799886128
1169558990
1530683019
945309997
481825892
1139678947
423177866
582736762
830692767
1405167688
815421689
1482804877
777973000
591896897
484375429
610183780
907035590
450963004
703419152
465449459
1275506893
664312113
628689910
706922488
857981360
360935978
663451916
-1
1769673148
1471648709
1178799676
968169082
919481565
547819422
506252058
1559210036
716888115
583093560
1001617723
-1
997944084
1093882699
1380834278
795036371
1163018350
526585991
985227000
595379425
1015598214
1062062239
967526955
-1
385376256
869028457
1181960631
774333353
1360691293
286803922
797664394
941218277
947060618
1137272078
816454022
1400030327
1167822354
955877288
1346086760
672425015
946265164
348138502
509724722
586020209
1094497307
945838547
488303134
311672084
617057413
792463328
1744084142
-1
638874102
1111640127
767103208
844973905
854102356
669434410
1322842966
312507149
850418889
1588851876
839667200
331546408
996866380
477705649
724421203
464263303
219092541
625948290
470067418
980985746
657786661
1262008988
759890196
782188181
968335337
428165859
1065956154
1027138481
360247375
807239345
796071629
560676254
472027601
836320587
-1
266762575
726009622
418435002
287662816
807453575
716943798
949377172
1188789632
1223414175
867533265
1099683888
-1
1092975684
891260788
303468355
493441710
429290153
1709157472
713162057
504262226
939407649
884036262
1226840184
487628207
618972921
872055813
794357970
992691089
655046952
1307210602
1113862715
410714021
814190302
903331329
1310020694
1231063475
1054673206
-1
288120275
914495544
493270395
949638630
429513416
744166293
1142384288
483291378
930306058
269619184
689534199
1077377281
1114616312
1138489919
1258629921
303311248
219373469
1253230519
891009350
938367661
460385755
1137492195
1392641890
1418500385
779536636
894214861
802965810
600461515
735450051
825203138
826980378
465978665
1104155427
876431081
238168689
927663289
171057580
1205379061
436287218
259333735
509624396
764214978
1210517791
588127084
489262048
1485082861
1171458281
452459004
807103843
602089577
1192172622
712169910
1096110406
1389944284
696646250
1136564356
1013377459
992458258
1183815606
1452945559
1096548488
225578159
770115549
977402552
532049600
1673718903
858726069
1343199552
135229889
514820068
446738040
748681891
664114797
629129645
1107104793
1076109960
341270455
-1
680614227
863073367
1331111962
255537284
238401474
543078673
204631475
627641512
334572540
733605488
865578564
734304407
985386633
361326805
1289501715
840523748
1562453445
738160421
872929465
1966063143
1143865458
1568309187
640213313
550771661
984711529
744411757
80959484
994628249
404608867
816370252
-1
752379532
842357752
346746406
871421262
1175290579
395600916
1091113139
1108473266
583945620
738760226
613461157
939580034
1189584823
846733423
239731983
860888706
778492191
861764354
695404359
939995636
599903202
546205431
393692042
-1
1117388527
416931250
766614924
350461990
956120226
380120064
741336492
1229272238
268571253
520989936
962959070
949509841
728683986
666381966
653754979
212486145
327413034
871250893
577707363
1049743153
471304293
1555897499
996886471
857838841
442327593
220752931
435202646
386872539
-1
635425039
508699062
640048828
-1
939389160
775410064
300011313
1139616665
357016191
866663621
1122524920
187063564
1147461284
347501102
234286182
861850985
532050188
1432406385
953022496
1682636374
511096733
1001135553
241312587
820170601
564149967
1812918820
114975126
368602345
1296723524
378236278
294737258
803019756
541603307
275975849
1825000753
707930551
635914385
1135589764
1282409826
1076739315
672634233
1329632910
290679445
402632249
583438383
968489295
994768921
1293076051
837632916
1449410098
1639909206
831683505
1017949691
1057234608
705367150
590481845
779847587
943807165
1162721374
1166766375
1147100708
1447554284
982294277
1104948295
270631140
1447376314
591487645
439634394
99214943
381275335
1053792451
664258271
905830927
1650628764
583479926
743151544
-1
398080483
843827227
-1
786035682
443539215
1068976214
957296933
646533926
1893312535
874140014
909500356
219309602
614998934
61861639
1364754007
-1
865228573
540088091
1065221867
1455987437
722201752
455677954
1142875254
1172428785
1489201168
1241732955
791711930
581386012
1200112500
542142195
1006182973
306988323
561233726
433051541
394629865
854351784
638509701
432264625
655206498
525753377
774307532
1047823048
299454304
554309314
1250834593
650315475
