491101979
873313792
1042911726
1152799529
544119254
1574982278
1243950722
851619819
716563334
988881735
590801105
939755524
2241545784
993117796
1123144153
808880406
1171408056
1292641200
568862602
924818025
776519677
1747994122
1458031020
1385382286
478580024
1911985017
847388533
330344645
1257516135
862048666
467622948
585261935
1207668735
611623627
1104060781
1449985984
1197995188
975035329
302411078
1256231618
929942167
1535404525
820519589
937531425
777862410
780710939
1232897187
718198264
641591535
1129702638
1581729098
374160809
791018665
881462617
1896570941
1336224708
918151832
533007915
201282918
315647679
1118383280
1404020089
1574618381
641125513
925258172
1082541843
568610049
609502408
1217200141
746278335
-1
1261454804
643357731
1074024543
1616816056
530200716
1822166491
1497805878
1388186194
876446702
1788397024
857699245
1477953421
174334881
1298197706
986368490
1330596257
644711347
-1
295883920
705586388
1053026142
699377223
1150518036
1097707876
-1
1318425306
1184188555
786777943
-1
1157113046
1840741941
984623279
1296386375
1030010121
815015995
763017719
1000694041
736511247
1708726574
1447074307
1240228166
649173661
-1
1005407031
1193372013
1094111880
1278303309
540773370
969945375
979208894
1450611284
344718613
1177711632
1241315408
1078221202
616698076
568746094
618545235
-1
1000316952
750621834
971584040
946379850
908232161
452153388
752467718
930549387
832310972
357874792
545777812
672823589
1214306473
943296320
1283244642
404281979
1179309299
1741363012
859843217
901592722
834705576
1060214256
1680039588
919331493
1596138242
1925763067
989226219
1090146868
1064219581
1291318426
1446854334
1447819721
1052158549
1829128626
1672999417
724530683
617921740
515565530
1400491807
559419036
1093797678
1422576897
449929473
320043563
557062298
1146331491
841307441
173419355
1979859904
513286281
1503005416
804931566
798123742
1288320194
815615629
1041925688
764387164
427588117
1319756482
729412756
676000702
1081401769
1476962431
1652672046
1904235553
1066532674
761561996
953721961
908507780
712860244
982644506
500236826
865636331
910997042
1066648504
541915714
1073241788
628190015
1211034735
790307389
953474778
2538193678
754769978
792343332
566200844
435745076
935364232
680597824
1773105328
1461097627
1402340984
1497854433
500950680
250691293
630923313
858462768
1283337881
1455378591
351774949
480614963
943079232
764732687
542628570
1138111607
1009555932
986431596
1131633125
968114848
1271251422
667688742
511194378
1765169502
1211270918
1242995479
1515723752
1226473964
1137073237
688494892
1749047755
-1
1003718788
1992959624
664604665
1428742513
1170676974
300524150
948586812
1151318350
1920962014
162679158
341766279
760964017
877650728
761422594
478280261
677993953
761348932
794227094
1446704906
789566792
1144102982
1204013825
1385493608
1129683450
1152812391
1022978825
1064476273
1096985870
976010298
1085815070
1626788594
2158174586
591179443
653762036
1008906216
1025234049
1410875170
1199850303
1169750574
920864508
842075483
-1
610006402
739180494
1064496991
1556314606
1051052878
1814856418
1174889130
712540436
1205775705
1020824849
857554340
1255195563
1619539585
998240102
1167746802
1263269581
1158553009
1138853947
95882944
1006481244
404532021
1105303857
1335553128
664346234
700595510
1207557720
1199965552
832719856
1678521265
1014624269
1358999361
722867999
654762240
623297624
909687902
1266963958
209007245
534740104
753401674
909180394
1672017720
1058594694
1294211128
736271137
567730273
677970007
-1
793482545
420103905
1097505724
1366649935
1071519593
709805163
710475041
595714059
979040747
460843456
1543379016
158171644
865476409
909956357
937764855
927885821
686240116
1233584267
1501253981
709657286
319554772
1815377381
992995325
963055041
522279098
-1
1288921419
606268356
468342111
793133624
1035698600
574231641
807511240
1078083507
1287714687
565889410
683586557
603467371
1102864654
1044823577
869342493
-1
1022370174
1276638908
783534496
988980517
869325606
1168308322
1163277559
1427313373
1089498688
615118886
-1
607731941
975906505
1516450762
1747822038
455711120
1168298080
1084211880
763555525
1448318022
547792189
770674398
963419947
1095155349
975207075
1044199621
591316638
919231424
786375153
915484948
236770299
863526697
797990985
1218975454
1687926612
537114900
749366293
-1
1151932049
703556817
647810586
474608188
889343505
688075139
1080626147
467484349
670611295
832804630
955133365
1611682468
987025794
801546897
1230172236
873801555
1044945924
1236298808
751838998
680726990
419937857
1406462036
-1
1299394663
877218492
344406763
1048003842
659340298
1311792134
1444355596
1760316863
1097872666
850957037
813512468
740036159
973200004
0
1814500013
503716013
1028453352
1018397556
143690638
1047953674
721770151
1301715563
1029632256
607827507
770390678
1174778358
659240457
1296100954
1989931124
676482521
816317271
563003534
519253326
916693887
1337144975
-1
1519602323
629180507
829053417
1435702535
1971198247
1352007761
551901780
1259627905
371012581
1153178672
375581149
706921589
542097789
1650715599
1063490673
657683007
608201195
978378903
1253117720
1073853337
1003379925
779532841
1793870897
-1
1170266693
1542571896
1584856436
795830013
1162639138
879672635
1059709843
707252685
807789538
1062957823
1359532885
1497285411
1443413556
1263867924
-1
616893566
1148558652
1202365468
1744127385
1497443719
888080011
427049490
391972187
1199696344
1093082934
828054588
1016031461
987160195
819500138
1049466424
930458037
1226359698
1744780813
836655917
1061771421
960320445
1210109685
1284108142
1131056072
1399797062
853261109
924887526
1129878353
1397345845
1234795008
2030518254
1662870433
685650197
595655694
1140055020
768323673
1683642059
639409698
401090116
-1
2298491890
438252173
1263971449
1063614888
989618369
774417585
1259174682
890160225
594286685
1799410280
1131039254
1052619722
1577463114
1361592537
429788717
939037187
1684046823
1584727360
968823774
751994052
2137062907
784487832
1247127454
834072769
695085732
755695393
289963563
863084863
1667452485
433789602
744963368
1348941201
688142338
890263773
953209572
1356051114
661441619
1200937519
521316036
1362655718
953677102
1552545765
1556005830
700596665
867697597
725857517
639457428
1253234054
1233666654
946840897
845717932
321968270
775878096
615543305
528799383
1686022662
577544911
579165146
1473211781
782716130
744470008
540724279
954266710
791743981
1000428098
1087587514
1318346601
1012750190
1385536161
-1
340171998
563218378
486213079
981937926
758093489
687569636
1529342986
290708178
1042957236
1047464075
831920230
1638482449
650900937
-1
1181999440
1623541114
1158047302
1259302635
1094960366
629717070
488902603
829994543
807967008
523856384
486625254
1650118624
1890852118
2156411977
-1
1917922488
1200541285
2043879675
701092036
1941849817
1051673966
730296912
540268119
430415376
615379810
995530905
1412576223
792052035
735680825
1136864428
1305917896
1123482645
243238507
1293329394
706343759
1026163145
1435261463
1334584030
826132507
1315787300
1870411924
883485864
980075970
555490271
538091474
228257423
1500554566
1033273625
1442154050
545166958
1125142817
935539089
1699134454
978456166
629666048
956305359
985424048
1226546440
725076994
621034042
928843156
1644956598
303355627
974791269
755773842
454529354
1251352316
523669357
1562008193
1061788465
751772238
988061653
384474855
581283065
526572566
1155534253
878072899
898763504
805175218
636255968
863072338
902483445
1489910271
1155630689
1026160664
671059878
1032789309
1120995055
942748068
1133482843
1534859881
1301620035
521794845
921346680
932341319
1042068840
2027416991
685245672
197167105
976826064
964984666
1739299431
677281672
543718694
469120201
786008000
1196656155
843155896
735475765
1260980680
667234726
1435936297
1217062091
1124873253
1179740387
545026855
708840501
1282687771
827572871
1424354955
-1
798956591
958926560
626346872
1421749362
1172322154
1413264183
607753447
1154861046
1149660648
366049107
1239109394
928588264
924841744
1547873098
974603499
848935209
938252267
915905972
804650451
920590697
1745776205
733421386
914651129
745482191
953892032
1289739777
456776131
823806997
1443657292
992166830
869144336
952986376
973398023
857986771
1246930801
1031356541
1344609728
1535272531
1766019848
1291338582
1178800808
1056827982
422665845
1295022346
354294192
1100515079
756731838
2070819968
1365129791
536143219
1053606934
1237724043
1891667245
600678922
647406164
1466004793
515523442
929300211
1257139585
1143574209
472930774
1585327034
1098247591
771282980
435824797
920291290
969028058
900316172
1518525520
622969147
911957639
768572246
1105650583
423188039
1841422406
609474550
1643731075
845306832
905685685
1828072113
1052402600
656365733
805421212
1975594491
1020670608
379790856
1719921499
633814822
816967321
1715216065
1400610848
918290064
1172175187
568095578
968694158
954469355
960340439
1288488512
1774497942
1636149965
667266357
827131952
875049960
920338907
422846649
1361216039
1210580178
1080918951
865040388
513955843
1065188701
1062428247
1504609960
1177940523
630225732
722407629
1203978396
1340501618
632649051
329833946
1253780509
911134004
1066438148
471562231
1477150637
1370071276
706309784
-1
583427690
1324917491
1465011941
536260425
768798608
1641696489
706318244
590811247
1467789957
1089659470
1369509548
1191577980
978950909
1295113273
1418228135
1299468411
890107693
864579723
898788001
1557366449
867387265
876502282
706129824
1248268895
925683966
768330390
1025326048
986226046
794863713
803337065
1164087154
861858740
1779613445
1773274768
1213528064
1012785646
975227971
562159665
2316953744
1224888982
1156767130
1168229771
590248714
553039547
1470131005
2027032843
1077574164
525917395
846707997
1379458876
285103391
893309253
1370662002
1806621513
850449978
253271089
624679563
657511607
1824181352
729537515
1254037227
1356089669
1059931648
1010678066
556761707
419232100
1226372614
1600276689
898702277
697294192
1229477833
1363271732
319566466
388589581
1798805813
1404190389
944109908
1506330340
1204742980
482253271
1060666836
421833785
854405939
1886122054
1287043846
953926141
1444958194
272764748
1020188369
219054914
1178702180
963937911
924056624
1535911365
2023325369
1734491410
861053770
881615377
1249257295
138602468
650104607
826425479
1229573920
1013746127
1449744634
561825306
1440223262
1207012262
502106233
517686753
