100 100
1 2 1 1 3 1 2 3 3 3 1 3 3 1 3 2 3 1 3 3 1 3 1 2 3 2 3 1 2 3 1 3 2 2 3 3 2 3 3 1 1 3 3 1 1 3 1 2 1 1 2 3 1 3 3 3 1 2 2 1 1 2 3 1 1 3 2 2 1 1 3 2 2 1 1 3 1 2 3 1 1 2 3 3 1 2 3 3 2 2 1 1 1 3 2 1 1 2 3 3 
44 95
35 73
47 57
22 69
46 78
49 49
3 10
7 57
6 90
13 59
69 74
46 88
16 67
56 93
20 66
26 33
47 95
28 72
42 94
68 97
22 91
26 61
16 30
46 89
15 93
1 97
22 31
8 85
23 67
52 91
45 74
14 66
39 49
26 74
4 34
52 68
7 97
46 77
23 40
96 97
75 97
19 53
27 42
13 88
59 74
12 12
10 37
26 70
4 53
48 81
13 37
19 53
11 92
47 95
24 32
15 25
21 79
61 96
32 81
8 100
30 52
27 54
19 54
31 81
14 25
17 18
22 27
41 66
73 85
49 66
3 74
17 19
55 90
51 88
15 36
19 91
45 99
2 90
42 50
1 70
10 16
25 47
28 83
79 83
79 88
69 92
10 54
21 82
46 70
56 59
30 80
28 100
23 70
14 43
69 78
12 82
58 66
52 79
81 100
17 62
