8192
3
4
2097152
32
8388608
524288
3
16777216
2048
3
301989884
8388608
524288
2048
64
8
128
65536
3
32
4
1048576
8
2048
256
512
65536
134217728
4194304
67108864
8388608
4
524288
32
32
1024
4
16
2097152
1024
268435456
4096
33554432
301989884
16777216
65536
524288
128
131072
2
65536
8388608
134217728
524288
16
4
1
1024
2097152
64
8
33554432
4194304
16
256
64
524288
1
64
256
1
4194304
150994942
67108864
16
64
134217728
3
32
8192
268435456
32768
64
64
4194304
536870912
64
1
1048576
4194304
16
8388608
64
16
131072
128
4194304
32
8
