1000
890 358
358 88
88 57
57 594
594 772
772 139
139 659
659 394
394 124
124 857
857 840
840 874
874 647
647 801
801 663
663 727
727 415
415 131
131 36
36 452
452 167
167 114
114 724
724 804
804 666
666 938
938 816
816 65
65 794
794 410
410 846
846 324
324 869
869 720
720 473
473 979
979 608
608 920
920 514
514 644
644 643
643 230
230 848
848 108
108 604
604 521
521 153
153 81
81 199
199 292
292 808
808 195
195 944
944 983
983 217
217 694
694 551
551 717
717 958
958 792
792 989
989 136
136 505
505 946
946 22
22 616
616 219
219 702
702 378
378 69
69 227
227 409
409 970
970 700
700 178
178 896
896 464
464 107
107 736
736 827
827 784
784 28
28 934
934 169
169 986
986 392
392 882
882 599
599 52
52 475
475 582
582 897
897 428
428 423
423 957
957 482
482 474
474 746
746 627
627 344
344 530
530 584
584 85
85 447
447 623
623 917
917 463
463 281
281 231
231 876
876 554
554 123
123 151
151 881
881 559
559 257
257 967
967 282
282 854
854 674
674 353
353 527
527 921
921 590
590 922
922 48
48 558
558 355
355 960
960 645
645 688
688 104
104 109
109 397
397 814
814 296
296 733
733 502
502 506
506 613
613 690
690 595
595 80
80 642
642 855
855 508
508 503
503 320
320 308
308 224
224 835
835 773
773 449
449 380
380 113
113 823
823 832
832 837
837 466
466 370
370 664
664 864
864 639
639 4
4 924
924 5
5 339
339 11
11 812
812 833
833 476
476 575
575 155
155 614
614 469
469 68
68 146
146 121
121 629
629 775
775 619
619 863
863 352
352 562
562 249
249 487
487 362
362 135
135 10
10 37
37 429
429 280
280 406
406 187
187 774
774 911
911 894
894 776
776 552
552 493
493 446
446 716
716 307
307 327
327 248
248 830
830 549
549 935
935 483
483 852
852 862
862 44
44 326
326 936
936 253
253 638
638 338
338 166
166 609
609 932
932 465
465 656
656 100
100 67
67 651
651 668
668 261
261 443
443 519
519 691
691 341
341 8
8 652
652 755
755 444
444 361
361 966
966 718
718 156
156 267
267 349
349 95
95 363
363 822
822 641
641 424
424 658
658 581
581 87
87 682
682 500
500 516
516 884
884 907
907 828
828 206
206 671
671 93
93 501
501 304
304 861
861 941
941 191
191 531
531 589
589 58
58 291
291 405
405 117
117 179
179 849
849 343
343 973
973 517
517 615
615 564
564 525
525 390
390 732
732 489
489 255
255 598
598 75
75 809
809 621
621 186
186 870
870 578
578 110
110 507
507 953
953 532
532 593
593 408
408 495
495 111
111 734
734 278
278 426
426 573
573 125
125 631
631 259
259 743
743 171
171 39
39 826
826 667
667 985
985 160
160 850
850 71
71 31
31 175
175 20
20 462
462 758
758 728
728 127
127 769
769 128
128 317
317 70
70 843
843 904
904 612
612 38
38 438
438 557
557 927
927 77
77 98
98 242
242 159
159 396
396 813
813 756
756 710
710 262
262 215
215 600
600 693
693 350
350 511
511 168
168 263
263 577
577 419
419 269
269 701
701 673
673 980
980 189
189 137
137 468
468 569
569 208
208 200
200 912
912 859
859 210
210 461
461 256
256 759
759 737
737 112
112 544
544 197
197 106
106 543
543 705
705 740
740 245
245 24
24 867
867 359
359 348
348 105
105 750
750 436
436 130
130 879
879 49
49 972
972 872
872 213
213 675
675 332
332 279
279 676
676 749
749 853
853 875
875 335
335 21
21 220
220 373
373 232
232 427
427 553
553 795
795 485
485 782
782 790
790 679
679 238
238 787
787 42
42 275
275 601
601 820
820 964
964 244
244 82
82 418
418 990
990 94
94 319
319 892
892 640
640 322
322 838
838 635
635 329
329 518
518 306
306 23
23 450
450 877
877 25
25 51
51 488
488 243
243 34
34 735
735 788
788 528
528 961
961 455
455 288
288 451
451 133
133 546
546 72
72 625
625 914
914 471
471 681
681 887
887 998
998 152
152 192
192 987
987 622
622 777
777 400
400 478
478 89
89 129
129 680
680 498
498 730
730 704
704 536
536 978
978 119
119 731
731 748
748 470
470 43
43 435
435 910
910 201
201 739
739 254
254 148
148 376
376 610
610 399
399 247
247 945
945 170
170 379
379 260
260 570
570 173
173 134
134 218
218 395
395 391
391 753
753 509
509 928
928 53
53 889
889 880
880 295
295 347
347 916
113 1
232 2
986 3
998 6
306 7
267 9
426 12
67 13
186 14
244 15
408 16
135 17
4 18
192 19
880 26
419 27
790 29
119 30
282 32
100 33
227 35
890 40
732 41
80 45
840 46
570 47
813 50
85 54
82 55
850 56
248 59
593 60
461 61
48 62
344 63
34 64
443 66
808 73
100 74
378 76
645 78
848 79
921 83
88 84
380 86
944 90
575 91
324 92
788 96
447 97
34 99
790 101
500 102
644 103
822 115
227 116
87 118
58 120
256 122
93 126
569 132
114 138
87 140
600 141
80 142
281 143
261 144
927 145
581 147
476 149
400 150
998 154
124 157
961 158
735 161
355 162
801 163
787 164
804 165
243 172
153 174
71 176
864 177
443 180
232 181
71 182
219 183
724 184
849 185
748 188
972 190
48 193
983 194
391 196
615 198
175 202
944 203
106 204
808 205
123 207
582 209
255 211
614 212
846 214
569 216
794 221
370 222
8 223
728 225
127 226
476 228
257 229
444 233
195 234
718 235
156 236
638 237
582 239
444 240
113 241
869 246
876 250
447 251
253 252
631 258
889 264
530 265
449 266
88 268
970 270
25 271
983 272
557 273
70 274
170 276
280 277
777 283
332 284
71 285
361 286
554 287
71 289
877 290
423 293
137 294
668 297
379 298
201 299
244 300
936 301
493 302
227 303
503 305
199 309
920 310
812 311
21 312
178 313
718 314
658 315
809 316
957 318
700 321
938 323
920 325
794 328
820 330
410 331
852 333
680 334
629 336
43 337
155 340
435 342
848 345
373 346
917 351
693 354
509 356
543 357
4 360
985 364
178 365
897 366
464 367
980 368
658 369
536 371
104 372
70 374
864 375
864 377
81 381
436 382
119 383
88 384
941 385
854 386
449 387
882 388
855 389
737 393
912 398
578 401
578 402
197 403
320 404
735 407
673 411
189 412
543 413
34 414
319 416
753 417
735 420
452 421
787 422
280 425
502 430
613 431
598 432
461 433
95 434
206 437
989 439
934 440
476 441
87 442
189 445
740 448
737 453
853 454
476 456
461 457
58 458
562 459
363 460
397 467
511 472
397 477
916 479
20 480
740 481
652 484
582 486
795 490
945 491
215 492
409 494
990 496
558 497
623 499
967 504
794 510
973 512
509 513
326 515
978 520
65 522
485 523
717 524
843 526
645 529
380 533
186 534
674 535
569 537
326 538
816 539
832 540
370 541
740 542
990 545
261 547
89 548
788 550
705 555
718 556
80 560
884 561
924 563
641 565
852 566
505 567
642 568
191 571
663 572
353 574
857 576
406 579
10 580
51 583
43 585
743 586
518 587
77 588
740 591
914 592
558 596
410 597
528 602
934 603
808 605
910 606
452 607
730 611
327 617
464 618
244 620
429 624
658 626
451 628
645 630
826 632
370 633
882 634
348 636
998 637
980 646
168 648
175 649
436 650
675 653
782 654
464 655
859 657
135 660
22 661
373 662
167 665
877 669
128 670
776 672
151 677
109 678
95 683
168 684
846 685
341 686
465 687
750 689
435 692
784 695
88 696
261 697
733 698
482 699
736 703
408 706
700 707
109 708
850 709
705 711
739 712
210 713
863 714
546 715
814 719
167 721
852 722
828 723
361 725
967 726
451 729
604 738
133 741
166 742
833 744
980 745
921 747
716 751
756 752
639 754
673 757
582 760
127 761
787 762
775 763
508 764
124 765
320 766
215 767
812 768
577 770
255 771
746 778
731 779
890 780
505 781
53 783
134 785
215 786
322 789
769 791
859 793
230 796
945 797
769 798
20 799
443 800
81 802
734 803
904 805
835 806
645 807
70 810
675 811
835 815
935 817
379 818
870 819
862 821
23 824
148 825
960 829
378 831
58 834
415 836
869 839
449 841
455 842
859 844
848 845
739 847
622 851
146 856
155 858
409 860
641 865
828 866
70 868
740 871
544 873
507 878
518 883
794 885
152 886
961 888
667 891
489 893
727 895
514 898
179 899
127 900
468 901
117 902
964 903
470 905
488 906
833 908
644 909
970 913
231 915
508 918
409 919
559 923
867 925
701 926
71 929
835 930
857 931
874 933
262 937
34 939
217 940
133 942
794 943
5 947
536 948
973 949
808 950
243 951
281 952
399 954
23 955
77 956
590 959
531 962
107 963
38 965
248 968
584 969
455 971
192 974
390 975
217 976
838 977
887 981
681 982
792 984
130 988
466 991
532 992
503 993
838 994
69 995
415 996
979 997
758 999
128 1000
