280
133 127 23
85 28 108
67 68 115
121 90 100
89 17 102
82 115 58
116 136 77
160 178 93
137 25 116
44 110 68
20 54 48
119 102 117
131 69 8
56 71 133
84 1 66
123 63 26
14 12 116
108 46 80
18 27 59
40 18 85
86 103 86
9 294 295
45 48 21
75 98 43
84 110 67
258 251 92
97 122 81
22 8 36
12 133 129
21 47 108
57 62 78
125 86 97
135 28 55
28 4 52
10 135 59
118 25 24
75 26 123
113 6 128
77 64 25
117 81 57
92 68 11
13 32 51
117 40 46
67 81 72
54 111 60
135 120 113
132 26 84
180 175 187
59 76 40
31 9 56
18 74 80
65 1 104
123 97 51
21 55 7
97 36 131
61 137 40
115 104 107
54 126 44
43 64 19
15 47 85
14 92 59
84 120 29
165 76 169
46 90 112
81 125 17
45 1 73
99 140 74
131 1 62
105 130 32
14 28 83
121 93 40
121 119 110
37 90 85
117 59 129
18 66 113
66 49 55
104 46 16
52 2 8
287 284 233
131 123 120
47 51 12
12 62 120
139 4 133
126 102 76
81 137 47
43 131 120
19 5 121
47 21 98
124 34 117
129 141 91
56 60 99
92 64 50
127 119 71
117 14 107
114 141 16
100 107 74
221 173 216
65 69 132
25 122 84
87 18 109
43 87 120
21 200 190
121 61 27
122 109 106
130 46 109
90 149 125
21 120 61
59 21 38
87 79 20
15 226 212
55 115 121
120 134 4
125 118 30
76 21 17
97 118 74
97 25 81
88 95 51
14 70 78
2 10 33
11 30 77
45 59 89
119 139 122
117 60 112
29 71 9
35 15 31
61 132 113
34 62 126
110 132 59
123 105 127
97 122 51
75 95 131
48 93 33
66 140 124
76 84 129
63 61 46
34 86 21
135 193 181
137 133 71
52 44 87
31 106 77
132 143 1
166 279 281
112 87 84
110 163 152
101 65 23
115 47 47
128 54 83
102 297 297
98 98 18
36 48 105
137 129 18
88 145 60
138 93 28
85 55 101
60 20 43
13 85 12
49 97 87
133 5 27
93 48 68
271 270 101
56 76 108
46 17 84
138 72 126
76 48 127
23 137 74
52 99 5
43 68 58
3 101 76
128 29 105
61 16 123
135 52 23
119 29 106
7 71 73
53 43 87
12 84 79
27 69 32
95 101 106
31 275 271
263 15 255
23 83 117
101 148 44
37 93 86
227 279 282
76 55 76
37 128 109
188 202 58
282 277 176
78 148 116
76 6 11
47 31 17
118 136 38
57 139 15
81 21 4
51 68 105
55 96 113
136 6 25
2 65 83
70 143 114
178 71 184
48 109 38
61 66 68
40 37 1
133 55 13
145 158 32
99 76 40
136 49 87
118 11 12
101 46 89
85 107 10
45 34 1
106 15 8
86 104 101
53 114 59
41 12 130
83 104 50
17 91 36
17 110 46
28 18 21
240 239 96
172 276 273
23 128 9
29 53 102
3 5 121
71 3 96
39 90 136
138 78 56
104 17 116
95 56 93
17 109 123
38 26 76
50 141 79
63 48 99
122 112 135
91 133 19
8 68 82
21 34 64
23 16 121
4 85 47
47 75 96
106 110 13
136 11 70
71 143 85
46 132 67
181 203 190
148 160 46
150 163 47
127 33 70
55 91 95
154 167 120
73 139 132
83 110 94
19 17 97
240 239 16
128 84 119
47 4 134
49 92 99
45 28 93
20 14 109
103 56 47
3 55 120
24 44 105
29 144 119
109 34 21
136 38 51
37 62 94
35 134 96
115 47 97
48 102 78
3 117 61
225 290 292
111 53 9
132 147 91
78 75 114
14 111 81
7 98 8
248 87 238
34 88 9
29 143 64
30 87 75
77 124 22
