820
4
1101
0101
1011
0001
6
110010
100100
010101
010001
011010
000010
6
100000
010000
011011
011100
100010
001110
4
0100
1010
1100
0101
4
0000
0101
0001
0110
6
101110
111000
010110
100000
100100
111010
4
0100
0010
0011
1100
5
01101
11011
10000
01000
00111
4
0001
1001
0000
1110
6
101011
001101
111001
010010
010110
001111
6
010010
001010
101100
100101
011011
010111
5
01100
00111
01100
10001
11101
5
10010
10101
11110
01111
11100
4
0001
0011
1010
0110
4
1001
0000
1001
1111
4
1110
1011
0100
0000
6
010111
000100
010110
100010
011100
100111
6
011001
111010
001011
100101
010001
111110
6
101001
111010
000101
010100
111111
111000
4
1100
1101
0001
1110
6
001000
101001
001011
101100
000111
000100
6
000000
011011
111110
100010
011111
011100
4
1010
0110
1001
1011
6
111100
001000
010110
100100
111000
111101
5
10010
01011
10010
10101
10001
5
10010
11111
01111
11110
11001
6
110100
000011
111011
011100
110100
110010
4
0101
0011
0000
0101
5
11101
01110
11111
01110
00001
6
000001
001000
110101
110000
101110
110101
6
110011
100110
001000
011100
001100
100100
6
011101
110001
100100
111111
011100
111000
4
1000
0100
0110
0101
5
00111
10100
10101
10001
11111
4
0001
1011
1010
1110
5
00011
10100
11111
00110
10110
6
010101
001001
010001
000100
100011
000010
5
01110
01010
10000
00100
01101
4
0111
0111
1000
1011
4
0011
1001
1110
1101
5
00110
10001
01100
10111
10011
4
1111
0100
0011
1010
5
00010
01001
11010
10001
11001
6
011011
010001
100100
111100
000100
110011
6
110001
110001
101010
111101
010100
000010
6
001011
011111
101110
101111
000010
000001
4
0100
1100
0010
0100
6
010101
001001
001011
111111
100110
100011
4
0011
1101
1010
0100
4
1000
0110
0011
0100
4
1110
0010
1001
0011
6
100011
110010
101001
001101
100001
111011
5
00011
00110
00110
10011
11001
4
1101
0100
1011
0100
4
1100
0001
1110
0101
5
01100
10010
11001
01110
00111
4
0100
0110
1000
0010
6
101001
001001
011111
110100
010101
100111
5
01110
01111
11101
00011
00011
5
01010
00110
01111
01010
10111
4
0011
0100
1000
0110
6
011000
011100
000110
000010
010111
001101
6
100000
000100
010010
111101
010001
001101
6
001111
101101
001010
011101
001100
111010
6
101001
011011
110001
000101
111011
011110
4
0101
1010
1000
1001
5
10001
01010
10100
00011
10000
4
0001
1000
1101
1011
5
11000
10111
11010
00101
00001
6
110001
000011
000010
111111
000100
000110
6
000000
110011
100101
110011
101110
001011
4
0001
0101
1111
1010
5
11101
10101
00111
00111
10011
4
0010
1110
0100
1011
4
0010
1101
0100
0111
6
000110
001101
010011
111100
011010
101100
6
011001
011000
010011
100111
000111
111110
4
0100
0101
0111
0111
6
110110
011000
011101
011001
111011
100000
6
111011
010011
100001
101101
011001
001011
4
1111
0110
1101
0100
4
0110
0011
1011
0001
6
001001
100100
111110
110110
010111
100001
5
10001
00100
10110
10110
00110
6
010011
101010
001101
101110
000001
110011
4
0100
0001
0111
1101
5
11110
10101
11011
00010
01001
6
010110
001110
000111
111001
111001
011111
6
010110
011000
101010
001101
010000
111101
6
010110
111111
101101
110100
101011
010101
6
111110
001101
011011
010011
100000
001101
6
110100
001000
100001
001001
100111
010100
6
010100
110110
011011
100101
101110
111111
4
1011
0111
0001
1100
4
0011
0111
1001
1000
5
00101
01101
00110
11000
01101
5
10000
01001
11110
01001
10100
4
1011
0100
0111
0110
4
1111
0010
0011
0100
4
1111
0110
0001
1000
5
11010
01101
11110
00000
10100
6
010101
110100
001111
010000
010101
010110
5
00000
00011
10000
00100
11111
5
11001
10010
10001
10000
01101
4
0101
1100
1000
0010
4
1110
1001
1000
0001
5
11110
01101
10011
10000
10111
6
011100
101010
000111
101011
100000
110001
6
111010
111000
111000
110111
010001
110010
5
00010
00100
01111
11001
11111
6
100110
011101
101001
110000
101110
111011
4
0111
1011
1110
0100
5
01001
01101
10110
11100
10100
5
11100
01110
11111
00010
00101
4
0101
1001
1101
0011
4
1101
1011
1001
1000
6
111000
111101
000011
010101
100111
110000
6
101010
011110
010001
001101
011100
010001
5
01001
00100
01010
01011
00111
6
010011
100010
110011
111011
000001
000111
4
1001
1111
0011
1110
6
101010
100101
110010
111011
100111
111100
6
001100
001011
110000
110011
000111
011101
4
0001
1011
1000
0001
6
001111
111010
010000
101010
100110
110101
4
1010
0011
1110
0001
4
1011
1101
0101
0010
4
0111
1000
1011
0001
5
11001
00100
10110
01001
00111
6
111111
011010
011110
101111
001110
000001
5
01110
01001
00010
00111
10000
5
01101
11111
00000
01011
10101
5
10110
01011
00100
11100
00010
5
00001
11101
00010
00111
01001
4
1011
1110
0101
1100
4
1111
1000
0000
1010
4
1000
1110
0010
1101
4
1100
0000
1100
0101
6
000001
001010
110011
100111
010111
000010
6
010110
001111
011101
011111
111100
001100
4
0011
1101
1001
0011
4
0111
0101
1011
1010
5
11010
11011
00110
01111
10010
6
110101
000111
000010
001111
000111
011000
5
00001
00101
01011
01101
10010
5
11111
00011
00011
00011
01010
4
1001
1001
1111
1011
5
00110
01010
10110
11100
01101
6
000001
111011
100110
000000
010101
010011
5
00010
00010
01101
11100
11101
4
0110
0010
0011
0001
6
101110
101111
101100
001011
110000
111111
4
0100
1011
0111
0100
5
00100
10001
10010
11011
10111
6
110011
111010
101100
000110
011010
011100
6
011101
000111
001100
111101
011111
011100
6
111001
010011
101001
001110
001000
011100
5
00000
01100
11001
10011
00101
6
000111
001110
100111
110011
111010
100011
6
100100
000110
001111
110000
110001
000000
5
01011
10100
10011
01010
00011
4
0010
0100
1100
0101
6
100011
010000
010111
111111
110110
101000
6
010000
011011
010111
001000
111001
001001
5
00011
11100
11010
00010
01010
4
1100
0000
1010
0001
5
01011
10001
01011
10011
10111
5
00011
11101
11000
11101
10001
6
011110
010110
111001
110010
111010
000100
5
00000
01010
01000
11110
10000
6
111000
000000
111101
011111
010101
101001
6
100101
110000
010011
111000
111000
100111
5
10011
00101
01111
00110
01100
4
1110
0001
0010
0011
5
01011
01011
11011
01110
10110
5
01011
00011
10111
00100
10011
6
011000
011010
000001
010000
101101
100001
4
1001
0111
0111
1101
4
1010
1000
1010
1000
5
10100
11100
10111
01101
11010
5
11011
01100
00001
11100
11101
4
0110
1101
0000
1000
5
10100
11100
10010
00001
01100
4
1100
0000
1001
1011
5
01101
10110
00110
01110
11110
4
0101
1100
0101
1010
6
001011
011110
001101
110011
101011
011011
5
01100
11111
00011
10110
00011
5
10010
01100
11110
10101
10100
6
001011
100001
101010
101010
001110
110000
6
011000
000011
001000
111101
110111
101011
4
0101
1010
1011
1110
6
010101
101011
010100
101011
010101
110110
5
10000
01011
10101
11100
10011
4
1010
0101
0100
1101
4
1110
1010
0110
0001
4
0101
1100
1000
1111
4
0001
0101
0011
0100
5
00001
11000
11110
10101
00000
4
0100
0010
1011
0000
6
000100
111100
110111
000110
111000
010111
4
0101
0111
1111
0010
5
10110
01001
11111
11011
11101
4
0000
0111
0000
1111
6
100101
110110
001100
010011
010111
101110
4
1101
0101
1101
1001
4
0111
1010
1001
0100
4
0110
1010
0111
0110
4
0111
1111
1011
0110
5
00001
11111
10000
00001
11110
5
01001
01100
11000
11011
00000
6
110111
111101
011001
011010
101001
011001
4
1101
1000
1100
0110
6
100010
011110
100111
000100
011010
010110
6
111001
101100
100100
111111
100101
001111
5
10100
10110
00101
11111
00001
6
000001
001101
011001
111011
100110
001011
5
01010
10111
10101
11101
10001
4
0101
0001
0100
1000
6
101000
000100
011001
100100
101000
100001
5
11110
00011
01110
10010
01101
4
1011
0001
1110
1101
6
100111
000101
011110
110001
011001
001001
4
0000
1100
1110
0111
6
011101
100010
000110
001110
111110
011011
6
001000
001011
110000
011100
011101
010101
4
0111
0011
0011
1001
6
100001
010111
001101
111011
110011
101110
4
1000
1010
0000
0011
5
11000
00001
00010
00001
00000
6
000010
000001
111100
100110
110000
100000
5
00110
10101
01110
10100
00000
4
1111
1010
1011
0101
5
00000
01100
01110
11111
00101
5
01111
00011
11001
11011
00001
5
01110
10011
01111
00010
10101
4
0001
1010
0111
1001
5
00000
10010
10101
11010
00111
5
11111
00110
00010
00000
00111
5
01000
11111
00111
00000
01000
4
1101
1101
0100
0101
5
01111
11101
10111
00011
10011
5
00111
00101
01011
10010
11000
4
0001
0100
0110
0001
6
100101
100110
010001
011110
100000
011010
4
0001
0000
1000
0101
5
00111
01011
00000
11011
10010
5
10010
11111
10000
00010
11001
4
1100
1110
0100
1011
5
10011
00010
11101
10111
01101
5
00100
01110
01000
10001
11010
4
0001
1010
0111
1110
6
011100
001111
010000
010101
001101
011001
5
11101
10101
11111
11000
01100
5
00001
00011
10010
10000
01111
5
01111
11000
01100
01000
00100
5
01100
10001
10111
11100
11100
4
1101
0010
0010
0110
6
101110
001011
010100
010110
010100
001000
4
1101
0111
0001
0101
5
11101
11100
11010
11011
10111
4
0001
1000
0110
0110
6
000110
001100
110110
111001
101101
001001
6
011110
001000
011100
011010
100000
011010
5
00110
10000
11100
10000
01000
6
001000
111111
100011
010100
000010
111001
4
0011
0100
1101
1110
5
00011
01100
00000
11110
01010
6
100010
101010
010011
110100
111111
010000
5
11000
11100
11000
00101
10110
5
00000
01000
11010
11000
11000
6
001011
111100
111010
010010
001000
010000
5
11110
00110
10101
01100
00101
4
0011
0010
1011
0010
6
000110
101001
110110
111010
100100
011010
5
11010
10110
11111
01001
00001
5
01001
11011
01000
01001
11111
6
111010
111100
000010
100111
001111
101000
4
0001
1000
1111
0110
4
0000
0100
0100
1100
5
11111
00010
00100
01111
11101
4
1111
1111
0010
1101
6
010100
111010
100101
110101
100101
110000
4
0111
0101
1111
1011
5
00111
00111
11100
01101
00111
4
0101
0101
1111
0001
4
1000
1110
1101
1011
5
10001
11101
01111
11000
01101
5
01011
11000
10001
11010
11000
6
101111
111110
001101
110111
110110
000110
5
00000
00001
11010
11101
10101
4
1000
1011
1100
1000
4
1111
0011
0011
1101
6
001110
011111
011010
001110
110000
001110
6
111111
100011
111101
001001
011001
100001
5
10010
00010
01011
00110
11011
4
1110
1001
0110
0101
4
1100
0000
0001
0011
4
0010
0111
0100
1111
4
0110
1011
0101
1010
5
01001
00110
01110
10011
00101
4
1011
1101
1110
0001
6
101100
110101
101101
011111
001101
101110
5
10011
11001
01011
10010
10000
5
01101
10101
11010
01111
01010
4
0001
0010
0000
0110
4
1111
0000
0111
0001
4
0101
1101
1001
1111
4
0101
1001
0010
0001
6
011010
110110
000010
101001
000011
111000
4
1110
1111
1100
0000
4
1001
1100
1010
0011
5
11000
10001
10010
00011
00111
5
11000
01100
10000
10001
01001
5
10011
11010
10101
11001
11101
4
0001
0001
1101
1100
4
1101
0010
1111
1101
6
010110
101111
110010
111110
110110
111011
4
0000
1101
0110
1010
4
1111
0110
0000
1001
4
0101
0010
1010
0110
4
1100
1101
0110
1111
6
000010
010011
110100
111110
101001
001001
5
01000
00110
00110
11100
10000
5
01110
10000
10000
10111
00001
5
01111
00100
00100
10010
11011
4
1010
1101
0010
0000
5
11000
10001
00100
01101
10011
5
10111
00010
11111
10101
00001
4
0000
1010
0111
0010
4
1100
1111
1011
1010
6
010101
110111
110110
001101
000100
110010
6
100010
000111
100010
100100
000100
100111
4
0100
1011
1110
0110
5
10111
01011
01001
00001
00100
5
10001
00000
11100
10111
11011
4
1000
0010
0101
0111
4
0010
1101
1011
0001
6
111011
000100
100010
010110
011011
100111
4
0000
0010
0010
1001
5
10000
11110
10100
01000
10001
5
11011
10101
11000
01111
10110
6
101011
010000
000110
001100
101101
111011
6
000000
110010
011100
000111
100101
011010
4
1001
1011
0111
1010
4
0000
0110
1001
1100
6
101101
010110
001111
011000
011100
000011
4
0011
1111
1100
1001
4
0110
1101
0111
1111
5
10001
10101
11001
01110
00110
5
10100
11100
00111
10110
11111
6
111110
011111
111110
100000
010110
101010
4
1111
0001
0100
1101
6
010100
110101
111011
111001
010111
010111
4
0001
1111
0010
0100
4
0101
1011
0101
1110
6
110100
001011
001010
101101
111101
011001
5
00110
01001
10100
11011
10011
4
1010
0000
1111
0111
4
1010
1111
1110
1001
6
100111
110101
001000
011011
110111
011010
6
001000
010010
010000
101011
101100
101111
6
101011
111110
110111
000010
110001
110010
4
1110
1000
1001
0111
5
10100
00101
11110
00000
00100
6
000001
001111
010101
011011
010101
111110
6
111010
111001
001000
111110
000010
001011
5
01010
11110
11000
10010
00001
6
100101
111000
110010
000111
000101
001111
5
01111
01111
10001
00001
01010
6
001100
010010
010000
100110
100011
110001
4
0010
0100
0110
0111
6
100100
010010
001001
000001
000000
001000
6
100101
000010
001010
101101
000110
101000
4
0001
1000
1000
1110
5
01011
00110
00110
01000
01110
6
000101
010111
111100
010110
001111
110001
4
0000
1110
0001
1001
6
000101
011010
001111
100111
000001
100001
4
1000
0101
1010
1111
5
10101
01110
01011
01110
10100
4
0101
0111
1001
1011
4
1100
1000
0110
1110
4
0101
1100
0100
0011
5
11100
10111
01110
10000
10010
5
01001
00101
01111
00101
11101
6
000110
010011
110000
100010
000010
101000
6
000010
000001
110110
110001
101000
001010
4
0111
0100
1011
1110
5
10000
01011
01001
11101
01111
6
101100
011110
110111
100011
010101
111011
5
10010
01010
10001
10010
11100
4
0100
1101
0001
1100
6
011011
100011
101100
010000
101011
100010
5
10100
00111
10011
00100
01110
6
100110
010010
000010
110101
111100
000111
5
01000
10111
01010
01101
01010
6
101101
000010
100110
101010
111101
001101
5
00010
00110
10011
01011
00111
4
1001
0111
0001
1000
5
00010
00011
10011
11101
01011
6
010000
010001
110111
011111
001101
011000
5
00100
00110
01101
00001
01100
6
100110
100000
100010
111101
011101
101110
4
0100
0000
0100
0001
4
1010
0001
0010
0100
5
01100
10110
11100
00101
00100
6
100000
000011
100000
011110
001111
001001
6
111100
001001
010001
111000
100011
110000
6
001110
110100
011101
001101
001111
000101
4
1000
1011
0010
1110
5
10110
01011
10011
00001
00110
6
110010
001101
111000
100011
000001
011011
6
011011
000111
100011
101000
110110
011101
4
1000
0010
1100
0111
6
011100
010100
001100
111011
100010
001100
6
100010
010010
010111
111100
110111
001010
5
00111
11001
01001
11000
00110
4
1101
0001
0110
1000
4
0111
0110
0100
0100
5
11100
00101
10010
01100
10101
5
10000
00101
11100
10111
01000
4
0010
1011
0110
0011
5
01111
00100
10111
01100
11011
5
11110
11000
11111
10100
00101
4
0000
0111
0001
0111
6
001011
100010
011111
111101
100101
001001
5
11011
10010
10000
10010
11100
6
000110
111011
000100
010110
000010
111100
5
01011
11000
10011
00110
11011
4
0010
1111
0001
1100
6
101101
010011
011010
100000
110100
000110
5
01001
10010
10000
00011
10111
5
01100
00000
10100
10111
10001
6
000110
110000
111111
100111
111101
111110
4
0111
1111
0110
0100
4
0011
1101
1110
0110
6
111111
111001
011000
010010
101001
111101
5
01011
00110
00000
11101
10100
6
101110
101110
000100
111111
101101
001100
4
0000
0001
1001
1110
5
11101
10100
00011
10111
11010
6
001001
111010
100101
001001
011111
010101
4
1110
0000
1001
1011
5
11101
11101
11000
10001
00111
5
10101
11100
00111
10111
11000
5
01101
11101
11000
11110
11000
6
010011
001000
011010
000111
101001
111010
4
0100
1010
0011
1010
6
001000
110111
101011
100010
100110
100111
6
101101
111011
111111
000001
101100
001000
5
11010
11100
10111
10011
00000
6
000110
010010
101010
100010
110010
011101
5
00011
00100
01101
10111
00101
6
000000
110011
111101
010111
001110
100100
4
0011
1110
0100
1101
4
0110
0101
0111
0011
5
10000
00001
01010
11100
01100
4
1011
1010
0000
1011
5
11000
00010
11101
01001
11000
6
111110
011000
010100
111110
010010
100110
5
10000
00100
11101
01110
10011
5
10000
11001
10111
01111
00110
6
100100
100000
010101
101000
101011
100001
5
11001
11010
01100
01001
11001
4
0011
0110
1011
0001
6
001110
110010
000010
111101
100000
010000
5
00111
10011
11111
01110
10010
6
110110
000000
101101
110110
000110
000001
6
000111
001110
011010
101110
011101
101110
6
001101
110000
101110
110101
101011
011001
5
10110
11101
01010
10110
10001
5
01011
10101
00000
00100
00000
4
0001
0111
1100
0111
4
1001
1011
0110
1110
6
000001
100010
010000
101111
101100
010010
4
0001
0111
0110
0001
4
1101
1100
1000
1101
4
0111
1011
0000
0011
4
1001
1011
1110
1101
4
1110
0001
1111
0010
4
1101
0001
1100
0010
5
01100
00110
11110
11011
00001
4
0000
0111
0111
1001
6
101110
011101
000001
101101
111111
101101
4
0111
0001
1100
1001
6
100010
011110
100001
111010
001011
011111
4
1010
1010
1111
1010
4
0101
0100
1100
0001
5
10111
10100
01100
01101
10110
6
100000
101011
001011
001011
010011
010100
6
000000
010100
100110
001101
100001
011001
4
0110
1111
1010
0110
5
00000
10111
01001
00010
10100
6
001100
010110
110111
110110
100010
001010
4
0100
0101
0110
0101
5
10100
10101
10101
10110
11000
4
0000
1010
0111
0000
6
000011
101100
011110
111000
101111
000111
6
010110
101101
011100
010110
010110
111001
4
0011
1000
1101
1000
5
11110
01100
10111
11101
01010
4
0010
1100
0111
0101
4
0000
1101
0111
0100
6
010111
010010
000010
111011
010110
010010
4
0100
0001
0010
0010
5
11011
11111
01000
00110
00011
4
0110
0100
0100
1011
4
0100
1100
0011
1110
5
11000
10101
11111
10010
10000
4
1010
1100
0110
1100
6
000101
011111
011101
011010
000011
011101
4
1101
0011
1111
1111
5
11011
10101
01000
00110
11001
6
001101
011111
111010
011111
011001
100000
6
111011
000000
011000
101111
000001
111001
6
100110
000011
011111
100110
101101
000000
6
100001
011100
011001
100011
011101
111110
5
10011
10010
01011
01111
01110
6
111101
100101
011111
110110
101000
000001
4
1110
0100
1000
0100
6
011100
001101
100001
011111
100011
100101
5
01111
11001
01101
01100
01100
4
1111
0111
0111
0000
5
10001
10101
00111
00000
10100
5
11100
10111
01000
00110
00001
4
1100
0111
0001
0111
6
010110
011011
101001
001111
011111
101110
6
010001
001100
100000
010111
011100
010010
6
110011
100100
110110
100010
110011
011111
5
10111
11110
01011
00011
11100
4
1001
0100
0000
1000
6
000000
010000
011110
100111
010010
011101
4
0101
0010
1101
1001
4
0111
1111
0010
1000
6
000011
011010
101101
101100
101110
001100
6
011011
101010
110111
001010
111101
101010
5
00001
10010
11000
10111
00110
5
10010
10101
01100
01011
01000
6
011101
101100
101111
100110
010110
010010
5
11101
10110
01110
01101
00100
4
1101
0110
0110
0110
5
01111
10110
00101
11011
11101
4
0010
0000
0001
1100
4
0001
1100
0111
1101
4
0111
1100
0000
0000
5
00111
01100
10000
10011
01001
5
00000
11010
01101
10000
11011
5
10000
00000
01101
10011
11100
4
0101
0000
0100
1011
5
11101
01001
11000
00001
11110
4
0010
0111
0010
0001
4
0000
1101
0101
1001
6
100000
000110
001011
111001
000100
001101
5
10011
11010
10011
10101
10100
4
0000
1111
1001
1010
5
10111
10100
11111
11110
11001
5
10011
01010
00000
10101
11111
4
0100
1010
1001
0001
4
0101
0011
0000
0101
4
0000
1100
0001
0001
4
1110
0100
0111
0011
5
10001
10101
10111
10001
10110
6
111110
011001
111010
100110
001011
010010
4
1111
0011
1101
1001
6
101011
011001
010110
100011
000010
101010
6
111001
111001
001101
001001
111011
100110
5
01011
00010
10111
11001
11110
6
110011
111011
011110
110101
100001
100010
6
011010
100011
000110
000001
011010
110001
4
0010
1111
1000
0001
5
01110
10111
11110
10100
11100
5
00110
10000
10010
01010
00101
4
1110
1001
1101
0110
4
1101
0001
1001
1100
4
1010
0000
0011
0101
4
1001
1001
0000
0011
6
001101
100100
011001
001010
101110
011000
4
0101
0101
1001
0111
5
11110
10100
00101
10010
11100
5
01101
11101
00110
10101
00110
5
10000
01111
01100
11110
01101
4
0110
0010
0111
1111
4
1100
1100
0110
0001
6
010011
100101
000110
010011
011011
000110
5
10000
11010
01011
10000
00011
4
1011
0011
0101
1011
4
1000
1010
0101
1010
6
100000
101101
101100
100001
111000
001111
4
0010
1001
0111
1101
4
0111
0011
0010
0011
5
10111
10110
00000
11011
10000
6
110101
101110
010110
100000
011000
110000
4
0000
0100
0100
0111
6
111110
110011
001110
100101
110110
101000
6
000010
100101
011011
111001
101110
011001
6
111110
110100
101101
011100
011101
100100
4
0000
1001
0001
1101
5
11101
01111
10010
01011
11001
4
0111
0100
1000
1110
4
0110
1100
0001
0011
4
0010
1110
0100
0010
4
1000
0001
1001
1111
4
1100
0111
1000
1000
4
1101
0100
0001
0010
6
101010
000001
100110
110111
101101
001010
5
01101
01110
01110
11010
11011
6
110100
101100
001111
000110
010001
000110
5
00001
00110
00100
11111
10111
5
00100
11111
01010
00001
01101
4
1000
1101
0110
0001
6
111001
110000
001011
101110
101011
010100
5
00100
01000
11010
01100
10100
4
1001
0111
1000
0000
6
000101
000100
001110
100100
010001
100000
4
0110
0101
1101
1000
5
01001
11110
00100
01100
10101
4
1100
0001
1101
0100
6
000000
100000
000101
111101
000110
011010
6
010100
111111
000110
100101
001010
000011
6
010100
100101
011001
000100
111000
111001
6
001100
001010
110100
001000
000100
101111
6
111001
100101
101100
010111
111110
001100
5
01000
00010
10101
11000
01010
4
1101
1010
0100
1000
4
0111
1111
0011
0010
4
1101
1001
1110
0011
5
01100
11000
01011
00001
10000
4
1100
0000
1000
1000
5
11010
01100
11001
10101
01011
5
01111
10100
10111
00010
10110
4
0101
0011
0100
1000
6
010010
110100
000111
010110
011110
001111
4
0110
1000
0100
0000
6
111001
011010
000110
101100
111111
010110
4
1110
0011
0000
0111
4
0110
0001
1000
1000
4
0010
0000
0110
1000
4
0000
0111
0101
1000
6
101101
110000
111011
011001
111001
101101
4
0010
0110
0111
0000
5
11010
00000
11110
10110
10100
5
00111
10000
10101
11011
10100
4
1111
1000
1111
0000
5
00111
00111
01111
00101
11010
4
0000
0000
0100
0011
6
011101
000001
011000
110100
001000
001001
5
11010
00100
00111
10010
10000
6
011000
000101
010001
110111
010111
001001
6
011111
101010
111010
010011
001101
010001
4
0000
0011
0101
1101
4
0011
1110
0010
0100
6
000011
010010
011010
000101
011100
110001
5
01000
00101
01011
00111
11011
4
0110
1001
0100
1000
5
01001
11111
11000
00100
00010
5
11011
11011
00110
10000
11010
5
11001
00101
11001
11001
10001
4
1000
0100
1101
0101
6
000111
110001
100101
101111
101101
110111
5
11110
01100
10010
00111
00010
6
011101
011101
000011
100110
011000
110010
5
00110
01111
11000
00101
11101
4
0011
0000
0111
1010
4
0100
0011
0101
1010
5
11000
00011
00101
11001
01101
5
11111
11011
00100
11010
01101
4
1010
0100
1010
1111
6
101011
111010
010100
001100
001010
101000
6
001111
100010
100001
111100
111000
000100
5
00100
01100
10000
10101
01000
4
1001
0010
1010
0100
5
10001
10001
01111
11101
01011
6
010010
010001
011011
101111
110001
110001
4
0001
1110
0101
1101
6
111111
001110
110010
011111
000101
100011
6
010110
110010
000000
010101
110011
110110
6
001000
000101
111101
111000
000001
011001
4
1100
0001
1010
1111
4
0011
0100
0011
1100
5
11111
10001
01101
00111
11101
5
00110
11110
11001
00001
10101
4
0111
1011
0000
1010
6
110101
010100
011100
011110
010000
010010
5
10110
10010
11111
10001
11000
4
1010
0110
0001
1110
5
00001
10101
01111
11101
10001
6
100011
000001
100111
001010
100010
111011
4
0111
1111
0000
0010
4
0000
0001
1011
1000
6
011110
101101
001011
101011
000100
110100
4
0110
1111
0101
0011
5
00011
11011
00010
10110
10010
6
001100
101110
110110
111010
001101
001110
4
1010
1011
1110
0101
4
1011
0100
1110
0100
5
10110
10101
00011
11101
10111
4
1100
0110
1000
0000
5
00101
00110
00010
11000
10100
5
00001
00010
10101
11000
00110
4
0100
0111
0011
1001
5
10001
10100
11011
11110
01000
5
11101
01000
01101
01100
11001
6
100000
000111
010100
101101
100010
111101
4
1100
1011
0100
0100
4
0010
0010
1111
1101
5
11101
11001
11000
10111
11100
6
111011
111001
100011
110101
011101
000000
4
1111
0010
0011
1000
4
0101
1110
0111
0010
6
100010
011001
110101
001111
000101
011110
4
1010
0111
0001
0101
6
010110
000001
101110
011001
111010
110011
4
1001
1110
1101
1001
5
11001
10110
01000
01101
01011
5
10011
10110
11011
11011
00010
4
0001
1001
0101
1101
5
10010
11001
10101
10011
01000
6
010001
001100
011001
010010
000010
111010
6
110010
000110
010101
111110
100000
011111
6
101001
000111
011001
011000
010111
000011
4
0001
1101
1101
1110
6
100100
011100
100101
010110
110011
010001
6
100101
101110
001110
111110
111010
111000
6
010001
110101
100010
111011
010111
111001
6
000001
001001
101110
101000
000010
101100
5
01000
10101
10001
10010
11111
5
11110
00010
01000
01011
11011
4
1110
1011
0100
1001
4
0011
1101
0101
0010
6
000110
000000
101111
101101
100010
110101
5
01001
01011
00111
01100
11110
5
10101
11100
01100
00110
11100
6
110010
111000
010000
101000
101111
101101
5
11010
10111
00110
01010
01011
6
101100
011100
001001
100111
110010
100100
6
111100
111001
111001
110111
111001
010001
5
11011
11010
00000
00110
11101
6
010100
100010
011110
101100
001010
010101
4
0001
0001
0000
0000
4
1110
1001
1111
0101
6
110011
010011
000101
010011
011010
010001
4
1100
1111
0011
0000
6
010101
010011
101001
110100
000101
110010
4
0111
0110
1111
1111
6
001110
110101
100111
100001
001000
000100
4
1000
1000
0111
0100
5
00011
10111
11111
10010
10011
6
100000
010101
010010
111011
000010
001101
4
0011
1000
1000
0101
5
00010
11001
01110
11000
10100
5
01010
01000
01100
00010
00110
5
00010
10110
01010
01000
00100
6
100110
100001
000001
110100
010101
001000
4
1011
1000
1000
0000
5
10110
01000
11100
01111
10001
6
110010
100001
010100
100000
000110
010001
4
1001
1111
1000
1001
5
11110
11000
11111
11100
01101
6
010101
100011
111100
100000
111111
001001
5
11100
10101
00010
00010
01101
5
10000
10000
00101
10000
11110
4
1110
1010
0101
0000
4
1000
0100
1010
1001
6
111110
010001
011000
011010
010010
001101
6
000001
100010
110010
101001
010001
000010
6
111100
000011
000011
110000
101010
111011
6
111001
010001
100010
011101
100010
000110
5
01110
10011
00010
11011
11001
4
1100
0101
1010
0000
6
100001
001111
100011
110110
000111
111010
4
0111
0111
0101
0100
6
011001
000110
110111
101000
010011
101001
6
110110
110011
111000
110010
010110
000000
6
110101
100001
000001
010111
101000
101010
5
01000
10110
11001
10111
10010
6
101000
110011
111010
101101
110100
011010
4
0000
0001
1010
1001
6
101011
100100
001100
101101
110011
110110
6
000110
111011
011111
000011
111001
100000
6
010101
110111
100110
011100
110101
000010
5
11100
11111
00110
10111
00001
5
01101
11000
10100
11100
01000
5
10101
11001
01100
01101
01111
5
11011
01100
01110
00010
11110
6
110010
111010
010010
111011
101111
100001
5
11010
00001
11100
11101
10111
4
0101
1011
0100
1100
4
1011
1000
0001
1111
6
010001
110111
100000
010000
100001
101100
6
111100
000001
101001
111001
101100
101010
5
10011
01100
00011
01001
00111
5
10110
11011
01111
00001
10010
4
1011
0111
1110
1101
6
011010
010101
100111
011000
010000
000100
4
1011
0010
1010
1011
5
00110
11011
01101
10000
00001
5
11001
10111
10101
01110
10110
6
101100
101100
010010
000111
000100
101011
5
10010
11110
00000
00011
00011
5
01110
01010
11000
11101
10110
5
01011
01111
01111
00011
00100
5
11010
10101
01011
10001
00001
6
110100
000101
001110
011000
000100
111100
4
1000
0100
0001
0000
4
0000
0010
1101
1000
4
1000
1101
0000
1101
6
101000
100000
001001
110100
001101
011001
6
100011
111111
100100
011001
010011
001111
5
01001
11001
10011
00000
11011
4
1011
0100
1000
0011
5
10111
10010
11111
10100
01011
6
100001
101100
001000
011001
000101
110011
5
10001
01000
11001
11101
10101
5
11110
01110
01111
00010
11111
4
1001
1001
1001
0001
5
01010
01110
00011
00101
10000
6
001000
001010
100011
100001
011101
111001
4
1110
0010
0011
1010
4
1100
0000
0000
0111
