763641275
488103036
892823499
316399182
863882767
410234160
884768305
6826584
274507248
138029053
965627302
890203230
460852412
741940291
566704034
192587139
527330124
108634220
174429322
834039558
236396721
177417240
845485847
134127666
755881835
300439717
254162219
508687901
898236807
111746449
76544580
116028588
725452610
602363721
945162095
84226443
468247245
294995074
239090806
445012743
963804412
60319671
503112656
50264627
120900076
63938248
100336355
208918070
497155256
204997183
342263089
125461983
118877896
816724561
952891221
653684906
165329555
741470455
338415310
785781818
945064700
399134721
17709121
483830681
241444603
803221135
104232508
402802937
73234653
371102268
873325488
987190330
772928669
515855442
996390842
866030201
672550145
938909906
291936212
430422670
827042173
612397521
924189487
357057781
565831386
262073190
597698825
377896425
637622583
599755849
763840040
391618080
841607552
634292083
15525826
492534370
19079767
459799581
496683086
838574578
913953429
785404065
9389493
321701634
647642449
612758893
904262725
291668811
751417154
966958923
977743810
912018256
394123078
633237254
809308093
696596087
330597959
955028785
331422039
680701037
57114941
130996299
732749836
381000238
869168669
177822449
13847937
202630587
816023438
303907850
812328239
873290278
462268168
334212717
303877898
683386805
457331368
55135502
956087445
433497706
256804538
904545074
396451024
497271159
546084215
134446911
436736896
545348696
148641991
728568402
257746193
795521832
243421729
878749558
406166899
459571553
852305053
752626532
446432463
340928468
934636349
792275758
440801256
363469067
833579759
224614191
355311460
412602521
713884502
466229941
323156874
782353276
594343389
7234430
506150584
507830549
769618370
816036208
489752579
841705599
208193086
986877202
962227830
174444463
283614699
611926561
637992327
610579593
984032820
740390091
91508271
461451326
140520011
226447320
772751344
340740201
965667837
781131621
212513726
687438142
959923265
836572168
783681736
847062234
780305152
87168269
45867276
307861574
594191431
892432746
970948347
9999333
352331759
660654633
248598213
921506366
802965844
596217077
37913576
327399483
397884026
589030720
198174245
861340117
793441970
194869393
495692482
722742531
818621642
306108467
171956356
482593556
679268628
15347370
55987233
846374732
272823505
183920859
289738565
299241785
949558252
11737805
504924068
922129384
368492164
229615011
628461990
743664816
79969299
267061304
339144914
520127478
375871039
877552750
311015963
328098864
204082440
41559430
202590837
306633741
593216964
491428752
526063140
477957358
684388343
628270908
38124104
928458343
877483575
53995425
995354749
746417117
296957876
458878785
617635808
552761705
198527302
226149323
695306380
209574124
713773558
355110377
1029840
82073592
808598952
427322149
149971346
68465645
36545707
273422949
987344235
999570200
439847064
646992610
194953979
153786561
228256782
621781706
196403407
243421845
833040046
31887936
634438898
458485436
399195939
912549505
679269827
30553262
764288521
758157849
936415959
36765987
302998182
102992578
933419614
365595125
822907543
183088761
839430247
399675156
336591857
48335851
452254015
468064954
440909867
105261527
344953206
209064845
900161318
669202327
479636280
278691697
217214605
87931728
34880634
289114810
293204923
576981267
40595106
317419223
606213895
91626895
501075312
181549309
243649902
197462831
941215035
384935468
226094968
211791034
594742862
871755036
419392900
424788320
686853462
715761939
829954815
601014005
454293891
408409211
502787212
572020170
481283724
967515578
69400888
491746616
61055505
276122113
744422568
949227721
712785324
571043963
244206365
531378788
405666200
188365874
728233861
124172021
120838271
65188622
944901115
341448597
901897741
51491418
158908974
676584456
804224006
474660667
668503661
431501917
693632020
687477422
294632686
424633977
203509545
961463591
589535893
732292381
216334167
701365208
210865702
510709568
403373199
429091668
799854412
768878727
110052408
914262876
137075684
865698042
367994147
40990180
520292089
457557364
491663709
344305254
223355418
788717801
778943894
164241569
368300367
746296755
301788254
662169690
485348885
730577001
510342508
376152601
707831669
664678938
689840998
977478869
17418650
90995889
935302549
468977407
730891701
850808655
799980797
57264693
325144534
561938972
874851636
280946625
165721694
614020812
244227053
347853155
901338402
272631274
867092596
514816064
261846489
250801634
747221081
659840438
217750307
682677088
943932656
269092533
367690684
64761031
274839110
810123908
744063351
299257337
876666149
908960130
644710862
393410798
845953792
951913838
660584558
533797671
37680263
743494685
538186070
671998718
728952438
459065331
118343003
539707251
213053789
671515662
605066934
761583900
16957648
466501451
418923745
127024878
594094297
378003859
409018353
522484536
586993100
175981793
218566758
412366163
345964553
594734738
123548611
940752224
890609966
51539772
