100 100
92 42 12 42 46 57 42 38 12 12 12 11 39 39 57 57 38 29 95 30 95 12 12 12 94 17 94 94 60 92 92 17 94 29 67 11 17 20 46 82 67 95 63 38 63 12 11 30 92 83 29 4 95 95 20 39 95 7 24 60 20 42 29 82 56 60 20 46 82 12 23 24 63 94 30 12 19 83 82 46 57 4 46 82 20 17 92 7 57 82 56 20 20 92 17 12 20 94 11 92 
2 38 38 30
1 55 56 0 87
2 14 20 66
1 22 76 87 63
1 50 96 63 15
1 8 69 51 92
2 30 67 70
1 31 44 73 86
2 6 49 80
1 15 24 83 18
2 22 52 2
2 44 45 25
1 15 65 0 58
1 63 79 58 71
2 78 78 6
1 42 51 58 26
1 24 81 0 36
1 4 82 0 96
2 17 27 1
2 45 91 32
2 41 73 77
2 89 100 68
1 15 100 58 45
1 23 93 96 84
2 3 65 92
1 42 55 26 23
2 68 70 50
1 51 92 15 89
1 44 53 73 50
1 28 92 84 51
1 35 95 45 86
1 49 62 23 8
2 65 74 26
2 30 83 67
2 7 17 39
2 11 49 89
1 24 65 32 90
2 13 55 19
1 19 26 55 51
1 15 63 8 11
2 46 53 60
2 75 85 49
1 4 62 86 40
2 46 84 6
1 19 85 0 40
2 9 86 50
2 46 64 86
2 65 78 53
1 35 66 11 5
1 56 76 18 34
2 2 49 45
2 54 91 23
1 6 74 23 77
1 83 100 40 31
1 24 42 57 47
2 64 74 59
2 29 52 17
1 1 18 96 65
2 13 33 70
2 2 37 19
1 12 53 77 23
1 27 92 45 90
1 13 90 65 25
2 61 67 46
2 14 51 94
1 28 86 51 25
1 11 73 40 38
1 33 35 38 57
1 48 50 45 24
1 40 72 5 37
1 15 48 90 48
1 34 62 57 76
1 56 68 89 84
2 19 65 14
1 47 62 89 52
2 24 58 34
1 43 78 23 59
2 28 66 64
1 14 70 23 93
1 21 90 25 57
1 17 90 59 13
2 72 99 13
2 17 97 76
1 2 13 25 54
1 77 78 72 19
2 5 18 97
1 47 78 64 17
2 20 65 6
1 54 74 52 64
1 2 5 65 32
1 30 78 36 60
2 32 66 26
1 28 78 93 44
1 31 91 71 18
1 7 46 76 93
1 51 85 38 67
2 87 97 23
2 76 86 96
2 8 66 17
2 48 99 26
