10
10 10
815316240 47126749 120039439 62743237 99355203 722372967 441028417 495477737 673192344 118158950
1 1 93430781 0
1 1 155127067 1
2 2 181323387 0
1 1 108495861 0
2 2 9549647 1
1 1 77833123 1
2 3 14512405 0
3 3 10667530 1
1 1 36239453 1
1 2 47502673 1
10 10
348594823 107479660 11959940 277278763 534555118 872608789 468961569 192870306 480004145 255259217
1 1 226812058 0
1 1 210760343 0
1 1 113883465 0
1 1 55594607 1
2 2 39611410 1
2 2 40582985 1
2 3 112928190 0
1 2 110304133 1
1 1 34047694 1
1 2 224785041 1
10 10
139870495 622399031 589992437 719197321 634977098 230889815 119281923 607896094 822793545 48170282
2 3 110065035 1
4 4 291730610 1
1 4 33312828 0
1 2 49683157 0
1 1 70603026 1
1 2 49719755 1
3 3 36828805 1
2 2 251221568 0
1 2 90869561 0
2 3 23778667 0
10 10
245886459 74212783 114271971 573444342 393225419 540392539 254238086 765239048 826173263 207065407
1 2 295151790 0
1 3 34870239 0
1 1 174638900 1
1 3 180888229 0
3 4 11880718 1
2 2 113783465 1
2 4 90139210 1
3 3 12406008 1
1 1 118194710 1
1 1 45049198 1
10 10
491099764 47444619 681016547 253212663 386657285 184541927 282148234 142035509 177134117 83820519
2 2 472537384 0
7 7 543219934 1
2 3 204785081 1
4 6 59218975 0
5 6 49914714 0
6 9 2110165 1
2 2 496338558 0
5 8 70251971 0
1 2 157517234 0
1 4 84388539 0
10 10
204264718 367663885 876252137 108045954 648440809 94058300 515837894 1448173 384423301 310673066
10 10 450426869 1
9 10 399950438 0
6 10 434039146 0
8 10 622375127 1
9 10 609737786 0
7 10 616559399 1
7 10 577473306 1
9 10 511701530 1
5 9 535774059 0
8 10 555842172 1
10 10
361463678 108875081 815262284 556912685 355042398 170266245 71775752 447156498 430631998 271641789
7 9 623020662 0
8 10 452084588 0
6 9 445467618 1
7 10 434642109 0
6 10 488266299 0
8 10 570495165 0
10 10 539294595 0
7 10 389109240 1
7 10 398507710 0
9 10 599452298 1
10 10
738091945 606442888 436156226 405348886 98181217 185518529 857713935 896178406 786034728 69908397
6 9 354211778 0
7 9 582944079 0
10 10 502354669 1
6 10 559808170 1
3 6 541249529 1
4 8 55923392 0
8 10 525076375 0
4 8 399581919 1
5 9 575480710 1
8 10 448608987 1
10 10
193522184 35251489 533803354 95405883 242678137 580037031 92889740 749563447 33209260 787113190
3 7 615981321 1
9 10 586144603 1
5 7 470672314 0
5 8 227412846 1
10 10 507873660 0
8 10 546590473 0
4 7 579416642 0
2 5 302492522 0
7 9 479396186 0
10 10 579475197 0
10 10
147271667 507629969 102586710 317989206 28011707 5986437 507309778 23557838 360317088 634136737
7 9 254415966 0
2 2 298512588 1
7 9 411003139 0
5 6 100517760 0
5 9 269963204 0
2 4 593994023 1
3 3 169626087 0
5 7 501258319 0
5 5 75728931 1
3 3 392012135 1
