10
10 1
12345203 22833273 98144724 67519970 29444590 117263900 5379329 143901832 87184690 17321638
1 1 484244869 0
10 1
12704060 65172462 25909602 87339203 151016552 49756164 157283296 47739721 119077886 92500096
3 5 121374650 0
10 1
132082242 8321366 22283394 93045920 79200704 93471690 60022346 152609663 105885664 27109710
2 2 339539494 1
10 1
153799979 109812473 103727809 81122956 32614276 139840911 157727408 7964227 132852933 6988879
2 3 113708041 1
10 1
11366002 133956263 7307785 129869372 150569239 31864486 88107128 18575666 6089759 88802146
4 4 297742377 1
10 1
135917513 154391176 85779812 2980918 44265574 125749457 104288736 31971279 10008925 41126602
9 10 980018599 1
10 1
56053749 115521277 32729786 12873012 26902606 43205641 151466170 21215467 35307045 49628846
7 9 891908515 1
10 1
81925787 11578983 133736834 40661978 125366686 97527799 79466894 145233302 82122833 100107718
8 10 993833266 1
10 1
36046283 146903 133130031 135273569 80150793 102638128 147964774 89227233 11582506 140927412
8 10 105781224 0
10 1
57066288 4387769 14671531 4036483 145496841 155337525 128661200 124571561 106576119 52951882
3 7 135817127 1
