600485289 590935642 600485289 600485289 600485289 600485289 600485289 600485289 600485289 600485289 
468034423 468034423 468034423 745313186 966448883 966448883 966448883 966448883 966448883 966448883 
1007813012 1007813012 1007813012 1007813012 1007813012 1007813012 1007813012 1007813012 1007813012 1007813012 
536391141 536391141 536391141 1000463422 1000463422 1000463422 1000463422 1000463422 1000463422 1000463422 
1218851232 1218851232 1218851232 1218851232 1218851232 1142321459 957779532 1099815041 1218851232 1218851232 
3511108237 3306843519 2939179634 2062927497 1954881543 1842214793 1842214793 1842214793 1842214793 1842214793 
2825501438 2825501438 2825501438 2303427365 1746514680 1391472282 1391472282 1391472282 1391472282 1391472282 
4545239608 4341483212 3735040324 3735040324 3735040324 3735040324 3735040324 3735040324 3735040324 3735040324 
3343473715 3149951531 3149951531 3149951531 3149951531 3149951531 3149951531 3149951531 3149951531 3149951531 
2000660400 1853388733 1853388733 1853388733 1853388733 1853388733 1853388733 1853388733 1853388733 2388017235 
