100 3919
56 49
70 8
11 25
30 47
7 38
56 69
54 1
97 85
55 18
97 35
13 95
39 58
81 2
100 65
26 11
24 88
100 46
44 77
18 97
89 62
46 92
22 83
88 78
84 35
53 56
87 30
76 45
50 67
25 99
11 48
82 99
19 83
39 33
27 38
5 71
62 15
77 32
73 48
51 94
62 54
13 93
7 26
15 41
57 48
37 78
39 100
54 23
51 90
66 87
94 5
49 50
6 96
32 20
39 74
91 55
37 57
97 47
19 66
48 96
39 85
4 34
15 37
19 26
64 91
24 90
49 41
18 34
26 64
41 70
45 16
32 62
95 59
18 23
1 76
53 32
13 23
99 63
92 90
65 71
34 62
17 36
16 15
47 8
74 96
16 7
82 64
83 1
45 85
65 52
63 47
3 91
92 75
12 61
8 99
2 91
37 43
21 75
15 17
49 20
88 79
52 92
64 23
97 80
45 44
60 13
43 46
89 51
99 29
10 88
44 29
47 91
43 25
58 22
95 23
92 1
34 22
100 94
4 61
25 49
54 29
10 5
64 39
54 63
1 4
24 53
19 86
12 52
65 35
19 68
18 49
52 51
10 76
59 66
70 22
66 1
19 57
51 41
16 93
29 57
91 89
57 47
46 21
75 79
2 24
21 61
2 39
91 7
59 100
13 48
29 46
65 44
56 27
86 94
87 69
90 17
86 17
6 2
100 56
70 52
35 32
68 71
59 13
10 71
100 93
35 62
94 56
3 32
92 71
61 59
39 18
51 60
87 70
85 87
24 32
74 1
24 17
85 11
97 19
65 82
21 66
64 45
1 25
12 23
82 27
31 14
98 76
34 96
40 74
23 34
56 96
74 34
46 94
57 71
80 66
53 19
79 32
34 11
40 32
50 15
7 52
6 49
36 57
45 25
64 13
5 54
38 64
79 54
87 15
72 15
4 57
66 52
70 14
7 82
99 44
18 71
70 76
51 83
70 30
93 47
67 17
50 30
65 66
91 32
60 25
43 30
15 18
96 31
55 43
76 84
39 53
100 90
62 100
70 54
45 86
30 34
26 69
87 88
44 10
24 34
5 41
83 95
24 36
76 31
10 29
40 81
78 69
33 22
26 97
44 96
86 54
50 100
16 5
43 7
81 41
50 97
13 43
85 82
95 79
49 28
61 87
74 52
77 94
36 77
86 49
97 89
71 98
26 3
39 36
9 93
72 4
88 47
54 66
45 2
71 12
11 87
50 87
23 93
10 73
75 59
32 76
51 46
1 37
41 6
78 38
66 40
63 57
78 10
38 71
14 94
35 90
53 26
79 58
47 58
37 16
17 77
51 2
77 69
29 81
98 69
54 2
61 65
91 5
37 95
75 35
39 57
1 88
54 67
44 63
95 34
39 43
23 98
21 70
73 71
49 90
78 48
31 26
49 79
18 92
1 36
49 60
32 99
90 43
53 92
32 75
71 33
95 17
11 1
81 7
12 28
93 77
21 29
6 14
21 58
73 79
59 23
30 69
7 2
94 69
11 13
14 40
70 85
21 91
30 85
5 33
50 3
2 56
10 79
59 87
66 43
69 7
25 39
68 94
18 78
81 27
43 32
69 44
46 19
73 9
96 24
58 35
55 77
26 51
68 39
28 50
55 74
25 65
75 54
8 64
42 54
63 9
89 20
78 7
87 21
15 22
37 19
98 5
66 24
70 71
87 63
4 40
95 20
26 98
3 95
61 76
6 3
61 52
90 28
39 60
71 48
41 62
97 78
24 16
68 48
98 17
66 8
48 77
88 83
87 98
22 27
55 72
11 81
3 28
31 72
19 58
59 21
46 99
36 14
60 7
69 68
64 4
26 54
42 24
78 96
39 71
22 67
20 63
20 94
70 38
78 54
27 33
98 55
75 45
34 40
33 36
86 93
31 77
56 40
67 13
16 79
95 28
46 2
53 17
80 49
10 60
93 71
46 48
84 80
70 6
69 53
18 82
93 31
83 26
27 12
34 2
10 28
86 77
57 74
10 12
64 24
44 47
10 23
3 20
6 61
89 3
33 30
53 23
47 41
49 58
61 45
78 13
28 76
92 16
18 90
9 84
62 48
44 30
54 15
98 37
62 56
48 5
66 53
59 67
5 61
10 39
98 4
56 37
20 44
89 6
66 83
44 90
53 78
52 39
36 99
93 19
62 75
72 35
58 18
80 44
29 100
47 95
20 99
35 60
92 9
80 6
94 92
5 84
33 40
92 5
54 98
58 60
72 96
9 41
96 63
51 84
63 98
61 18
57 81
43 88
16 22
17 70
75 29
72 70
17 3
57 15
98 92
18 31
26 22
57 61
84 88
65 14
56 4
26 96
11 93
44 9
28 56
11 30
14 44
58 76
17 32
74 42
81 39
87 39
72 25
48 49
12 45
89 52
80 24
41 63
66 92
97 81
18 67
47 90
15 32
34 19
1 14
62 98
50 35
44 4
84 63
26 70
54 35
27 75
78 63
31 35
35 59
16 31
75 96
91 68
84 42
11 51
48 24
14 59
70 58
51 81
96 36
34 72
97 33
20 60
7 40
48 64
49 68
84 39
69 24
17 92
42 66
74 47
38 100
20 73
1 47
16 2
54 37
2 31
21 92
54 10
79 2
24 45
42 41
80 18
62 55
31 33
21 39
10 48
77 88
94 96
93 58
5 50
70 60
47 40
27 61
39 80
76 52
85 61
76 12
64 34
60 64
72 99
84 29
39 70
21 55
35 69
78 16
23 45
12 87
85 52
67 61
51 21
15 21
55 44
55 59
61 49
46 9
22 55
36 27
38 96
72 68
71 32
75 82
57 25
21 81
80 72
12 91
89 98
12 4
26 90
90 60
6 99
2 86
86 78
90 64
46 72
68 73
68 84
62 58
33 92
14 69
26 37
53 6
19 91
80 14
72 51
99 75
15 46
30 64
68 40
51 44
62 6
95 38
40 2
37 9
35 13
100 74
84 13
7 27
85 65
22 39
25 83
61 15
40 78
45 54
87 16
18 2
95 71
71 34
82 90
62 25
88 67
91 85
1 29
20 100
26 30
11 57
79 12
43 98
80 55
68 9
79 99
99 87
96 43
33 72
3 70
16 60
7 49
92 22
37 51
59 15
7 100
9 95
13 22
27 35
98 29
13 34
28 2
54 81
38 17
37 33
28 46
52 72
79 53
83 91
88 2
86 18
21 54
93 7
4 73
28 16
42 95
70 7
86 12
30 54
40 91
3 36
59 51
33 4
38 46
1 26
66 60
5 77
20 46
16 21
6 31
36 64
53 72
31 25
27 28
19 99
68 100
51 17
99 58
35 37
85 16
52 46
71 55
63 94
60 65
79 21
80 30
55 99
16 98
58 82
98 94
70 40
75 84
4 35
93 4
16 54
19 27
80 56
56 59
27 21
99 41
59 19
45 84
26 15
39 98
97 48
35 3
8 39
38 60
86 41
49 98
71 88
55 7
69 6
49 13
30 40
12 14
96 65
17 1
93 82
99 95
1 32
8 16
26 67
56 75
31 71
74 83
12 18
11 46
5 82
26 73
90 9
5 100
18 30
80 1
23 70
94 95
71 83
10 27
81 45
67 25
67 93
58 45
51 33
52 81
69 5
1 57
27 55
78 93
66 5
82 47
58 15
96 16
80 26
37 45
82 38
38 55
73 7
100 98
75 33
48 53
16 20
24 46
67 91
35 61
74 37
42 90
44 40
66 96
91 48
55 45
42 75
50 73
75 78
68 37
53 86
82 62
42 3
16 84
37 59
51 65
54 74
100 41
32 97
30 32
6 25
71 75
23 20
76 22
23 77
44 42
41 72
94 44
26 50
48 63
8 96
79 72
80 57
20 91
2 44
49 40
97 82
57 58
75 4
36 66
53 42
57 87
95 88
79 85
81 84
73 28
76 47
33 67
68 80
41 52
29 48
69 15
12 3
21 14
46 74
95 72
24 84
49 35
14 42
5 80
69 67
85 76
27 98
31 42
31 24
95 45
49 38
81 62
52 5
61 89
33 24
27 9
77 29
4 92
81 60
71 49
76 62
91 81
94 24
99 89
54 7
86 71
49 91
42 30
37 84
91 59
89 74
91 29
99 11
96 67
64 58
7 11
65 46
58 95
60 95
50 6
63 75
40 67
3 44
49 21
17 31
7 13
4 39
38 50
72 44
98 50
90 52
99 38
64 96
86 76
77 9
40 16
71 14
24 57
6 97
10 17
43 77
77 24
4 65
93 3
52 96
100 85
19 11
88 92
4 46
65 89
80 33
94 3
49 23
94 31
92 47
51 39
94 43
48 44
54 53
82 54
49 44
79 65
6 45
3 54
4 32
14 63
54 56
21 33
97 61
60 71
8 19
74 72
49 94
29 5
6 17
18 37
21 7
2 1
18 28
33 66
26 95
59 62
87 53
2 43
8 65
13 92
12 49
73 90
88 7
55 58
20 71
11 52
3 14
21 30
1 48
72 48
73 33
25 51
96 40
64 67
24 13
36 30
16 63
98 67
65 49
86 55
42 80
68 55
27 18
2 8
36 67
41 92
17 8
99 26
79 28
2 19
94 52
61 37
2 21
79 91
53 96
10 26
80 61
77 66
38 36
20 80
41 19
57 27
27 52
32 82
49 8
17 4
90 48
90 75
58 66
69 12
95 11
49 97
4 42
96 89
88 65
29 71
58 80
5 7
29 14
37 99
91 56
42 94
28 6
58 2
1 15
96 91
53 55
71 7
82 16
61 54
82 57
98 8
73 46
91 39
15 10
46 49
67 15
81 66
80 9
53 3
9 74
81 10
45 98
92 62
84 6
68 58
34 79
50 99
68 26
24 20
75 89
5 4
35 66
5 28
34 33
11 59
82 35
13 30
47 32
35 94
3 59
68 11
1 20
3 63
35 29
50 25
18 100
9 72
8 38
56 39
21 12
43 22
95 96
14 78
46 75
62 4
48 2
24 78
58 38
85 23
28 44
78 41
65 97
87 65
40 72
25 10
17 41
59 26
9 4
38 88
93 70
20 70
28 98
7 83
22 73
24 75
61 58
57 50
36 31
4 79
26 91
44 89
34 1
52 8
100 51
34 37
88 76
58 51
48 93
56 1
10 94
22 87
6 30
97 10
57 90
55 10
40 22
86 5
38 56
92 20
79 57
73 64
37 55
35 11
70 57
65 10
24 83
19 79
65 54
77 10
16 48
99 61
36 84
33 46
11 20
9 43
72 86
32 92
79 56
30 24
5 11
59 92
74 87
81 9
50 65
19 25
36 20
47 73
21 85
63 23
16 73
97 31
95 78
63 25
86 10
80 59
56 34
45 80
42 57
46 93
23 92
73 57
33 70
84 23
82 19
42 39
60 46
39 40
94 75
81 48
14 73
67 71
34 47
66 17
12 89
73 38
89 37
9 40
71 53
10 85
13 61
30 65
27 6
36 50
55 61
38 92
73 66
79 5
14 27
30 37
62 14
32 59
8 36
28 94
78 43
28 15
33 42
42 98
23 37
57 34
27 74
33 60
17 40
70 98
13 19
10 13
80 19
2 74
8 85
87 89
64 22
28 36
7 59
32 16
71 59
52 26
70 31
17 22
17 68
87 90
81 16
48 23
78 76
18 17
98 36
1 70
61 79
24 47
65 42
76 95
37 38
31 69
84 40
97 54
99 52
85 68
2 69
43 61
76 63
96 55
52 1
96 19
31 80
97 69
55 19
81 78
15 20
66 69
12 64
64 19
10 30
82 55
33 74
24 27
72 8
14 77
34 31
87 3
29 20
51 55
44 56
1 49
41 77
85 59
38 4
14 87
49 15
98 46
65 78
19 90
45 91
50 14
59 41
19 23
60 26
25 38
36 52
70 79
59 50
32 72
4 85
2 97
66 51
79 50
66 64
7 9
30 20
86 84
55 2
60 89
50 85
13 58
15 79
74 11
76 14
92 69
14 91
26 24
10 80
59 5
70 97
56 24
69 22
21 72
85 74
82 79
61 10
84 99
54 96
77 13
66 16
26 28
3 45
69 45
2 96
67 84
99 66
72 11
17 14
69 11
44 92
32 69
88 97
97 76
97 60
82 44
88 54
91 74
32 98
77 56
65 17
31 12
30 96
59 6
7 48
27 16
67 65
74 76
8 61
19 73
76 96
19 47
32 41
79 44
83 44
68 67
95 12
91 95
25 76
58 36
61 31
15 82
10 58
66 3
23 15
99 100
25 27
5 45
100 87
3 30
38 22
54 72
56 93
35 95
13 47
86 48
22 41
72 37
22 81
15 97
99 40
84 48
69 90
32 60
4 68
74 99
47 38
62 69
90 16
69 60
49 9
78 47
21 28
35 43
100 92
27 32
20 13
17 23
22 21
61 95
66 10
30 58
81 79
61 81
69 38
73 31
53 70
25 44
56 32
54 93
5 65
88 61
52 95
14 19
62 88
85 36
99 15
8 76
32 95
4 2
61 73
87 41
100 63
48 67
61 93
5 27
85 67
28 54
57 44
93 33
24 61
17 54
86 13
51 82
73 67
87 40
84 50
40 8
72 19
90 56
25 89
75 43
37 24
51 4
42 67
34 59
33 28
73 97
3 23
46 30
13 3
68 43
61 7
31 51
62 96
86 37
37 66
88 53
16 91
57 83
88 91
34 3
34 17
78 25
19 49
50 81
25 88
13 29
8 24
82 94
27 70
46 13
78 74
58 90
14 39
100 28
80 48
55 33
56 97
33 18
97 75
93 6
15 51
11 70
46 17
5 35
48 28
49 43
74 50
13 40
79 18
2 59
59 72
17 43
24 81
61 22
97 84
63 71
50 54
95 21
64 10
19 81
25 93
31 86
97 96
60 2
43 6
9 58
83 85
83 35
84 34
16 71
19 75
100 17
91 25
66 70
62 30
25 41
55 3
50 40
27 45
7 74
30 23
70 64
2 47
37 88
81 35
87 44
37 62
97 66
46 23
31 5
37 100
29 25
44 52
98 58
25 33
73 52
72 89
27 100
74 28
42 27
39 13
89 88
57 23
54 68
17 16
8 69
57 7
59 27
50 37
88 86
99 62
26 36
1 61
17 94
55 83
45 57
55 92
21 38
90 20
46 54
83 45
69 46
6 67
48 60
41 7
19 28
4 50
9 13
76 73
58 78
13 100
84 46
90 5
1 7
94 72
24 97
69 19
65 16
82 11
72 56
3 18
34 50
15 73
61 33
47 48
81 99
50 42
42 28
87 91
55 67
22 5
76 26
7 97
11 89
10 38
94 48
19 74
45 9
100 60
43 41
13 82
97 8
25 26
91 27
1 90
88 23
82 56
70 95
53 7
86 80
42 18
14 4
89 13
22 75
34 66
96 28
36 13
27 90
28 92
3 82
86 30
6 83
90 22
13 26
50 47
31 49
85 84
51 75
40 98
81 64
60 59
40 3
29 96
12 25
45 97
93 59
4 52
94 19
76 99
90 94
88 41
84 43
61 56
55 50
7 58
8 93
4 18
97 90
96 69
46 10
46 78
52 30
42 96
29 33
62 9
37 21
21 18
57 89
81 28
69 33
74 90
7 47
79 8
4 71
35 18
53 83
61 44
79 25
45 60
4 45
91 38
73 12
18 40
78 31
87 78
90 95
23 1
69 16
74 81
27 47
56 86
53 63
35 23
49 29
99 39
90 33
20 26
22 66
90 68
89 59
64 46
18 84
2 72
34 58
6 77
54 13
27 83
6 63
20 39
36 75
31 7
82 20
23 5
64 41
87 35
19 36
47 70
12 41
57 56
88 36
12 34
74 44
66 6
37 49
45 7
8 9
5 36
86 99
56 99
37 40
68 79
77 74
99 91
63 1
80 25
22 4
73 6
58 32
85 66
23 79
81 3
68 15
49 67
27 68
16 38
32 84
66 15
85 57
78 34
87 36
92 29
74 41
94 38
93 20
78 56
95 16
62 23
88 26
85 53
7 15
45 43
60 74
84 93
70 67
100 89
90 30
65 27
17 35
13 4
35 14
73 88
71 62
89 86
75 65
93 79
28 99
10 42
21 52
52 19
93 80
42 92
82 23
74 62
26 84
14 15
79 45
78 32
86 8
35 64
84 66
4 25
56 98
4 77
98 95
40 42
70 2
38 6
62 65
82 37
29 51
72 76
56 42
82 28
74 79
69 91
49 95
5 49
40 46
67 10
1 77
1 50
68 25
65 63
3 38
79 67
35 99
59 74
91 54
10 59
21 47
5 60
13 1
3 90
53 91
7 66
53 46
51 88
9 70
65 18
84 71
51 70
45 82
86 74
95 100
95 92
83 29
27 4
38 76
9 35
16 47
34 26
100 10
12 77
9 6
16 4
26 42
50 24
9 94
83 69
88 93
63 29
93 38
64 85
41 1
2 93
62 42
89 23
1 30
63 15
2 37
76 2
7 22
38 66
100 96
87 33
92 58
51 62
15 48
21 5
13 14
79 66
17 75
46 27
100 19
77 15
37 67
8 90
95 8
17 91
57 16
90 99
59 63
80 64
51 35
61 96
30 60
74 56
80 35
46 67
68 60
41 18
46 81
68 41
99 64
64 32
55 6
84 14
51 68
34 60
80 41
30 31
20 66
15 88
44 60
21 60
38 98
99 21
36 32
11 65
32 61
53 49
43 64
92 19
57 53
68 10
35 86
81 34
93 44
80 75
5 53
2 77
39 31
46 97
53 77
3 37
39 12
4 23
40 69
75 44
93 5
23 81
12 20
80 51
44 53
22 35
58 86
1 86
5 15
26 43
100 24
79 60
64 21
90 96
79 84
77 92
93 55
6 4
65 84
96 32
44 78
60 91
38 59
81 63
29 82
76 27
73 56
3 33
73 95
53 12
99 9
76 34
6 82
90 31
45 70
66 39
38 79
77 72
71 94
26 78
13 68
61 70
28 7
31 57
62 63
68 96
55 39
4 29
100 4
22 23
20 10
76 68
2 41
23 41
20 22
82 10
74 98
34 87
17 99
27 51
6 72
77 71
49 36
34 94
30 53
50 52
4 86
98 97
40 58
84 94
68 16
22 30
46 56
28 11
28 66
71 64
70 89
36 69
36 93
57 55
51 92
9 52
79 1
66 72
29 69
32 9
63 66
77 18
4 8
35 52
23 60
3 71
85 62
97 9
98 90
56 68
28 85
91 78
55 42
4 88
86 96
29 30
45 19
71 23
77 98
5 99
3 2
77 80
99 24
63 70
43 93
75 69
43 60
1 45
39 75
79 83
24 98
21 82
81 98
71 8
37 92
5 74
35 26
11 84
42 47
61 11
82 41
63 30
35 71
21 48
60 24
68 98
52 60
5 95
64 27
16 49
74 17
95 40
12 58
41 45
65 13
13 81
65 20
56 66
13 12
42 91
73 75
15 47
65 33
71 21
39 92
33 77
28 41
4 49
19 42
63 21
12 81
72 93
30 94
45 96
7 56
66 25
82 8
67 66
65 12
90 14
69 27
26 66
11 91
41 61
42 60
57 40
50 48
1 95
99 59
28 8
53 8
62 40
30 51
53 64
22 53
32 49
80 52
90 72
62 87
90 80
80 71
86 100
50 89
15 19
47 59
21 36
31 59
90 45
80 94
62 21
21 53
89 41
47 39
65 74
53 52
60 78
47 68
24 5
78 35
39 73
79 13
70 10
10 75
25 97
44 7
28 20
52 82
25 100
52 2
8 27
46 1
53 31
34 73
47 96
75 52
63 49
24 12
34 83
22 31
31 54
23 75
29 43
29 74
20 64
53 14
14 66
15 52
36 72
38 12
13 25
88 80
97 14
75 11
79 35
97 20
49 87
73 37
20 34
91 9
38 63
4 31
25 40
79 37
61 60
2 67
99 57
28 75
76 4
22 95
4 20
100 73
52 100
7 86
82 30
26 92
100 49
87 27
36 90
37 64
50 46
35 76
67 77
36 71
26 46
23 55
25 32
51 13
33 88
9 56
90 38
31 91
26 40
32 29
3 9
86 69
99 47
19 63
2 36
63 36
36 34
48 9
18 43
21 6
64 62
35 77
68 59
99 3
10 56
6 19
25 8
81 75
96 57
62 46
43 1
33 12
19 21
96 20
30 2
59 44
79 11
80 32
67 38
73 51
89 85
49 54
9 23
83 11
18 54
50 80
95 64
98 86
23 47
11 3
39 97
39 89
75 30
30 100
33 81
27 15
56 23
55 85
69 52
14 2
68 61
71 82
77 73
14 81
64 98
78 59
68 83
72 100
93 65
37 76
60 14
67 76
77 19
36 22
39 88
28 80
43 76
68 6
38 74
14 96
44 76
58 42
41 48
75 53
47 26
53 60
54 41
55 15
6 24
89 30
95 89
59 9
11 22
67 92
38 57
33 58
24 58
16 72
37 10
21 34
65 48
85 27
29 60
1 71
14 85
67 90
48 39
34 100
13 80
60 96
61 82
73 24
40 5
6 51
18 83
65 45
45 22
6 36
53 81
49 74
91 23
1 65
8 11
75 100
91 18
6 42
25 47
2 83
72 61
10 72
97 58
59 82
95 43
43 74
54 95
57 100
2 78
33 17
16 51
20 42
72 43
11 97
20 81
5 3
48 92
58 3
56 12
95 14
3 43
56 26
27 54
32 67
46 47
96 77
9 34
78 27
78 57
28 69
72 26
96 25
43 20
17 87
84 56
46 66
44 24
85 13
81 86
54 48
55 81
1 82
91 90
50 12
26 49
67 21
30 88
69 61
41 37
50 83
51 99
57 33
70 25
58 54
35 15
40 29
58 59
27 92
25 87
97 68
66 41
36 68
26 94
67 9
42 43
10 16
51 20
53 99
18 9
31 56
4 69
90 83
69 100
17 26
23 26
84 90
50 96
87 38
59 83
69 89
4 81
63 83
5 43
58 41
89 26
40 65
73 41
56 47
43 12
53 43
25 7
16 36
43 31
14 25
91 100
15 12
79 24
20 87
42 52
69 84
31 48
23 7
51 38
57 69
94 41
50 44
8 50
40 86
81 31
11 6
64 54
94 39
52 91
67 20
32 23
35 36
31 19
41 31
38 19
25 95
68 31
12 85
12 55
92 34
92 86
15 95
42 79
46 70
34 7
65 23
35 1
80 67
45 71
5 78
89 10
60 54
100 77
71 25
5 85
16 25
96 33
26 61
60 40
21 69
91 34
11 45
3 48
10 95
2 32
15 34
96 49
74 64
22 96
29 17
38 97
69 82
69 23
38 53
92 3
18 53
67 3
16 35
81 15
23 8
77 40
27 79
32 19
73 30
89 27
96 71
43 8
87 23
26 45
7 76
95 4
49 69
91 70
22 91
78 72
10 8
67 78
50 2
80 4
91 65
3 100
39 90
14 28
37 65
72 73
29 78
12 32
32 10
82 77
56 5
11 18
46 83
30 67
18 5
91 71
2 94
56 67
48 52
67 4
15 89
31 27
31 75
95 51
61 28
33 7
38 33
92 24
98 91
71 97
29 65
24 52
65 41
75 61
27 13
81 69
26 16
23 21
58 77
70 73
18 26
85 2
85 94
94 33
43 63
31 20
88 50
24 62
24 95
37 27
93 69
100 44
25 98
64 75
62 27
97 87
30 17
10 90
68 5
37 58
2 84
13 52
56 13
29 12
31 15
84 12
36 54
23 72
43 19
17 78
73 89
62 83
50 70
96 21
92 65
74 22
48 66
66 44
40 6
72 71
99 85
89 64
11 73
28 84
10 3
10 83
49 82
41 69
87 48
89 40
57 10
18 47
99 80
9 60
75 74
48 56
81 44
24 21
5 76
57 54
42 13
68 29
53 97
86 70
61 48
29 52
55 24
1 27
30 16
55 17
46 37
56 29
62 73
43 52
21 17
6 54
69 63
9 21
12 72
73 93
71 2
34 82
43 89
82 4
10 4
57 84
21 4
29 90
77 50
89 81
87 80
62 45
65 21
75 2
17 82
90 61
1 67
35 40
90 59
5 47
52 38
88 82
10 34
56 55
89 36
90 81
49 78
46 88
94 65
40 54
97 12
52 64
32 50
77 62
67 34
88 59
91 73
85 9
43 27
45 8
58 23
4 7
100 40
17 52
88 96
76 23
6 13
22 12
22 56
17 27
63 79
52 37
31 52
15 43
15 4
55 13
22 6
78 94
3 19
83 12
1 42
46 36
53 61
4 89
54 100
63 37
77 76
47 69
58 100
16 42
48 82
38 62
29 31
13 66
17 61
93 35
76 83
62 1
77 68
47 87
51 71
87 18
43 80
50 7
83 21
85 24
94 27
97 94
20 9
29 79
17 44
15 40
10 62
11 49
26 87
93 85
86 47
35 33
42 63
40 73
51 1
27 95
30 83
90 32
23 31
41 79
66 95
70 15
53 28
83 96
82 24
14 89
92 11
76 30
81 8
66 91
75 3
59 36
36 40
90 66
19 60
41 20
7 92
5 97
100 23
73 2
91 63
5 55
8 7
71 26
40 10
7 87
60 3
40 12
90 53
22 47
49 77
35 34
29 87
43 79
23 96
63 28
62 11
29 7
69 25
50 51
95 7
81 83
85 47
18 94
48 27
97 79
9 98
84 98
84 44
73 55
100 31
67 29
68 66
81 56
99 93
97 44
31 9
31 37
100 83
39 26
79 48
3 57
74 18
90 2
46 59
39 15
29 3
31 82
54 39
30 79
19 98
14 38
7 20
69 59
28 68
64 18
30 92
67 74
61 3
70 56
1 53
100 53
67 82
55 14
1 38
8 37
8 57
63 86
44 19
93 75
58 43
45 49
58 50
45 59
76 3
31 38
97 100
9 57
38 2
85 48
18 56
32 87
4 19
45 77
18 59
86 61
42 48
8 1
83 67
91 10
57 93
20 79
8 80
64 72
45 42
25 58
95 69
39 3
85 43
16 41
85 90
5 8
77 64
81 25
20 2
93 62
60 17
68 38
96 84
11 56
82 81
76 64
74 82
48 55
93 15
68 32
98 21
37 39
67 99
53 41
88 55
63 51
100 66
94 88
98 30
80 70
1 58
18 24
11 15
14 33
8 34
28 37
41 97
51 61
38 61
8 87
41 29
32 26
2 26
100 43
42 2
78 6
97 83
9 66
79 39
32 85
44 37
73 84
18 73
48 8
83 14
49 66
1 59
8 74
32 8
23 94
9 71
80 36
96 9
79 31
1 21
30 97
14 7
22 72
89 82
96 18
67 43
86 44
95 53
77 79
32 7
73 17
68 81
45 40
76 19
55 40
69 37
13 15
23 39
61 23
38 39
57 49
23 86
62 95
53 50
86 87
26 82
73 92
86 85
30 15
2 95
58 69
17 42
78 100
87 72
75 88
76 80
65 56
91 86
61 50
48 36
86 29
30 7
76 90
27 84
11 23
72 3
30 5
47 79
7 67
9 1
24 4
55 16
15 90
22 99
85 3
70 29
18 32
64 93
52 20
62 66
5 13
36 95
93 27
32 66
78 71
31 47
29 6
27 30
88 3
23 42
75 55
74 23
33 63
56 83
40 43
65 55
61 64
42 61
64 40
67 8
97 62
28 64
21 78
12 7
67 14
11 67
54 89
15 29
67 62
85 58
21 45
20 27
68 18
96 12
61 71
93 28
29 97
79 33
52 84
57 65
4 99
95 55
58 16
61 78
43 99
6 81
44 35
8 29
22 86
64 9
76 59
72 58
79 51
82 22
80 17
63 67
19 54
81 88
28 71
36 92
2 61
65 53
35 28
1 85
28 25
14 32
71 22
54 69
5 73
5 89
33 11
63 95
6 12
47 11
16 61
90 86
84 100
46 63
71 99
48 22
30 66
20 47
33 78
94 12
65 81
34 53
50 21
59 40
49 34
2 49
40 71
34 61
59 94
4 41
72 17
68 44
19 87
15 3
78 52
95 74
65 86
29 42
73 74
30 81
68 86
27 77
22 18
53 25
76 55
86 59
30 48
43 91
18 93
45 89
5 70
68 99
72 38
64 94
45 47
8 20
69 79
9 22
11 27
85 20
17 2
13 53
81 47
22 65
47 83
80 46
4 59
90 55
37 36
88 40
59 49
93 1
81 76
7 18
84 60
61 91
28 86
50 75
75 16
19 61
23 90
26 41
91 13
21 86
61 29
17 5
98 34
78 45
86 46
32 21
91 15
6 8
10 47
90 25
71 74
99 31
45 73
80 27
9 65
50 23
30 39
34 97
88 48
65 58
24 23
86 82
28 52
80 11
48 76
62 12
20 83
18 62
16 50
41 44
13 99
3 68
64 65
83 49
50 92
47 53
100 36
2 11
79 40
31 8
17 96
89 42
91 84
71 37
19 18
95 41
35 56
12 17
62 7
35 98
80 96
71 89
50 86
67 95
65 69
71 52
36 78
83 28
22 3
83 54
32 100
70 94
48 6
42 71
79 36
30 68
14 52
70 82
34 45
97 22
4 78
6 35
70 75
90 12
7 77
26 48
12 44
73 49
83 73
92 25
30 78
89 90
87 1
18 20
48 70
77 91
26 81
84 95
30 55
42 86
38 83
3 77
99 18
26 63
56 43
62 19
7 64
82 66
62 33
36 60
62 3
47 35
57 88
87 67
81 37
84 10
97 4
99 92
92 8
3 98
74 14
57 77
81 5
84 20
14 30
70 44
52 47
83 43
77 87
34 46
9 55
2 99
55 84
17 19
93 37
28 29
35 67
6 87
18 95
99 88
36 41
32 39
50 69
25 75
86 32
29 95
60 94
64 56
20 37
68 87
80 92
67 60
3 16
70 34
26 29
16 52
75 60
1 78
40 80
92 79
6 86
27 23
97 74
1 19
74 94
55 35
59 70
22 44
36 62
85 72
56 20
56 71
11 98
37 29
48 75
45 56
11 29
25 86
57 2
92 60
71 90
93 50
25 18
59 98
41 83
49 85
1 81
88 29
99 73
65 70
31 32
1 39
98 79
99 98
67 24
52 67
11 38
50 95
38 43
94 1
13 96
83 98
99 34
41 46
9 15
84 31
19 30
97 86
28 40
32 38
44 23
13 33
95 97
37 90
13 41
72 1
51 49
34 51
74 70
59 28
20 19
14 93
60 86
59 54
42 93
92 68
53 9
15 33
54 47
51 86
59 12
71 81
21 100
85 15
29 73
27 66
9 51
39 24
69 20
39 83
88 32
70 68
3 74
79 64
53 45
57 18
22 59
89 9
83 58
86 27
6 92
100 79
39 44
21 26
25 46
14 46
11 76
45 17
8 59
74 32
34 93
77 61
45 28
40 23
32 46
91 6
40 38
86 16
74 36
84 8
69 74
8 21
70 88
52 98
60 85
74 24
43 23
70 99
45 14
72 28
11 16
51 76
64 29
24 11
9 30
62 79
51 32
70 43
52 58
50 18
42 9
9 17
84 64
45 20
75 34
67 75
30 93
71 15
25 37
77 11
9 61
46 89
11 32
88 100
12 26
94 37
84 82
81 36
20 33
51 14
14 8
80 15
93 53
42 85
66 78
9 2
83 48
44 8
3 96
92 85
44 95
85 25
33 26
48 51
82 12
2 13
74 45
26 9
100 70
17 84
71 17
15 78
9 14
58 11
43 10
25 21
61 25
64 49
95 39
55 41
98 1
45 35
64 31
77 83
64 59
94 91
77 26
78 84
4 70
68 33
69 42
9 10
62 17
18 48
64 57
6 39
62 39
52 10
14 47
25 34
3 73
32 5
49 99
99 30
20 57
62 68
46 42
96 70
13 44
51 91
27 58
96 41
56 14
43 92
64 47
17 13
45 10
28 31
96 92
16 76
23 99
83 70
42 64
37 80
6 23
10 50
8 51
44 73
67 19
57 68
47 72
60 6
78 20
29 36
20 40
73 65
18 10
69 43
16 88
52 59
24 41
22 60
46 91
97 57
32 48
98 41
87 24
60 15
63 40
14 10
7 68
5 62
89 83
83 80
12 92
88 56
68 22
65 77
50 60
88 42
98 14
15 96
56 6
33 8
12 42
40 52
90 77
85 6
54 44
86 57
46 79
5 38
50 22
69 34
28 77
63 60
42 77
28 88
49 92
97 27
39 16
17 83
41 84
5 2
87 9
42 81
23 14
59 33
88 85
1 44
51 87
11 41
64 86
97 92
40 92
56 92
1 60
41 90
4 84
79 55
67 28
72 67
29 22
70 77
2 89
42 15
52 57
54 12
38 85
30 38
42 72
8 89
89 56
98 57
94 4
48 58
75 15
41 14
47 29
47 84
94 47
89 78
98 66
7 85
83 99
38 54
24 59
17 76
16 13
39 19
20 48
69 3
44 43
18 46
99 94
13 28
26 44
7 96
53 51
76 36
58 96
27 26
49 84
74 25
34 38
70 19
46 82
65 24
80 23
73 60
86 75
61 40
78 99
81 59
99 42
53 74
42 38
66 23
39 76
80 63
7 35
13 90
75 13
52 22
72 13
28 32
66 4
60 98
62 28
81 32
82 50
50 13
99 16
8 55
41 50
79 22
12 78
57 17
66 12
18 60
3 8
30 4
88 8
37 60
62 61
54 32
62 86
16 59
63 58
73 25
38 81
47 36
84 53
91 8
40 27
35 100
50 11
65 34
83 60
18 1
66 18
71 13
71 54
97 72
38 18
80 91
29 58
35 89
72 81
34 48
57 59
11 96
87 64
64 78
85 63
65 59
44 34
90 93
18 29
42 11
49 30
24 51
31 50
79 90
87 58
97 28
17 28
35 85
32 83
48 12
19 33
78 68
75 85
100 6
18 51
98 72
42 8
51 78
24 10
79 87
68 12
17 81
100 11
1 12
19 56
46 68
51 54
55 66
28 47
17 63
71 24
20 75
53 94
33 64
80 69
12 2
8 54
49 47
73 36
11 78
12 70
76 18
3 31
40 76
12 30
21 44
72 92
28 78
36 94
45 46
71 69
50 91
83 87
88 22
31 60
15 100
45 36
28 57
90 11
33 95
50 71
40 97
94 58
8 63
63 55
51 12
68 50
94 93
74 26
93 87
81 95
87 4
93 83
95 77
85 95
38 15
81 93
67 89
95 6
75 14
92 31
89 31
3 56
52 23
56 17
29 19
29 24
98 78
65 32
10 21
78 22
73 54
15 2
88 13
53 40
19 48
17 20
62 84
70 24
93 10
41 3
96 98
29 45
14 61
43 97
33 98
42 68
90 21
87 10
89 49
63 74
72 63
40 93
29 34
97 42
36 82
44 38
43 71
22 10
89 68
51 67
37 42
45 88
1 40
29 50
17 89
53 27
92 87
53 58
41 34
93 63
55 78
47 67
80 7
76 41
7 39
53 4
27 49
4 37
91 93
58 14
93 97
12 46
24 38
57 12
25 59
88 52
76 66
3 25
4 91
99 33
65 28
76 93
96 79
72 14
63 24
5 19
67 81
30 41
62 8
70 42
27 72
81 49
41 75
23 67
54 33
45 30
59 17
26 5
28 87
47 80
40 31
70 13
36 11
49 3
94 21
72 39
77 99
93 12
35 8
12 36
86 11
32 13
14 16
34 5
62 91
69 73
25 20
6 79
11 4
11 40
61 30
10 11
55 25
75 5
70 62
35 57
53 33
75 7
54 22
99 14
23 25
96 46
55 31
17 93
13 31
62 2
85 22
18 8
15 45
65 26
23 16
68 65
35 42
24 40
54 94
54 11
30 18
72 40
49 72
94 8
43 8
94 16
57 15
2 43
25 7
30 68
47 23
13 72
31 23
63 59
8 22
57 83
91 43
53 36
37 100
17 26
15 9
18 20
1 96
37 52
91 61
94 96
76 12
79 82
6 13
18 80
96 43
59 10
90 8
29 77
23 16
6 60
67 76
43 52
20 54
23 5
91 70
11 46
91 38
99 5
64 35
77 88
20 15
46 47
97 73
69 65
22 92
33 82
40 69
95 4
48 61
67 87
61 83
95 31
95 79
15 27
86 5
99 62
3 6
24 76
86 42
67 3
5 83
97 83
35 16
27 86
89 60
39 55
62 98
78 21
35 41
46 19
10 50
54 44
55 54
3 20
85 29
10 94
54 67
60 84
28 86
9 21
53 45
32 53
23 83
90 46
20 34
1 38
4 1
16 24
29 91
73 33
70 85
88 26
17 35
42 80
43 39
49 68
27 1
25 99
29 24
24 18
84 93
38 30
51 52
17 37
12 21
81 15
31 15
72 50
57 37
80 21
50 67
14 95
54 85
97 31
53 24
97 63
25 72
10 88
39 93
8 80
67 95
2 81
24 68
51 75
48 72
43 26
63 74
18 13
56 27
31 18
95 11
67 84
86 21
87 84
93 24
80 74
95 83
12 71
59 69
55 92
77 46
76 96
70 50
19 23
70 72
61 10
56 32
23 59
56 69
18 37
65 22
88 60
6 33
57 18
43 58
23 77
73 99
23 98
75 83
23 46
81 37
43 53
73 39
56 17
61 41
40 46
49 93
46 26
90 32
87 43
75 67
28 80
20 99
99 19
21 2
65 84
41 55
36 85
33 19
58 70
52 94
91 64
95 39
65 58
32 43
59 20
58 39
89 27
73 34
91 68
75 15
94 87
16 46
18 45
92 10
79 92
96 90
19 26
19 37
64 22
34 38
59 5
7 36
80 15
49 77
77 95
20 71
82 99
79 36
47 32
13 36
36 48
79 72
4 33
72 31
69 64
54 6
81 91
85 8
22 81
90 27
64 56
22 66
59 73
97 27
55 58
17 81
57 79
4 50
87 88
38 18
47 33
32 16
71 75
64 66
33 8
56 4
36 23
45 67
57 50
87 56
69 35
8 79
20 86
54 23
71 99
4 8
30 95
20 32
22 77
25 24
29 26
50 41
13 65
15 46
47 22
68 70
44 5
100 20
32 62
47 99
95 37
42 81
94 15
45 17
71 66
28 13
49 62
96 100
22 73
71 92
20 95
40 35
7 49
34 40
6 8
21 55
13 91
22 36
14 8
97 52
13 17
6 7
68 82
77 26
10 67
38 52
39 75
58 40
100 41
19 44
41 74
57 84
92 25
33 37
29 50
2 72
36 4
1 36
84 18
67 99
57 71
72 91
41 27
72 100
97 80
42 75
77 66
36 52
2 38
27 92
25 5
100 51
66 30
42 20
19 63
1 80
76 59
78 83
57 30
81 88
38 26
83 50
57 28
59 30
56 7
52 81
57 91
20 35
59 57
6 92
1 67
65 94
32 42
30 21
54 45
55 17
15 61
50 63
5 42
4 22
26 5
63 55
80 90
7 19
1 88
93 16
55 95
38 86
26 66
57 61
36 67
63 20
11 3
72 77
98 86
45 96
84 38
70 89
59 9
29 47
42 24
78 46
3 52
93 87
44 96
97 42
4 58
40 76
71 27
59 64
47 12
6 17
4 76
97 44
64 88
28 76
89 7
23 35
17 36
17 67
99 44
87 10
67 63
61 56
29 13
61 66
10 8
9 66
80 79
47 15
55 38
76 81
44 84
65 34
82 88
67 59
22 53
12 34
56 76
58 45
44 35
34 14
5 19
56 70
3 50
50 79
20 2
71 79
43 93
29 41
11 75
24 55
85 37
81 43
1 73
62 46
50 20
26 89
9 30
24 80
51 58
22 44
96 53
25 60
28 6
83 12
11 44
41 92
76 35
98 40
47 73
30 67
36 32
65 39
7 31
21 70
55 8
7 11
75 41
35 61
35 97
54 94
66 50
31 39
47 20
37 54
13 10
52 12
60 29
15 84
70 24
50 42
70 30
58 71
57 73
77 79
27 83
11 79
100 79
34 99
38 39
26 99
20 93
55 47
69 22
92 52
5 17
38 46
94 30
98 97
58 7
20 58
83 52
4 92
83 100
15 21
83 41
23 11
4 86
24 82
100 39
39 64
93 75
22 14
32 78
30 100
77 5
82 19
63 27
36 50
53 23
53 94
58 49
73 95
74 98
30 36
11 15
12 7
47 58
29 62
82 89
68 47
24 50
77 17
5 14
98 95
38 69
98 12
12 15
38 78
90 74
66 52
16 3
37 86
30 73
5 39
54 13
32 93
14 24
55 34
73 62
8 83
78 82
11 9
65 33
77 93
24 35
100 15
63 10
60 62
42 12
59 54
62 64
22 12
48 65
19 60
59 78
13 15
14 71
35 80
90 10
27 95
3 98
46 28
81 67
66 70
24 20
74 17
51 78
100 88
38 90
90 14
47 43
27 79
29 36
100 76
23 74
95 81
83 62
89 86
93 72
72 66
94 39
83 74
94 12
22 54
83 54
56 43
45 49
21 48
54 7
14 63
75 46
56 96
86 2
47 5
30 86
71 19
77 10
6 23
49 81
75 17
64 12
53 33
11 97
32 7
64 55
87 39
91 14
36 71
74 64
90 49
56 21
57 81
82 40
88 13
33 54
56 62
25 81
46 32
55 49
99 56
56 54
18 79
85 48
14 76
2 7
13 82
23 4
22 35
93 81
52 40
73 12
83 47
92 67
45 62
28 10
51 66
43 57
35 49
20 26
83 18
50 45
54 70
1 64
47 71
12 75
100 44
51 38
76 41
13 35
25 21
23 7
8 97
60 32
43 74
42 45
23 10
28 58
15 36
29 3
40 22
31 100
35 90
35 68
80 50
67 55
81 98
88 12
83 65
84 86
40 37
16 68
29 18
44 48
56 98
4 44
31 35
12 56
69 17
73 45
81 60
94 24
50 5
70 94
64 73
89 3
57 6
61 53
20 98
92 11
88 83
69 75
34 32
54 100
45 76
82 35
49 21
15 26
4 88
76 17
50 100
11 5
85 19
66 45
86 52
78 63
57 62
54 73
31 34
78 5
65 85
54 40
9 87
66 41
92 72
64 18
80 31
24 98
30 84
90 62
7 99
47 74
4 40
11 36
42 65
13 4
8 60
74 6
41 67
93 76
51 48
29 70
46 25
41 73
90 53
87 45
4 30
58 36
2 29
3 27
12 33
89 8
68 79
91 30
85 39
20 39
43 15
98 15
31 48
21 41
66 13
96 11
72 30
70 71
19 96
33 55
78 70
44 82
46 51
75 88
33 71
48 62
3 35
54 90
46 86
30 71
63 53
52 30
1 25
63 90
81 34
72 95
19 80
96 10
5 82
69 63
77 61
16 29
7 74
35 48
89 50
65 4
90 86
86 66
4 10
75 94
45 4
55 65
54 36
37 82
86 17
43 44
41 44
73 36
87 35
4 31
30 14
16 22
23 71
24 52
77 62
74 21
70 35
17 65
48 57
54 48
34 39
53 70
10 64
53 18
13 49
20 21
86 45
8 39
32 70
77 42
40 15
17 95
66 67
69 95
94 99
84 91
39 25
81 13
31 92
15 34
96 62
10 3
50 11
37 31
81 36
15 32
47 24
24 39
73 3
25 6
1 46
62 35
91 82
100 85
86 18
42 93
100 43
5 38
76 77
74 34
39 89
81 44
4 69
90 77
5 62
34 57
19 66
16 86
65 32
64 70
51 61
21 45
67 15
55 29
53 20
77 3
51 56
64 96
41 30
32 37
53 67
35 26
48 98
66 62
75 24
14 43
24 63
34 89
29 94
96 18
85 58
59 42
42 99
16 74
75 99
69 6
71 24
67 2
77 27
68 4
92 54
63 15
70 37
18 60
8 78
15 69
53 93
95 92
83 24
42 51
75 73
32 95
40 38
15 33
44 24
23 82
26 53
89 98
16 21
28 81
98 10
86 32
11 59
45 32
28 29
25 53
94 57
74 67
53 21
61 74
59 16
40 81
22 24
86 15
64 52
73 79
64 67
13 75
40 100
79 78
39 90
14 16
54 27
63 87
97 51
73 53
60 98
11 98
6 37
21 84
62 1
78 60
42 38
91 32
75 4
56 38
31 10
96 91
26 11
89 18
69 8
9 47
39 91
41 69
73 23
79 29
60 71
1 45
70 98
76 38
69 44
60 36
22 100
82 31
91 97
56 39
5 6
47 66
65 15
88 70
74 53
50 22
32 74
19 94
57 20
72 52
45 61
38 13
32 28
69 21
32 6
46 48
89 77
44 77
4 43
60 43
94 36
14 51
80 56
56 8
90 58
3 85
50 75
83 34
94 56
100 23
94 86
68 69
54 84
23 68
40 90
51 86
12 39
94 2
54 65
27 67
79 2
3 34
91 10
84 83
30 35
19 86
58 30
99 24
57 72
20 29
88 9
9 52
84 23
59 38
31 57
62 28
50 32
18 99
33 70
53 56
46 68
44 58
17 2
43 6
59 44
53 66
76 43
20 16
4 14
79 28
68 80
1 76
52 21
12 41
17 1
31 51
33 5
3 69
23 3
30 22
71 93
46 52
32 87
76 25
28 69
82 62
67 71
33 40
27 64
86 91
47 27
65 79
85 35
5 40
37 79
45 91
98 82
13 77
4 70
49 42
65 93
47 72
37 34
89 31
50 39
35 98
12 49
87 66
5 74
11 20
47 40
32 96
53 38
95 57
96 86
82 8
61 17
85 64
41 42
79 7
42 92
51 24
31 63
97 50
56 84
45 13
16 63
78 72
72 19
82 53
43 67
29 42
99 9
55 30
28 73
5 68
31 74
23 97
31 55
97 12
45 12
47 10
30 24
29 86
60 44
35 59
90 44
82 86
71 88
83 10
9 25
24 15
13 94
18 7
65 82
91 4
90 13
15 14
57 33
77 86
9 44
10 81
96 5
19 79
47 78
39 74
8 100
55 79
12 13
24 97
78 11
90 99
37 94
14 89
49 27
17 98
87 46
6 39
20 44
1 3
39 52
87 50
83 96
76 6
4 16
17 79
73 29
66 25
73 20
11 51
3 40
12 89
73 81
27 34
30 27
83 6
17 51
2 42
28 40
11 58
43 78
14 49
71 73
57 75
48 78
65 23
43 28
90 71
95 44
41 84
7 30
50 30
58 79
63 100
83 33
12 46
14 11
47 41
99 40
59 70
73 14
71 83
15 66
97 85
94 1
61 38
17 64
77 96
40 43
46 43
51 73
34 69
81 39
97 22
96 21
15 92
47 11
73 37
16 26
19 25
14 18
68 65
18 19
21 67
9 12
62 13
66 7
44 88
61 85
94 62
93 57
18 52
87 38
80 32
65 40
13 69
3 12
94 59
92 35
92 5
67 90
43 3
12 57
44 14
69 51
7 81
42 34
70 3
42 58
69 11
69 53
42 23
17 32
37 44
37 16
16 6
82 97
79 96
94 20
23 56
96 12
20 49
92 46
88 59
61 82
1 9
28 14
41 11
48 77
16 40
33 1
12 1
37 30
21 33
84 70
47 95
19 15
14 42
16 90
27 51
34 95
64 75
92 8
90 61
75 47
81 8
32 58
47 81
33 85
48 67
1 28
46 27
10 6
47 61
93 64
69 9
87 54
77 2
22 95
39 99
81 38
13 100
45 93
1 72
99 58
94 61
7 85
71 22
70 67
93 3
68 54
71 85
16 61
97 86
26 84
83 9
46 10
28 25
90 76
40 96
47 85
33 89
26 4
17 48
8 87
73 26
3 58
72 83
35 74
26 69
50 8
27 87
68 89
26 68
36 51
55 84
41 31
22 67
28 100
44 76
86 87
93 30
14 85
66 14
82 87
92 93
37 20
89 32
14 94
7 29
85 66
42 31
64 15
91 87
89 21
11 37
26 82
47 65
5 87
54 2
57 21
33 41
88 5
17 90
91 44
72 86
85 43
77 59
61 96
74 13
38 44
90 65
3 31
33 32
96 52
92 12
49 46
82 11
62 44
56 13
51 92
49 86
38 14
48 71
54 19
11 55
87 16
68 57
38 21
4 28
9 96
48 32
53 46
9 40
23 86
28 95
79 5
62 10
57 41
69 14
3 2
38 70
11 84
71 87
88 32
32 59
62 84
17 88
75 58
3 54
78 35
99 17
36 55
79 40
100 56
83 63
54 96
9 26
56 83
30 62
31 67
35 27
8 32
97 77
34 13
79 21
61 36
11 10
62 2
50 82
12 70
36 28
99 64
40 66
58 50
26 33
95 65
41 10
4 12
93 83
4 80
24 17
34 4
66 5
29 74
16 76
43 37
65 7
70 100
45 14
81 100
2 23
68 60
62 92
17 16
48 95
83 2
51 93
34 78
1 82
78 84
20 43
32 41
70 69
54 52
34 8
4 72
44 2
100 36
33 27
90 47
87 21
35 42
28 89
26 67
100 10
75 78
26 2
61 67
15 55
95 86
78 41
84 95
76 79
48 49
83 91
67 52
70 62
63 9
24 27
1 26
69 89
84 25
13 27
90 56
32 1
8 23
61 54
49 2
41 26
3 21
23 17
20 55
66 82
33 92
2 37
72 65
21 23
100 98
49 41
38 22
56 45
22 18
47 94
89 56
32 52
98 72
56 85
30 19
67 78
72 21
3 15
82 58
74 92
99 35
95 85
91 74
7 92
41 36
72 26
32 82
76 83
92 36
58 63
50 37
89 91
68 20
55 68
60 95
71 13
64 25
76 50
28 51
50 48
50 81
29 54
27 57
64 40
69 58
9 48
9 77
99 31
99 38
37 9
67 19
31 53
36 72
29 33
85 18
59 95
9 57
29 80
98 73
16 91
76 51
78 88
2 31
87 48
4 42
70 99
61 26
34 36
95 25
4 90
61 97
79 3
70 36
62 78
67 34
37 23
66 2
79 6
24 32
34 22
32 18
76 86
41 94
23 95
90 87
61 95
15 18
40 56
45 92
39 72
78 94
63 48
36 91
81 66
70 26
98 51
49 6
59 74
49 30
28 31
93 91
97 47
30 10
26 56
66 11
35 94
87 69
20 56
5 24
57 25
51 94
98 63
48 5
73 43
9 28
77 19
76 98
73 48
72 35
98 27
41 77
12 77
43 21
42 69
76 65
12 16
39 42
92 99
46 4
21 88
25 51
61 24
68 98
71 8
96 98
71 54
69 77
29 40
44 93
94 42
82 25
48 45
29 49
4 32
90 9
90 91
86 81
23 50
14 79
48 23
47 50
34 62
29 67
38 47
7 34
50 96
58 92
80 43
9 6
96 49
53 42
62 41
91 33
17 22
11 43
52 42
65 31
27 96
52 29
79 99
15 68
54 39
23 28
30 63
70 63
55 4
98 21
3 94
51 33
17 20
67 32
77 75
84 7
74 20
58 80
24 36
22 84
16 97
44 50
67 57
20 9
3 19
31 29
4 100
5 93
23 92
43 70
87 29
7 20
91 77
27 53
35 21
70 1
66 78
56 19
84 8
65 96
8 74
27 80
96 70
58 61
87 59
82 9
57 14
84 40
92 43
14 36
84 4
90 60
19 43
1 19
32 72
99 60
70 92
45 7
52 61
29 92
46 29
5 4
59 25
75 62
95 96
76 21
97 64
17 50
76 9
82 80
91 65
2 71
63 91
99 16
59 49
32 79
23 24
23 70
84 96
60 87
5 27
86 7
74 68
21 85
30 25
22 48
89 20
81 97
45 70
83 14
71 91
45 84
63 34
34 33
49 9
26 48
55 83
99 10
91 99
13 23
6 66
5 69
54 47
100 11
26 3
56 47
45 89
77 51
41 34
83 36
1 23
88 37
67 94
78 1
35 8
31 54
5 46
65 35
46 17
22 10
33 30
2 33
75 10
15 62
11 45
35 5
40 48
92 98
89 1
62 87
46 69
94 98
16 30
6 18
69 30
53 64
50 16
97 67
33 94
22 2
44 39
36 80
68 75
56 65
23 79
45 97
88 6
93 94
18 70
80 85
12 82
80 25
30 1
40 49
53 8
56 74
30 96
55 46
66 92
37 84
71 49
25 35
93 85
55 19
70 5
92 38
39 13
67 93
41 79
70 14
18 43
49 53
68 85
34 18
20 81
33 96
91 79
38 20
78 80
39 2
68 73
1 55
65 80
58 81
42 37
61 87
25 68
91 60
49 61
59 96
4 20
84 5
71 15
61 7
14 53
54 35
98 46
58 18
19 81
95 71
16 11
40 94
46 24
10 95
69 29
95 91
68 76
94 22
75 18
95 90
14 62
95 18
87 25
50 15
93 56
2 63
25 91
5 3
42 98
1 53
46 82
71 100
75 32
77 21
44 18
16 89
60 13
45 40
85 73
43 97
31 69
98 25
72 18
72 73
51 49
65 52
100 25
32 3
63 92
92 82
50 88
99 8
84 27
34 90
49 28
93 82
42 25
31 21
4 47
25 10
7 16
40 25
35 75
25 37
85 63
47 84
70 13
98 90
8 54
90 24
21 81
79 43
17 62
76 33
7 10
52 49
18 23
66 12
23 49
31 1
40 88
46 64
93 22
49 84
80 76
27 93
8 40
41 43
15 79
53 91
52 53
12 93
78 31
46 60
79 93
6 45
100 68
43 54
97 60
10 29
35 14
75 66
5 20
17 60
47 59
90 57
2 80
61 13
41 56
80 98
87 44
60 58
21 83
65 100
17 71
81 5
8 24
64 20
40 13
65 30
63 12
38 3
49 75
68 61
80 33
18 40
14 81
34 100
28 88
58 23
10 65
2 58
31 98
64 76
14 67
72 7
79 53
60 85
37 53
84 71
41 90
76 66
76 18
54 66
39 49
37 36
29 32
2 8
96 57
68 21
87 76
50 55
53 85
79 10
92 21
51 41
59 12
37 90
69 73
17 68
78 42
27 66
59 22
84 94
72 16
7 44
96 42
59 82
27 74
97 10
28 11
95 58
72 62
11 48
95 46
18 3
91 34
9 16
51 53
46 56
100 29
88 97
70 60
20 62
56 49
45 60
28 67
2 30
32 21
21 27
85 59
27 73
3 71
56 55
92 64
89 40
66 3
56 59
59 34
54 95
59 99
46 58
66 74
32 9
1 42
31 77
22 52
96 31
17 31
3 68
34 26
19 93
47 62
15 6
27 60
50 92
57 78
54 64
92 68
12 28
47 42
12 29
1 43
91 17
77 53
20 45
57 23
60 24
58 67
71 42
55 78
99 6
34 79
61 6
54 38
99 88
7 17
25 67
49 92
100 46
6 2
99 93
67 91
46 96
61 89
98 18
13 30
79 13
33 59
100 47
90 69
93 29
96 13
20 23
1 81
57 1
22 72
53 76
39 62
72 33
61 71
90 64
87 73
30 60
86 70
4 79
30 97
53 7
40 23
51 6
59 29
99 96
4 78
96 75
99 57
81 79
3 51
59 7
30 51
46 89
80 99
45 68
4 53
65 53
59 89
10 24
60 82
3 97
51 74
80 37
72 67
17 15
96 25
84 90
42 30
10 15
99 89
41 16
69 71
81 84
70 46
49 91
18 2
98 87
48 28
65 16
71 96
22 90
27 94
96 72
22 79
22 88
30 29
63 38
60 64
47 8
32 5
86 60
66 56
48 38
79 64
35 88
16 95
48 30
88 96
56 63
47 37
2 19
51 12
83 32
69 52
11 53
20 84
12 11
45 33
44 21
7 57
15 53
66 80
65 66
96 69
18 17
73 49
65 77
74 58
70 75
97 46
38 4
89 51
78 13
93 55
93 41
48 75
95 7
37 59
97 62
55 70
89 43
32 54
99 2
20 33
29 38
94 26
33 14
83 85
73 80
39 40
11 29
54 91
74 70
41 71
25 93
74 36
17 52
61 19
15 73
16 80
94 92
6 73
35 9
81 4
13 25
88 34
28 97
80 45
47 28
91 41
92 3
63 23
55 62
40 10
91 31
12 54
58 72
88 58
88 91
50 84
91 50
12 60
65 86
67 7
11 49
6 56
28 18
77 67
29 99
47 63
42 36
14 78
49 16
38 50
44 70
77 11
49 98
42 60
41 60
72 56
48 96
40 36
98 9
4 27
55 86
23 64
45 29
34 17
17 96
2 78
35 83
12 44
31 88
77 28
13 41
25 70
5 61
7 90
2 56
75 28
80 71
57 32
59 79
55 48
30 43
55 9
11 87
49 70
58 26
8 31
62 79
11 74
52 7
1 37
99 55
26 7
66 98
5 80
27 72
72 41
71 32
11 57
32 2
69 78
86 73
8 95
90 93
5 2
96 87
51 50
60 73
85 99
51 45
75 59
28 15
48 97
57 60
54 15
75 25
25 77
40 73
28 2
9 73
7 68
19 35
97 26
13 33
33 50
19 49
16 96
96 24
98 45
32 97
45 5
12 5
100 17
99 46
26 18
30 8
61 86
26 52
59 14
13 92
70 22
28 90
92 83
62 16
46 39
44 78
60 10
69 27
8 70
3 8
64 33
10 55
11 19
5 60
66 93
93 89
36 78
52 28
50 1
63 22
7 38
75 98
90 3
91 98
29 27
4 51
19 36
32 30
13 32
2 45
48 81
11 52
51 26
64 48
71 74
41 96
34 60
40 41
44 67
58 77
80 64
72 61
71 34
25 83
66 36
73 18
38 41
1 99
64 61
19 84
34 54
77 54
11 34
84 69
20 79
41 20
45 23
23 14
85 57
55 85
29 25
26 63
24 91
51 9
70 11
49 74
51 81
6 70
8 73
80 67
28 96
45 27
94 64
81 72
3 87
63 17
98 6
38 97
60 14
14 84
86 50
37 41
40 1
38 35
79 42
81 59
99 50
1 20
30 20
93 34
80 34
74 3
61 20
38 23
26 90
69 74
2 40
38 65
17 97
60 83
86 24
10 51
89 71
2 88
93 38
61 1
18 25
53 81
33 3
39 53
71 68
35 37
68 81
63 60
93 61
90 52
16 53
10 27
72 55
80 75
55 91
37 87
75 29
75 54
20 92
81 45
66 37
36 88
4 94
38 95
2 57
62 61
72 64
9 64
30 26
89 15
11 90
50 12
72 89
61 14
72 20
19 90
88 57
13 89
66 55
95 40
79 86
23 81
6 68
8 65
65 36
79 87
62 12
62 43
74 72
43 35
4 71
81 26
62 71
26 14
92 77
69 86
10 74
73 44
57 5
27 19
87 52
25 12
83 20
5 90
41 24
74 99
55 13
84 24
16 25
18 49
17 82
48 80
16 8
63 66
61 3
85 42
60 21
76 30
80 26
64 77
50 69
32 25
42 56
24 11
98 47
38 36
81 74
42 43
34 25
33 61
50 60
21 71
47 19
79 98
92 18
25 14
49 33
41 89
42 16
48 3
31 59
24 66
64 86
22 68
19 4
27 18
69 85
95 99
12 40
51 39
60 16
6 75
70 77
1 95
76 78
86 78
3 7
70 10
89 67
93 48
56 29
3 28
49 65
50 53
17 47
58 9
63 3
4 57
13 83
2 70
78 33
82 83
83 98
40 55
28 19
33 68
84 88
61 76
88 55
49 85
80 46
43 59
66 91
9 78
26 95
62 23
66 84
99 72
62 4
5 97
90 85
4 66
29 53
31 27
59 48
99 37
66 16
97 6
77 60
86 39
53 34
46 13
1 59
53 60
28 56
45 30
100 86
7 78
90 70
74 25
38 100
23 69
45 19
6 47
74 65
24 37
17 53
31 71
34 19
80 81
79 94
99 53
52 75
64 51
4 89
82 47
98 99
24 38
39 45
11 27
41 8
95 29
68 14
48 92
56 58
9 60
95 49
11 86
27 8
73 2
56 36
19 40
41 97
86 3
95 24
62 36
72 82
27 61
74 2
2 16
61 100
43 49
44 13
87 1
19 31
76 2
86 26
59 80
3 4
63 7
53 86
86 36
9 23
50 59
8 51
78 65
89 53
89 64
19 92
38 83
59 66
13 99
34 5
17 25
48 41
65 81
33 87
20 90
37 38
85 25
18 94
94 81
50 19
13 52
18 61
96 39
19 24
28 42
69 100
1 21
42 44
45 72
77 47
99 84
95 75
44 8
33 23
3 49
27 52
6 72
97 56
12 18
5 9
34 87
94 71
16 51
28 64
98 2
30 56
86 25
26 78
39 29
66 69
71 7
61 59
39 21
29 5
72 15
74 26
48 34
83 40
51 34
100 82
32 22
56 15
16 34
55 2
69 54
31 84
95 68
83 15
5 72
15 2
92 61
91 48
12 58
58 76
11 13
18 68
21 54
97 74
4 6
67 12
18 55
55 81
60 37
49 69
98 22
10 42
75 79
85 13
97 99
53 71
1 5
43 17
28 37
86 35
4 49
75 31
56 48
23 25
67 42
67 35
63 79
94 25
75 5
47 39
32 98
97 53
99 30
35 46
91 58
8 48
98 16
59 13
22 99
14 80
2 12
18 69
69 99
86 40
62 68
57 13
18 62
61 70
26 13
64 5
76 95
72 54
3 81
44 55
66 73
82 38
69 62
68 83
23 99
68 38
88 73
89 63
89 35
86 92
19 88
100 84
51 15
25 71
54 24
60 79
91 51
96 81
88 39
98 54
38 45
70 87
81 31
78 19
4 39
48 7
1 85
48 88
44 57
75 97
64 83
33 22
5 58
26 47
48 90
27 38
83 69
48 18
47 49
46 67
13 58
80 84
38 98
32 40
60 11
50 2
52 4
77 39
75 91
91 47
89 54
78 49
60 72
8 49
63 11
78 68
68 51
42 72
50 62
22 3
35 6
10 14
37 46
15 58
68 96
17 28
41 23
94 85
30 34
97 21
14 13
45 55
40 85
74 45
42 33
92 65
21 5
68 11
92 57
73 46
11 72
2 24
2 68
64 63
55 52
65 64
54 17
29 98
16 71
57 22
70 41
30 64
4 11
69 10
4 17
21 46
10 89
82 4
15 8
38 79
37 67
48 68
57 76
55 7
31 13
15 38
71 56
79 31
26 36
61 8
3 59
100 94
6 48
48 20
95 97
45 71
16 44
82 6
67 49
93 9
46 30
42 22
83 53
92 32
38 58
11 71
17 49
66 46
56 37
51 7
97 25
54 97
93 18
44 72
33 35
3 80
90 42
22 58
70 40
88 42
64 68
8 42
4 29
44 36
66 33
100 67
57 29
30 47
48 42
41 1
80 94
39 61
85 89
57 65
68 31
74 54
3 57
52 15
66 35
70 28
62 95
48 74
3 25
70 65
10 48
74 40
59 28
30 15
31 45
10 57
2 14
99 32
80 44
5 56
90 43
85 31
67 56
85 23
21 65
44 71
31 50
51 43
39 17
26 8
62 80
73 4
10 5
72 43
94 38
30 40
28 55
53 44
18 71
99 45
35 36
60 23
89 19
12 85
65 97
8 93
12 31
76 85
59 84
19 13
88 89
64 21
25 78
52 68
77 38
81 46
62 22
75 60
24 64
10 86
26 65
22 61
81 32
98 4
67 98
88 68
23 94
78 61
67 24
16 83
19 69
59 60
76 5
68 99
18 81
29 90
42 66
87 100
84 10
73 92
63 46
22 91
44 92
49 88
50 28
78 95
97 59
18 41
92 97
49 10
75 38
50 18
98 71
9 71
16 13
84 61
27 78
36 8
27 36
73 17
26 12
37 91
28 20
23 15
36 3
84 64
48 47
82 75
62 9
90 97
64 50
32 14
30 17
60 39
45 28
6 38
89 52
87 15
7 46
82 70
90 59
67 79
11 8
51 60
26 87
49 99
77 94
66 49
64 71
95 36
14 31
15 41
27 22
39 9
8 88
63 99
82 52
96 6
29 84
97 49
86 80
96 8
75 87
51 5
1 15
84 6
85 79
37 7
11 32
26 39
72 8
66 94
89 23
15 96
63 41
82 18
25 63
84 51
71 65
37 55
83 29
41 99
24 40
87 41
79 26
5 65
50 56
33 84
89 79
80 88
37 22
75 56
20 97
73 7
82 81
80 95
51 2
31 61
2 41
8 59
21 19
16 18
40 61
12 6
27 16
43 23
8 29
7 80
8 1
98 58
99 86
53 3
79 45
80 70
52 76
88 85
7 15
41 65
7 96
24 31
28 98
68 44
88 63
33 62
96 29
67 38
95 82
52 71
51 29
59 83
40 80
100 19
40 17
79 44
55 69
23 51
28 85
82 2
73 42
25 8
36 57
85 22
30 82
36 84
53 54
17 70
44 74
9 56
3 44
86 6
30 78
54 42
22 13
78 85
66 38
93 13
47 18
55 23
34 50
34 84
95 66
56 81
48 52
57 19
78 97
28 82
68 43
57 100
74 55
59 62
97 2
44 86
19 52
59 100
57 80
100 12
77 73
46 42
44 98
39 69
1 10
97 79
24 34
82 71
66 1
58 59
58 84
26 37
38 17
56 10
83 94
76 20
69 92
78 56
75 34
85 84
80 100
6 63
85 34
15 91
97 7
95 21
70 48
85 81
42 13
9 100
43 84
31 32
80 13
87 89
46 72
92 85
78 24
3 46
61 99
17 10
91 78
40 27
99 83
84 77
7 50
14 64
99 12
44 89
99 78
8 17
28 41
14 92
81 92
9 74
42 87
13 24
67 8
7 88
61 29
7 33
9 24
50 40
65 24
2 93
27 76
47 7
81 89
69 7
44 25
16 70
62 7
66 60
85 45
65 73
26 59
93 88
10 78
14 58
63 42
55 89
26 96
93 63
29 1
42 3
75 63
76 47
96 51
19 39
22 78
18 36
26 28
82 7
14 56
91 28
58 86
72 90
58 33
74 94
38 43
51 63
49 76
58 64
48 14
78 45
95 9
7 87
11 56
98 7
21 40
74 96
74 12
7 91
2 48
59 2
87 92
52 59
3 13
21 61
67 4
83 39
59 86
52 58
60 47
100 78
8 52
99 33
55 12
2 27
77 78
21 36
77 87
23 78
58 16
73 38
59 40
97 33
44 64
79 66
90 25
66 34
16 75
1 18
55 3
6 85
65 27
62 52
63 18
75 61
28 34
44 27
36 6
64 34
82 22
69 2
100 99
11 81
84 79
39 1
49 54
86 9
54 28
43 65
70 76
74 14
68 8
70 52
57 53
1 77
10 26
23 12
35 73
80 60
59 92
69 32
31 83
7 93
28 30
6 58
86 62
29 43
41 81
27 14
23 96
100 27
87 99
64 81
52 63
30 3
69 20
26 40
34 76
73 93
76 69
62 53
57 45
24 26
11 88
45 22
37 69
82 3
2 95
19 16
41 5
34 61
37 92
79 24
63 54
55 77
93 86
66 18
85 87
100 24
90 12
66 20
30 79
82 41
97 29
10 12
14 65
1 100
30 88
14 100
98 61
52 73
16 45
100 97
47 21
11 61
25 56
72 10
81 27
65 1
57 52
80 11
68 39
14 75
61 9
68 13
8 64
15 35
85 51
31 9
80 53
31 16
86 75
94 28
28 8
26 22
42 95
97 55
88 46
6 100
16 48
54 50
48 19
33 77
67 20
60 49
85 50
19 98
100 35
1 44
9 17
83 67
52 84
28 5
52 88
41 17
44 32
6 95
5 49
46 41
75 19
50 65
11 18
52 35
54 57
15 70
63 65
49 38
41 85
74 46
68 53
7 100
54 93
37 78
16 52
12 27
62 88
99 77
24 69
20 36
89 9
12 30
56 86
28 53
38 19
45 64
23 93
49 31
29 82
19 91
95 93
20 91
17 57
77 85
47 53
89 25
90 30
75 40
74 15
42 74
69 72
66 28
45 26
72 63
79 52
34 2
40 14
81 9
87 65
42 40
27 59
18 91
17 27
29 72
50 13
8 58
12 86
1 47
77 40
8 9
9 68
18 88
55 60
68 37
88 45
90 45
49 80
59 18
83 81
90 2
3 75
87 14
91 2
4 97
93 31
58 94
82 67
42 11
87 40
85 82
28 71
12 32
17 80
66 44
20 60
60 4
31 70
91 85
53 41
46 76
32 61
40 62
51 72
43 48
92 60
15 60
47 79
59 4
36 87
36 43
97 37
48 15
77 32
35 91
1 51
25 54
88 33
19 51
44 65
74 37
73 56
19 65
50 14
39 30
35 60
57 82
48 60
4 21
67 18
3 84
100 64
2 61
78 81
17 58
7 21
62 25
24 59
10 85
69 81
62 74
45 36
29 17
94 7
78 90
38 10
55 59
27 28
35 10
30 61
91 42
8 13
65 37
89 57
77 34
33 90
20 8
93 35
93 74
64 49
80 39
53 87
34 68
92 40
2 25
52 1
61 60
88 23
71 37
94 90
63 86
68 32
73 19
87 95
61 69
9 10
96 37
79 69
52 14
67 96
90 73
42 9
4 35
87 81
24 72
77 8
50 94
21 66
53 6
89 42
80 47
43 69
88 47
75 22
78 29
16 69
37 29
25 48
55 76
91 40
18 74
61 23
90 31
6 71
46 31
78 15
9 45
89 78
91 21
25 45
43 33
26 27
22 87
63 13
67 86
48 94
57 40
81 90
54 11
11 30
23 75
55 26
89 37
67 39
97 14
97 36
1 24
7 9
97 69
51 21
6 59
22 19
39 41
1 13
49 34
27 23
52 100
25 31
66 10
54 1
73 67
68 19
70 27
90 50
23 29
84 89
31 76
27 43
15 95
75 26
26 57
85 2
21 26
15 97
40 11
89 17
40 71
74 38
53 78
37 98
95 43
47 93
62 93
61 73
100 32
27 48
1 49
19 87
93 14
53 13
20 40
100 3
24 21
90 55
36 68
73 83
74 88
46 50
35 71
41 54
39 16
79 83
42 19
46 6
14 72
83 28
60 38
1 71
59 71
40 63
16 54
52 74
23 26
43 10
76 7
79 1
93 37
31 66
64 82
78 92
83 77
81 99
12 38
96 35
11 35
91 27
4 61
87 47
24 87
78 12
26 44
32 23
3 41
39 37
9 65
21 58
95 89
68 66
6 52
9 18
31 26
95 13
71 77
81 24
12 95
43 7
61 28
45 59
71 46
33 28
90 79
10 2
100 26
75 9
44 29
58 48
67 11
74 1
54 18
54 99
27 20
4 48
95 64
26 91
6 64
33 46
21 93
22 46
1 93
18 87
62 6
60 96
22 96
66 43
45 15
34 43
95 33
28 24
32 19
56 1
98 34
58 96
39 97
19 10
6 11
98 50
25 52
26 25
11 31
44 17
100 42
96 3
14 37
100 77
28 39
39 78
61 12
70 39
11 93
9 84
71 26
44 52
88 41
80 9
45 69
34 94
53 10
36 99
90 68
9 92
36 25
30 23
73 11
5 30
13 76
14 1
63 29
93 52
42 15
17 72
58 68
58 78
92 91
31 44
49 22
2 96
10 34
95 5
38 96
65 28
93 40
23 22
74 79
29 68
41 58
62 100
99 76
22 21
17 14
59 19
4 37
31 56
93 33
3 76
98 30
25 4
47 36
12 48
43 82
81 70
95 35
81 54
90 6
4 15
58 27
20 65
6 27
67 51
97 84
65 62
96 97
4 9
57 55
93 10
13 5
59 91
75 37
75 90
56 82
49 82
36 76
51 99
36 12
75 30
79 12
21 17
91 5
84 76
62 3
51 88
