5
637 170
218 619
222 66
142 570
506 509
590 64
3 58
164 397
166 33
304 119
481 480
287 200
534 544
151 508
53 526
139 518
281 559
214 193
286 636
68 131
576 111
281 25
356 170
628 459
29 551
131 552
350 40
126 175
360 47
69 318
509 97
409 14
473 112
597 511
368 52
425 163
250 565
548 211
82 118
174 614
31 137
194 35
378 483
6 110
545 220
84 508
50 356
4 407
483 321
100 209
631 74
446 368
116 38
224 588
476 593
565 110
295 274
82 443
150 275
547 111
461 383
387 558
484 54
532 153
245 422
37 223
192 332
66 244
217 25
630 545
183 565
629 575
230 465
235 32
559 157
127 218
116 474
491 415
586 288
321 416
310 309
421 562
63 412
415 450
590 26
614 73
185 455
9 13
183 343
301 127
408 355
455 91
149 174
429 41
430 346
576 522
355 207
309 515
248 477
630 426
304 189
517 215
115 266
168 326
291 223
2 321
259 506
205 183
392 26
569 420
401 535
434 392
467 122
582 14
50 10
350 113
486 594
84 234
355 584
347 441
459 192
468 119
346 465
74 138
3 282
427 544
438 217
448 160
557 619
468 208
636 131
627 110
492 497
314 414
289 211
446 162
322 263
345 125
502 478
149 317
624 563
590 292
476 243
465 326
339 31
519 161
167 203
458 96
304 579
418 121
5 98
448 352
236 80
54 394
431 166
620 463
187 591
321 183
165 539
354 50
537 535
205 553
111 148
174 606
97 41
66 325
628 342
435 209
393 285
114 16
516 501
244 379
25 220
150 106
165 46
62 85
178 154
64 214
207 37
171 118
94 139
185 154
133 200
161 122
237 187
89 170
212 158
182 90
141 128
197 172
113 127
172 77
151 207
92 155
229 193
123 93
144 76
46 204
86 108
197 46
7 224
207 117
191 85
47 83
76 45
201 242
146 200
221 48
38 170
118 221
127 135
100 29
91 152
184 91
17 205
147 105
204 33
224 0
179 19
21 78
183 116
196 154
141 69
221 72
69 89
92 152
184 43
1 73
163 44
217 48
154 92
222 93
124 157
160 16
14 52
63 16
194 195
222 18
121 185
128 109
38 192
79 150
159 25
106 2
111 79
105 230
138 3
90 240
137 225
210 221
119 127
104 39
162 173
181 72
178 225
219 43
128 170
210 140
30 50
124 169
20 35
73 45
115 223
28 2
194 191
113 167
140 29
123 188
109 195
88 115
87 0
195 105
180 149
39 171
190 184
110 119
158 219
21 182
229 156
199 164
27 133
15 65
90 121
217 63
49 81
80 110
72 114
44 25
138 113
159 16
82 188
167 23
22 135
38 56
130 193
170 79
238 227
240 26
215 38
239 108
82 177
16 57
56 41
233 60
159 63
243 134
32 179
15 184
154 159
90 86
145 81
29 134
73 135
166 226
169 208
10 21
137 161
159 25
197 152
51 73
20 84
93 103
52 46
216 217
121 30
7 232
61 143
175 239
56 194
12 22
100 62
235 20
187 223
61 31
119 85
97 5
174 166
173 126
46 125
235 233
78 205
64 236
206 203
172 111
62 71
202 87
87 22
197 24
61 5
210 117
96 69
50 177
137 223
128 239
60 231
125 32
119 114
228 183
171 15
176 32
191 69
193 97
203 16
50 164
166 143
144 137
92 58
64 101
13 11
117 36
178 106
121 83
230 216
23 87
69 226
64 74
99 44
243 147
214 227
70 175
103 1
120 108
164 139
164 24
243 178
128 233
81 57
99 102
82 233
171 32
82 221
150 121
231 103
198 174
48 202
113 21
237 59
73 165
118 117
30 166
32 25
236 67
206 228
215 189
102 62
12 148
125 164
40 117
108 134
233 59
10 17
215 226
236 225
215 9
166 63
54 135
40 191
39 200
161 136
196 170
167 149
111 126
22 42
193 238
238 236
170 151
124 166
161 26
5 39
42 99
92 185
239 40
186 130
124 106
4 223
102 213
196 159
60 165
179 50
160 89
190 227
105 40
224 119
82 137
243 108
99 192
204 182
178 190
163 234
99 124
5 53
166 223
199 68
170 50
30 11
71 153
37 178
116 107
44 75
144 164
25 22
113 190
27 186
224 41
78 125
80 54
239 108
221 154
169 198
45 2
109 232
89 134
131 104
97 54
41 74
122 20
73 97
215 173
14 10
102 75
235 197
77 221
181 187
31 39
205 21
169 170
234 23
182 79
150 212
179 19
219 115
136 162
230 82
39 165
201 209
136 77
50 100
33 44
234 161
68 17
28 137
70 123
97 149
214 198
167 77
116 64
156 201
172 88
13 200
75 192
225 176
231 125
87 146
106 103
162 67
17 20
103 97
206 113
27 166
151 195
37 176
93 216
19 170
203 46
156 127
5 13
200 204
169 45
200 190
146 58
206 193
126 122
58 43
225 77
14 230
94 37
80 221
137 66
243 159
29 3
11 133
221 227
126 191
13 25
102 187
199 94
14 54
6 215
157 239
216 76
161 126
365 662
238 332
73 352
4 99
25 85
194 183
7 8
79 54
353 244
72 352
144 8
245 296
175 79
242 80
290 257
175 227
201 294
300 97
116 318
59 166
89 179
190 117
269 5
182 225
312 103
152 115
277 251
334 180
240 346
164 212
153 162
192 324
87 312
214 105
45 137
142 112
62 20
245 304
339 290
35 51
318 361
108 106
70 142
59 220
128 258
286 161
95 214
144 15
11 251
11 93
66 0
89 99
136 219
162 46
261 239
41 66
48 167
348 267
310 81
276 294
150 220
226 161
12 95
150 103
269 169
329 24
234 278
134 175
252 234
274 258
207 90
84 356
296 174
60 274
124 110
137 70
182 45
70 254
352 270
150 203
30 147
346 137
24 298
177 36
25 201
172 92
321 338
152 41
261 125
136 58
190 23
145 116
124 108
28 123
138 34
80 11
27 1
345 315
175 187
307 337
172 119
253 241
158 105
256 72
269 70
38 64
196 216
37 184
214 113
171 209
240 121
283 180
103 354
45 116
77 283
0 164
222 327
125 243
205 359
7 159
122 222
295 10
279 190
56 216
255 154
108 363
44 19
61 246
261 216
83 14
208 24
47 256
8 217
348 90
190 296
227 323
223 75
287 22
355 70
212 154
232 347
153 326
181 196
347 136
281 149
40 323
130 159
209 59
97 289
230 113
76 267
354 104
55 346
168 89
205 3
141 98
233 358
248 251
142 10
242 273
225 215
340 278
282 246
280 172
10 262
191 181
62 278
335 16
10 223
239 209
189 149
223 20
355 6
78 182
38 263
72 30
9 139
92 228
229 342
151 316
272 151
359 182
98 311
68 117
300 267
44 356
133 83
230 84
36 318
339 21
244 363
14 5
307 159
75 90
121 48
302 320
190 121
260 302
220 246
240 236
168 320
362 219
115 195
322 34
362 179
223 168
113 156
133 9
361 50
354 179
139 268
338 10
231 168
324 4
68 41
118 182
234 229
203 22
191 285
133 222
230 55
132 108
150 152
78 98
331 1
286 164
332 223
343 57
38 46
322 258
300 270
35 137
28 50
195 243
278 259
361 92
22 301
256 231
264 25
326 1
249 272
101 229
309 336
157 271
189 82
142 18
303 266
305 259
309 112
286 173
210 197
213 320
161 118
161 279
107 216
195 125
45 336
364 102
26 183
343 339
186 318
59 69
301 251
218 63
196 86
343 208
325 220
77 72
116 59
199 335
222 268
174 139
232 126
187 203
60 70
90 205
235 45
227 248
84 67
199 209
233 80
306 287
128 86
235 340
37 81
297 78
263 133
160 110
33 180
278 79
307 6
243 97
21 231
101 130
214 53
201 261
217 166
111 334
28 25
351 228
276 298
193 10
179 162
360 37
337 279
296 184
187 189
78 311
134 326
301 168
186 256
205 174
304 230
117 268
234 359
262 152
332 325
246 132
15 41
225 153
75 168
297 159
51 131
311 199
83 322
244 299
299 79
48 116
252 160
70 166
226 31
41 58
63 187
357 307
108 214
135 318
347 40
340 258
152 205
121 235
73 327
131 243
196 241
344 235
344 4
86 87
114 36
2 356
270 33
345 58
106 5
169 305
332 178
249 293
319 192
317 84
100 28
202 26
294 205
275 70
304 239
74 195
351 316
202 305
302 151
149 351
242 317
180 8
122 253
214 320
15 156
58 257
4 247
123 252
251 205
81 69
206 185
11 202
151 269
175 208
345 322
228 115
224 70
154 98
73 240
228 104
42 206
350 155
212 141
317 85
237 56
94 2
87 284
345 148
113 9
329 331
262 86
113 201
242 157
166 116
346 299
40 62
196 171
300 110
228 227
290 262
206 212
210 352
137 0
336 182
268 287
109 92
96 107
307 251
89 254
188 20
103 186
102 229
352 37
24 53
66 238
275 71
260 245
120 62
191 178
115 44
251 306
139 65
214 305
81 117
355 53
69 338
334 109
232 251
208 198
307 215
45 110
180 213
349 244
289 317
317 93
201 143
251 105
7 130
272 89
158 254
327 86
119 98
204 309
143 324
94 276
250 338
13 154
46 195
169 210
321 310
361 247
342 153
137 52
71 338
167 282
339 256
12 131
23 51
63 163
321 64
332 214
56 155
62 355
323 165
310 178
56 195
256 18
50 270
267 141
112 108
234 24
363 234
160 280
236 287
305 294
117 93
100 264
44 36
158 223
19 173
205 238
215 164
163 318
76 353
29 226
121 352
222 319
90 270
307 74
104 181
300 184
264 325
154 240
11 332
265 59
267 23
85 330
116 183
171 28
18 139
98 68
172 53
187 226
165 252
28 302
159 337
301 332
351 7
337 124
190 357
239 34
324 198
363 180
362 30
227 102
261 240
60 126
33 236
320 95
4 168
120 111
190 26
131 132
352 134
209 80
117 62
326 233
284 263
290 52
285 86
13 274
313 204
325 189
334 318
85 177
162 202
247 102
222 354
218 46
190 84
274 209
272 230
99 354
287 255
162 31
198 354
141 285
189 207
213 296
284 43
360 237
37 226
178 39
5 320
140 15
200 22
164 210
347 246
104 132
333 124
167 176
122 356
91 301
223 57
154 102
138 200
82 216
116 22
237 167
57 56
113 99
5 113
161 41
131 338
339 103
67 28
327 304
186 212
67 94
227 144
81 134
237 233
130 180
207 29
130 288
277 23
214 281
89 39
225 49
112 350
267 6
167 327
112 99
129 116
336 51
5 211
150 230
7 344
254 73
245 238
305 286
227 251
138 11
141 125
307 202
45 211
191 353
358 14
139 249
271 167
117 137
168 64
342 289
0 363
21 318
286 256
337 299
202 139
34 4
41 216
324 242
349 112
35 314
252 298
189 59
242 115
277 320
360 127
216 279
196 62
40 304
215 53
294 194
357 12
76 355
165 336
359 32
278 136
306 86
74 219
219 90
228 182
22 8
338 284
201 95
163 5
34 270
35 291
44 71
107 359
42 216
124 178
160 225
217 300
336 126
269 118
212 311
795 1507
15 436
676 556
432 313
412 671
155 489
288 33
726 73
548 393
571 355
590 520
779 785
147 770
646 113
197 272
303 104
670 261
427 442
203 384
659 731
653 594
71 235
180 701
87 470
236 250
369 101
450 588
266 375
633 394
132 619
688 413
717 715
112 475
223 685
723 531
353 358
749 79
456 636
514 722
307 570
513 329
628 242
222 433
404 688
500 53
201 378
269 557
670 779
54 43
130 225
19 454
330 760
460 137
645 744
166 717
681 325
333 187
617 104
62 751
770 565
679 206
237 544
621 652
50 295
589 5
167 659
281 651
201 444
257 765
752 332
604 669
656 472
8 597
737 684
686 426
602 335
641 418
734 491
0 752
217 384
118 783
504 289
255 14
268 275
686 564
758 103
424 640
472 718
450 230
522 472
743 358
6 42
753 227
7 203
24 184
442 264
30 132
375 708
198 4
172 761
411 459
281 56
74 531
156 444
468 414
319 548
709 687
176 422
485 426
66 33
209 750
263 691
629 359
762 216
381 378
485 779
312 450
116 329
579 91
789 174
220 699
647 60
659 183
14 639
599 215
403 219
771 307
613 721
385 775
692 763
668 446
632 71
571 601
253 622
405 760
643 601
119 385
686 237
673 502
748 172
18 194
6 263
275 754
482 126
526 464
487 81
222 508
735 710
149 534
676 113
79 613
247 224
514 91
398 189
45 254
294 379
356 31
198 555
525 355
634 216
691 373
214 204
488 164
350 582
666 237
427 57
781 77
245 182
693 584
794 653
590 598
709 368
401 507
427 58
716 547
108 368
117 223
786 166
740 224
61 112
54 418
380 212
105 750
165 231
54 134
86 61
782 623
249 515
681 527
749 751
321 758
692 214
715 525
562 573
213 29
244 155
502 457
724 637
155 293
98 670
361 452
175 788
246 444
513 87
439 27
585 253
357 75
126 767
569 337
690 472
17 123
184 66
377 596
96 705
232 531
9 360
103 353
707 318
550 130
34 372
190 269
212 541
667 373
179 642
586 114
675 577
64 729
368 370
226 332
712 406
134 104
548 251
532 546
448 256
19 546
772 248
261 338
345 255
516 218
747 55
197 588
477 640
292 790
170 376
313 574
780 698
420 271
79 125
430 787
610 345
356 396
102 411
244 3
778 616
171 354
386 791
546 541
430 423
125 74
658 744
563 675
765 236
263 297
660 74
741 79
747 658
479 544
658 163
329 167
52 360
179 211
110 395
351 658
176 757
445 186
561 599
504 745
21 703
698 370
142 270
662 218
147 478
474 236
721 266
156 299
505 536
621 223
291 233
370 619
483 516
692 556
312 487
422 408
123 47
318 698
420 115
357 510
364 782
510 253
411 183
230 47
608 400
753 513
708 684
683 598
282 154
103 241
210 49
501 590
91 634
444 637
304 509
384 219
149 767
716 743
235 435
398 182
658 759
592 432
129 295
597 263
769 261
231 231
44 286
447 400
424 532
143 479
612 162
412 95
374 679
580 251
793 780
720 380
214 83
317 40
250 66
547 111
481 526
716 556
594 578
494 364
501 548
403 609
78 719
662 393
227 619
577 241
644 780
505 414
560 1
567 159
613 730
780 94
433 616
341 674
296 144
553 122
141 499
279 223
133 453
282 509
221 395
555 379
36 670
696 34
755 567
432 543
355 662
314 794
440 170
648 388
234 404
561 314
259 37
29 535
172 245
750 217
264 701
518 326
614 579
111 407
668 677
308 557
285 320
85 18
454 123
582 122
475 658
136 229
145 708
65 632
202 102
526 464
152 431
653 427
418 50
79 356
359 545
335 706
601 522
172 263
129 630
300 444
784 716
589 449
341 347
277 600
243 531
383 718
242 635
492 294
559 648
299 710
54 203
713 451
147 727
442 576
651 273
257 203
640 38
597 215
613 136
287 17
529 8
467 708
201 351
575 687
400 595
585 50
416 186
462 565
250 428
760 414
242 194
502 472
276 528
785 588
278 269
709 599
430 347
700 371
0 617
235 411
481 395
676 415
563 680
418 113
31 358
544 369
489 275
618 406
352 715
503 341
440 541
39 164
56 790
348 265
578 354
324 530
277 198
562 640
769 758
480 249
314 501
438 547
248 702
674 767
646 3
372 488
779 144
672 722
460 556
590 44
671 524
116 667
542 700
615 580
272 589
508 264
657 144
408 506
124 349
405 53
616 296
297 338
559 92
665 295
731 759
321 147
258 533
93 520
253 523
50 622
783 72
94 162
782 104
227 532
746 586
140 257
206 118
226 154
398 706
562 64
273 154
363 673
209 41
309 486
29 392
713 222
620 171
715 356
155 52
378 404
91 36
44 769
253 448
146 701
86 51
604 5
742 371
74 648
663 773
384 129
437 274
254 208
269 96
548 309
623 656
598 429
504 774
491 507
132 453
632 29
137 519
27 770
788 723
211 261
360 642
393 628
748 96
525 334
366 187
460 37
389 101
45 761
224 789
378 457
104 186
374 176
312 383
542 610
371 224
660 478
587 653
419 194
441 232
670 380
621 28
174 758
116 639
765 685
311 687
355 172
369 293
713 390
387 123
399 301
519 296
506 674
355 228
331 717
395 357
779 353
453 79
713 525
121 163
533 303
719 506
699 716
701 125
141 340
222 323
12 152
94 487
266 538
468 444
167 19
504 90
746 165
520 63
794 680
561 409
175 239
265 393
527 250
151 193
369 224
227 51
598 751
394 597
752 289
258 727
330 716
266 4
561 189
576 722
16 746
123 748
514 113
202 164
406 23
49 570
580 492
481 354
150 281
189 331
232 402
723 735
273 7
658 163
603 654
290 512
665 151
104 754
276 323
242 768
327 321
550 638
738 441
363 245
678 767
125 90
723 524
361 238
79 749
578 697
574 672
215 313
192 369
319 435
664 532
416 338
655 523
197 299
715 565
685 338
723 73
479 639
579 124
752 90
696 494
536 372
141 88
174 725
5 179
402 387
423 495
103 212
713 735
673 732
210 552
485 588
619 153
311 466
431 458
72 299
732 420
201 665
503 717
119 68
386 537
587 578
385 394
471 196
440 324
34 652
198 296
429 771
232 276
106 225
146 487
86 158
60 590
261 378
540 765
712 202
352 365
245 739
17 775
427 272
437 369
320 342
510 493
444 182
423 48
135 585
454 177
106 169
77 700
80 56
536 167
597 337
115 460
200 793
371 475
55 670
322 712
589 648
662 141
147 721
50 500
206 325
581 218
338 69
634 287
603 783
389 427
415 53
147 273
748 583
330 198
760 415
231 231
283 367
20 239
553 671
34 480
394 680
247 322
515 535
398 678
1 308
383 288
506 372
142 453
666 260
750 93
743 485
622 792
123 571
12 115
258 561
734 244
265 478
278 740
577 379
664 747
372 74
306 446
491 488
762 394
204 177
436 213
552 334
321 636
113 244
451 251
458 356
376 615
148 734
590 477
438 169
766 509
732 93
622 723
675 374
412 219
117 705
596 392
629 59
300 417
612 669
512 355
620 405
584 455
485 193
436 519
570 590
666 521
201 426
614 162
326 49
522 439
272 496
526 764
129 591
721 204
409 37
662 371
5 288
455 371
43 517
696 123
572 572
166 671
250 522
650 497
293 369
547 767
681 12
581 239
102 719
250 756
153 544
18 781
220 425
232 687
115 109
223 657
635 356
157 71
407 21
123 192
271 788
2 193
187 568
298 768
339 174
125 232
300 223
346 289
615 124
448 78
378 513
160 219
195 108
354 775
110 776
315 71
225 646
244 452
243 786
118 416
502 41
271 586
423 498
15 269
684 114
366 613
146 513
508 498
286 416
772 550
111 348
63 111
338 37
791 49
450 505
145 430
715 376
420 709
526 572
465 674
165 326
441 409
449 156
279 775
85 19
611 129
356 313
384 573
374 219
532 185
628 466
378 485
119 661
190 169
547 497
718 738
641 158
578 390
299 62
307 258
224 490
168 13
104 371
17 288
277 534
201 210
200 154
244 232
666 667
146 509
336 548
694 394
73 740
3 249
386 253
322 584
276 285
435 499
257 352
613 304
249 724
573 176
302 56
220 456
445 788
8 606
19 779
65 210
790 383
32 688
451 726
450 778
293 241
570 40
371 318
136 290
436 724
365 282
426 193
178 544
616 26
130 340
665 734
136 339
488 780
781 782
147 41
343 306
466 609
363 332
781 306
722 268
574 189
176 231
12 680
482 50
699 410
317 67
673 263
321 225
777 269
131 368
310 79
669 473
289 195
505 62
91 794
690 76
639 237
620 619
486 429
317 384
247 603
0 201
318 625
386 67
504 188
618 653
566 543
422 742
586 367
468 437
730 220
549 698
378 468
84 17
630 778
344 569
174 722
279 642
325 134
379 74
385 527
315 32
766 155
590 643
27 745
176 505
328 319
440 64
77 71
500 768
526 651
63 651
9 654
503 713
509 662
157 78
42 645
611 737
446 311
226 657
631 395
766 673
307 640
517 0
600 181
326 523
361 640
240 731
255 247
591 137
103 521
430 659
629 60
515 214
620 271
135 746
148 464
654 393
690 646
115 132
21 106
157 656
363 465
767 787
244 478
787 780
178 166
773 118
92 645
538 490
163 322
236 771
347 16
97 89
609 486
383 599
180 727
98 496
220 594
546 286
158 307
306 519
770 33
339 622
752 85
331 671
534 375
134 155
700 281
203 395
761 71
736 638
589 157
507 551
448 760
564 530
1 229
591 149
282 333
271 233
92 594
253 342
790 371
40 435
415 767
596 355
132 747
44 42
258 750
409 471
78 275
286 306
628 628
545 37
34 594
507 26
660 225
89 139
259 4
785 455
789 19
66 551
614 600
170 374
736 642
303 191
663 279
511 370
279 169
363 489
151 484
196 249
755 531
686 443
69 639
491 229
514 236
636 148
55 336
263 141
736 64
339 266
33 15
747 112
364 1
497 694
318 365
580 480
36 691
319 83
460 599
258 220
23 176
631 567
406 109
149 36
182 785
10 43
312 391
88 424
505 754
426 49
769 409
327 684
186 163
486 611
451 464
68 350
268 767
256 142
660 661
529 270
743 770
338 749
512 788
160 442
320 768
674 614
423 285
554 563
161 395
151 134
780 576
271 752
423 370
126 706
425 336
380 554
520 480
553 313
681 234
294 150
332 217
306 443
793 258
271 492
678 97
554 367
380 263
235 599
302 322
467 705
767 166
176 729
349 352
431 214
119 434
463 369
318 393
714 102
248 602
162 262
212 25
496 235
631 194
126 98
401 518
483 72
430 274
711 678
568 711
374 751
771 72
157 197
250 637
483 488
152 449
731 687
150 227
404 344
623 514
600 682
589 470
331 150
776 722
794 105
165 567
333 600
752 57
528 81
240 691
685 364
227 260
236 459
163 705
282 477
733 777
444 2
787 21
652 30
409 35
94 773
352 332
194 294
185 293
620 399
211 533
37 677
358 785
22 553
552 40
341 201
447 307
439 486
274 24
557 584
216 92
10 179
643 225
582 26
284 613
442 159
714 245
713 45
698 440
355 402
315 742
750 62
528 686
120 793
597 206
678 715
95 303
416 144
523 709
498 43
444 400
699 515
309 387
250 770
461 131
723 248
308 77
216 534
639 215
493 287
359 496
616 163
716 631
577 574
483 353
724 202
527 104
403 9
353 581
616 58
740 717
259 283
60 177
388 706
290 9
697 342
781 451
381 465
132 470
437 411
351 613
650 608
546 616
745 689
643 736
688 253
662 327
613 695
577 102
148 498
743 783
544 50
321 325
487 86
634 688
363 198
607 264
397 109
206 282
612 635
728 578
202 261
793 642
377 555
111 400
416 724
738 637
615 167
398 465
518 447
583 124
531 567
573 538
449 727
370 499
348 385
727 110
18 440
200 217
165 238
236 721
769 413
202 415
283 137
633 775
63 559
51 265
376 644
338 365
774 740
465 556
333 181
621 66
689 667
572 270
537 488
288 201
588 472
661 301
784 314
631 35
509 378
560 685
221 492
246 658
583 462
746 260
642 734
547 217
200 638
87 626
475 610
561 316
643 537
588 739
13 705
250 530
148 557
130 447
47 710
525 311
482 761
90 745
708 497
698 678
153 700
661 342
789 545
679 520
691 620
141 111
246 346
14 491
644 643
695 194
13 640
626 734
109 604
594 277
92 507
604 68
227 762
302 525
356 731
648 637
163 558
720 624
780 246
169 423
558 98
583 538
472 551
77 400
83 214
621 125
227 528
355 661
305 651
266 15
707 451
771 695
328 286
685 139
353 266
783 48
117 657
535 441
774 304
721 623
99 570
661 793
783 84
144 276
380 216
342 178
498 417
24 89
733 136
768 679
139 416
655 472
500 249
340 298
110 517
635 753
494 627
774 573
737 598
395 118
499 580
530 316
274 625
324 9
704 338
228 362
747 34
325 557
295 669
366 539
199 218
771 80
724 488
359 555
674 10
560 707
712 478
358 317
41 150
249 381
88 480
420 326
387 52
20 310
366 130
241 738
528 248
28 16
630 270
414 653
521 746
432 742
513 482
569 208
249 626
542 67
299 277
168 725
793 670
279 32
260 617
427 66
710 128
542 322
205 658
392 636
278 252
414 788
33 406
783 751
101 588
368 437
538 501
46 664
786 583
457 626
346 274
63 123
732 406
34 776
10 79
136 121
111 283
778 570
231 722
608 284
409 524
449 585
330 337
636 723
368 525
74 163
204 329
398 283
376 479
380 0
755 644
686 750
578 172
293 762
740 631
88 696
477 229
770 208
572 582
525 532
578 35
462 388
781 137
42 685
77 127
332 6
484 242
539 604
490 312
552 495
564 661
674 473
469 750
416 197
448 394
165 201
9 415
93 376
386 223
266 103
301 202
368 230
82 261
22 392
366 379
341 161
68 58
441 27
3 414
78 227
99 392
401 345
433 220
255 364
55 366
286 235
242 267
127 231
395 163
162 103
347 331
386 468
468 108
147 80
217 422
413 385
169 357
193 296
46 209
139 331
395 99
20 181
209 399
467 379
406 92
140 242
440 62
364 108
218 79
188 64
195 189
37 383
78 412
119 338
265 49
122 152
277 170
468 306
29 260
21 330
27 177
419 270
200 181
184 154
275 14
458 453
63 116
3 350
138 259
283 414
80 311
332 445
50 206
266 6
295 125
208 307
131 400
173 401
238 429
39 416
461 364
327 182
291 54
411 153
42 321
20 314
172 255
215 461
321 0
119 290
206 242
193 246
411 412
354 121
453 23
48 84
459 76
283 428
319 398
117 425
286 224
176 266
264 396
362 444
286 130
134 294
11 163
130 373
360 396
39 275
294 461
380 176
350 250
62 4
450 169
359 360
44 30
78 387
310 0
206 181
131 48
399 135
151 194
114 342
313 67
10 261
205 121
330 194
458 129
95 156
126 302
252 370
436 336
224 453
405 238
392 183
311 357
59 285
97 243
428 122
462 445
117 141
317 110
426 68
260 102
223 237
126 137
379 326
384 462
359 377
178 357
183 426
187 382
59 220
43 81
266 454
173 273
107 405
1 341
430 78
456 91
47 176
100 99
335 89
222 44
455 197
461 452
81 434
281 44
52 277
202 158
221 333
361 283
249 60
261 265
395 187
377 60
215 198
144 383
401 302
424 331
32 50
355 363
8 225
242 234
466 40
75 439
204 22
373 57
264 411
325 177
72 137
313 357
168 215
211 395
342 342
378 192
20 6
48 356
283 233
149 372
344 336
377 314
323 401
81 172
455 331
467 271
72 191
96 105
136 84
170 353
255 412
390 92
304 454
319 326
56 327
366 150
111 276
371 458
281 364
14 372
178 239
0 313
291 61
413 57
99 431
279 127
214 100
159 82
187 216
256 106
93 166
325 222
292 292
289 81
108 110
93 122
241 256
450 424
205 258
197 245
160 338
228 78
385 195
2 232
131 72
420 254
353 439
113 43
371 392
376 325
3 19
63 323
351 176
394 144
251 5
191 278
125 428
270 52
280 252
241 323
3 132
200 85
429 357
116 335
16 95
427 202
281 151
292 140
131 149
90 171
371 141
292 102
174 340
444 303
305 177
162 403
19 362
328 302
212 201
174 6
25 4
298 79
360 389
177 167
223 126
360 209
83 284
214 207
422 343
126 256
346 384
89 370
60 344
388 156
377 220
58 127
189 397
269 221
269 159
399 98
296 25
143 323
205 288
410 148
245 377
285 192
103 439
376 130
74 136
311 97
135 298
348 123
12 444
209 464
101 87
162 65
214 153
431 387
200 464
48 420
120 278
42 298
58 410
361 145
151 278
185 449
19 417
373 459
134 176
102 199
445 272
284 232
218 20
165 455
283 170
456 182
357 269
24 146
399 182
43 254
72 305
168 224
203 202
340 187
92 26
14 67
48 15
116 323
327 324
376 394
235 21
77 120
7 233
182 309
175 396
251 149
72 353
181 115
202 237
32 243
59 394
316 394
11 81
464 245
58 214
326 39
266 452
293 247
82 18
39 123
60 108
182 209
455 171
461 5
342 296
184 232
138 454
175 322
387 210
220 364
22 74
95 112
27 407
277 9
114 260
387 68
246 268
137 241
346 302
452 43
321 199
184 424
219 155
330 355
122 186
51 455
258 291
195 361
51 235
172 9
313 19
381 21
104 344
260 240
303 6
73 454
294 264
117 20
359 379
108 237
195 354
447 384
385 313
443 218
454 323
455 178
155 154
454 1
376 458
55 320
278 234
160 337
164 74
32 274
64 263
119 57
112 94
226 383
115 323
364 290
173 155
339 421
39 228
146 110
57 16
54 436
97 468
375 176
184 75
361 123
30 342
36 50
43 333
182 116
46 68
14 290
53 218
61 45
116 160
174 225
431 329
261 220
427 357
359 234
248 323
249 195
191 316
262 108
406 105
210 83
440 25
177 43
16 325
260 350
56 101
20 186
78 244
138 189
293 132
362 379
417 276
297 261
263 99
465 24
127 413
146 313
319 130
228 109
336 67
61 454
127 330
283 122
216 95
278 257
284 192
336 356
204 308
42 302
287 391
251 48
391 193
410 266
71 58
266 191
252 168
379 82
276 331
421 388
413 156
242 99
199 118
69 256
258 244
29 415
47 243
344 99
128 419
70 90
168 44
60 398
70 106
382 70
292 106
281 441
92 298
296 450
433 241
203 319
393 324
336 207
435 361
450 126
33 280
29 347
29 165
186 227
377 460
89 330
169 123
306 212
279 231
402 368
216 227
113 433
430 214
271 153
435 361
448 127
167 192
265 60
41 466
240 407
215 341
51 412
199 134
271 77
28 166
284 32
369 274
148 5
128 417
119 174
58 42
80 109
81 78
87 350
339 313
154 311
288 43
211 46
457 162
71 43
107 197
294 427
410 409
463 312
360 431
196 285
346 39
243 218
97 159
466 198
114 156
44 151
43 100
253 151
55 448
90 444
246 179
388 2
340 204
100 306
130 130
160 150
137 8
6 197
253 424
388 268
197 244
356 225
65 25
250 240
133 243
409 354
62 145
316 248
461 446
309 439
269 187
161 16
147 165
463 176
253 225
17 345
132 59
268 98
233 160
13 156
202 274
12 78
256 335
8 310
122 355
368 341
291 397
312 413
361 321
347 80
151 182
182 219
411 460
140 434
413 81
244 15
200 300
245 287
2 104
333 343
85 154
325 374
140 148
67 307
162 3
326 406
291 88
295 358
311 330
355 108
309 310
359 81
95 342
327 399
108 104
90 6
205 167
221 30
342 389
130 264
437 448
255 226
146 362
136 62
225 19
276 258
448 390
306 323
380 262
462 135
439 158
164 283
146 407
47 92
236 414
190 100
423 152
340 374
232 17
30 7
353 338
330 37
140 106
13 304
317 254
300 161
215 447
112 263
213 429
39 341
279 375
63 343
287 139
216 32
146 9
136 297
424 180
416 334
450 155
0 435
76 263
142 269
261 194
279 249
183 232
68 345
114 210
422 332
279 68
363 431
104 222
373 344
9 189
74 127
140 418
393 65
334 112
34 111
454 199
54 20
339 289
54 336
326 30
70 195
378 329
333 223
335 76
295 127
178 322
442 189
11 218
83 398
43 27
253 36
224 15
296 354
440 357
222 432
163 150
323 181
41 216
12 304
416 180
160 381
177 201
231 341
130 102
436 395
321 154
267 185
422 310
235 10
294 227
463 255
295 124
70 304
120 225
466 216
176 145
234 370
127 140
62 258
43 324
407 388
