300 300
2 1 609
3 2 824538
4 1 537472
5 4 369860
6 1 985701
7 3 121415
8 7 849339
9 7 740538
10 6 520235
11 3 438083
12 2 103649
13 10 29970
14 4 460495
15 13 655924
16 8 65962
17 13 8822
18 1 363566
19 2 427944
20 8 412596
21 3 175384
22 8 977676
23 19 619990
24 13 546427
25 7 934414
26 17 869583
27 14 469735
28 19 906074
29 1 983483
30 26 255785
31 6 690582
32 31 560628
33 8 777957
34 14 716014
35 19 488895
36 5 633339
37 22 910110
38 34 743329
39 4 937427
40 3 350548
41 9 201130
42 37 757663
43 30 206884
44 14 957840
45 10 934639
46 23 337639
47 43 286643
48 33 186481
49 28 692694
50 7 523862
51 14 629244
52 19 458942
53 49 923688
54 28 166468
55 36 195227
56 21 826437
57 42 743766
58 25 922804
59 35 108806
60 30 940625
61 44 43482
62 29 195321
63 41 511551
64 24 889245
65 8 753403
66 21 258253
67 18 5526
68 17 642165
69 38 221716
70 69 829684
71 18 505615
72 56 503766
73 40 217675
74 56 345823
75 1 201478
76 17 784134
77 58 831511
78 5 228492
79 36 447236
80 55 144426
81 39 655791
82 15 742568
83 65 360653
84 10 456612
85 61 29827
86 79 79270
87 7 103650
88 6 204949
89 60 689930
90 26 980332
91 41 424756
92 77 672619
93 36 962538
94 58 696069
95 67 116903
96 20 271434
97 60 790048
98 59 682440
99 68 816378
100 89 111819
101 94 696296
102 98 552784
103 71 791582
104 77 936065
105 69 117209
106 90 143364
107 48 807113
108 102 427775
109 10 903992
110 45 570802
111 66 618644
112 86 243718
113 56 5957
114 6 907429
115 64 124060
116 114 722866
117 6 973968
118 24 646062
119 86 839845
120 41 998397
121 55 643389
122 76 495924
123 40 11080
124 106 799635
125 100 791426
126 89 626414
127 54 463432
128 84 660732
129 11 944349
130 44 807535
131 95 194816
132 42 216320
133 117 343999
134 120 289224
135 27 619748
136 113 282473
137 32 410950
138 79 594556
139 69 756073
140 67 634185
141 124 985390
142 125 955299
143 107 318477
144 71 379371
145 110 946672
146 10 134304
147 103 552398
148 86 907291
149 117 449106
150 147 971772
151 134 441644
152 129 997578
153 106 214687
154 108 780888
155 90 538110
156 8 727258
157 44 118666
158 141 255549
159 88 493159
160 68 489475
161 33 847720
162 1 2124
163 39 984937
164 130 585798
165 114 994735
166 71 526048
167 24 486482
168 24 474483
169 88 753428
170 73 444928
171 125 176859
172 28 358876
173 4 351773
174 92 508794
175 75 689099
176 69 977764
177 65 909442
178 21 147368
179 88 876741
180 30 296339
181 154 554143
182 132 771965
183 175 902030
184 100 344116
185 138 735841
186 171 714049
187 158 389840
188 91 491099
189 103 444419
190 186 149469
191 24 475700
192 134 107266
193 1 470289
194 74 906274
195 62 626471
196 54 623125
197 155 590366
198 105 410751
199 159 286262
200 179 413632
201 153 10527
202 190 124311
203 71 826211
204 130 323782
205 66 271817
206 42 229556
207 166 634669
208 71 476507
209 168 785343
210 190 519061
211 148 375941
212 180 1116
213 62 106854
214 20 265581
215 150 920788
216 108 815784
217 29 747422
218 167 541710
219 212 295438
220 45 778417
221 166 975436
222 111 825773
223 178 367456
224 203 334189
225 180 509944
226 154 212329
227 144 17149
228 156 906866
229 133 813101
230 174 31084
231 106 631308
232 182 379230
233 9 801969
234 80 966848
235 166 639597
236 228 95189
237 99 800313
238 234 284951
239 102 370268
240 14 925016
241 103 630511
242 23 175193
243 210 765795
244 12 57455
245 192 125106
246 226 906595
247 88 343510
248 236 56108
249 104 555877
250 180 412311
251 211 827088
252 212 42933
253 20 174491
254 111 459553
255 115 672446
256 155 169651
257 105 531054
258 78 335125
259 57 692367
260 31 186357
261 238 382320
262 256 855950
263 171 545792
264 77 818902
265 244 780926
266 134 935135
267 98 303624
268 186 173026
269 81 158368
270 230 455185
271 42 22477
272 153 709606
273 161 541517
274 138 378718
275 94 186045
276 17 443059
277 225 46811
278 182 341693
279 142 683842
280 24 184667
281 67 197257
282 200 390651
283 50 489445
284 25 662809
285 207 762338
286 12 99275
287 17 361371
288 25 197545
289 158 337728
290 226 81682
291 50 524811
292 209 421375
293 254 855598
294 59 713527
295 70 773890
296 145 953002
297 64 968342
298 157 838552
299 84 877858
300 149 691489
2 5 4 27480
2 253 20 672161
2 20 8 69267
1 209 140 86229
2 4 1 496067
1 205 84 798088
1 213 282 632509
2 176 69 294756
1 7 285 969047
2 168 24 280999
2 92 77 763172
1 43 54 927264
2 280 24 645272
2 282 200 506110
2 14 4 289560
1 211 66 332732
2 208 71 52082
1 129 210 405474
2 184 100 136188
1 8 222 593985
2 98 59 33330
2 236 228 727651
1 211 43 512440
1 252 100 296769
1 287 95 736578
1 236 238 989286
1 162 185 985339
2 6 1 508994
1 261 1 747325
2 270 230 527716
1 197 275 874958
2 133 117 726222
2 252 212 583981
2 194 74 120615
2 121 55 312852
1 123 153 161151
2 142 125 584445
2 110 45 602984
2 259 57 944185
1 44 6 413065
2 167 24 39772
1 17 280 377274
1 150 4 78334
1 108 96 978301
2 27 14 873745
1 78 52 431511
1 103 131 879078
1 78 230 529683
2 115 64 237507
1 78 222 102558
1 169 92 494424
2 34 14 696616
1 242 100 268255
2 164 130 734836
1 35 2 516706
2 248 236 660813
2 266 134 104857
1 263 171 543743
2 148 86 287910
2 282 200 728838
1 165 146 732423
1 146 256 418785
2 102 98 200717
2 180 30 468208
2 255 115 904225
2 15 13 140182
1 127 246 139330
1 221 292 492345
2 49 28 542389
1 61 96 161273
2 24 13 349395
1 30 184 110762
1 195 135 593574
1 157 171 8896
1 254 9 902937
2 171 125 941019
1 70 258 409060
1 35 206 93142
2 98 59 772946
1 11 168 68806
2 129 11 788866
2 131 95 719890
1 97 206 981544
1 300 220 650348
1 136 30 249705
2 118 24 526108
2 90 26 521481
2 269 81 9829
1 174 48 493341
1 55 136 822074
1 169 178 325496
2 24 13 697594
2 221 166 20703
2 234 80 952500
2 192 134 396041
2 58 25 261959
1 95 98 717529
2 177 65 544723
1 147 213 549220
1 19 1 283782
1 300 233 267587
1 299 175 3196
1 47 168 354345
2 263 171 255452
2 104 77 8029
2 94 58 928875
1 204 195 90157
1 197 41 36148
1 263 148 41024
1 163 125 973742
2 181 154 195167
2 9 7 643276
1 245 48 575455
2 299 84 619408
2 18 1 729873
1 166 244 306331
2 40 3 468380
1 245 187 376379
2 3 2 308793
1 13 251 871305
2 66 21 313330
2 164 130 587640
2 68 17 445870
1 164 206 504625
2 216 108 906372
2 51 14 674527
2 46 23 796873
1 158 272 787394
2 129 11 191829
1 296 75 23437
1 198 137 77995
2 131 95 798609
1 171 127 98985
1 214 113 196820
2 59 35 634500
2 218 167 602704
2 211 148 980061
2 96 20 522624
2 78 5 129215
2 53 49 655253
1 15 55 600090
1 276 87 733977
1 131 297 160720
2 155 90 214966
1 38 219 570704
1 251 280 131126
1 161 185 916547
1 138 201 826599
2 9 7 913254
1 26 163 352391
2 170 73 527180
2 92 77 686244
1 77 181 77052
1 76 150 45046
1 202 157 543408
1 268 10 568447
1 30 281 536917
2 246 226 706303
1 43 87 89806
2 257 105 340001
2 122 76 558181
1 227 15 512095
1 285 12 498101
2 168 24 560456
2 136 113 114284
1 64 259 47002
2 159 88 50406
1 224 116 336994
2 14 4 770298
1 92 39 188613
1 25 67 794441
1 106 231 631445
1 21 289 657853
1 113 31 484313
2 20 8 507769
2 8 7 858508
2 197 155 889250
1 46 161 168617
1 290 114 55480
1 225 97 47043
1 187 97 735916
2 168 24 883257
2 77 58 913106
2 171 125 532026
1 283 275 925763
2 32 31 464906
1 266 175 718516
2 251 211 68801
2 82 15 380711
1 66 266 430327
1 119 281 5345
2 101 94 510994
1 190 229 153149
2 47 43 542787
1 104 174 755847
1 237 248 983962
1 234 23 645549
1 148 45 194867
2 163 39 696468
2 263 171 699940
2 13 10 561431
1 162 39 770881
2 86 79 422192
2 89 60 330959
1 189 76 887528
1 210 158 678325
1 19 137 906442
1 14 246 918884
1 2 94 33592
2 284 25 829904
2 204 130 24714
1 272 78 314170
2 131 95 877095
1 122 23 590649
2 78 5 197832
1 279 50 519397
1 120 221 373497
2 230 174 662654
1 139 212 399082
2 188 91 500622
1 61 137 708327
1 281 274 845483
1 32 252 914772
1 199 141 478337
1 130 248 365269
2 152 129 727396
2 218 167 818578
1 162 227 220701
2 109 10 604990
1 91 87 429049
1 11 91 244984
2 247 88 97530
1 258 269 96422
1 96 230 689671
2 92 77 667550
2 170 73 603606
1 102 91 622617
2 16 8 444356
1 159 2 624252
2 126 89 546399
1 123 53 433666
1 125 87 181659
2 151 134 442643
1 220 207 87909
1 138 91 998688
2 262 256 239419
2 291 50 1942
1 291 128 965498
2 241 103 263775
2 56 21 713403
1 185 66 135728
2 211 148 848734
1 222 174 214246
2 189 103 996640
1 82 198 583451
1 216 61 76797
2 163 39 160351
2 179 88 833805
2 196 54 499136
2 280 24 923026
2 180 30 279305
1 111 191 913749
1 93 268 902388
2 139 69 594368
2 299 84 680209
2 182 132 974838
1 163 12 667479
1 142 153 461341
1 131 289 629199
2 133 117 399398
2 285 207 623405
1 175 240 100090
2 296 145 708777
1 221 110 956458
1 76 111 429678
1 268 269 153057
2 228 156 349506
1 66 81 106854
1 50 272 448793
1 162 74 466799
1 40 54 937532
1 86 65 885476
2 20 8 329286
2 65 8 641788
2 155 90 264574
2 222 111 795820
1 109 66 675249
2 220 45 26602
2 3 2 413771
2 300 149 527321
2 166 71 271374
2 160 68 927524
1 10 248 38249
2 169 88 187030
2 179 88 73490
1 18 160 589896
1 274 51 201536
1 190 215 646209
1 271 216 380111
2 27 14 5524
