1054569569268
1069735903813
1202171343572
1101731199156
1056370486756
1354106045040
1155579536304
1101731132012
1115096208957
1466215329909
1378762996404
1045064948115
1465088003122
1132915370681
1427654734584
1061050377072
1047507361600
1049439934095
1372759100595
1419097938992
1043172039080
1062014692840
1047766118883
1378762988412
1450570231542
1043607760479
1493719029439
1048299533049
1356044073641
1047896065425
1129298880240
1144762784418
1050045292405
1175018921888
1469605871228
1243331176552
1498387656965
1062015862570
1433050032362
1045763521512
1108245711840
1045159920225
1342604290800
1079051450788
1059646181076
1042163780056
1123763495146
1072389743994
1069449994374
1042150178898
1523288002068
1043540912556
1062754887250
1301396095591
1241006927597
1262410227564
1133439753140
1262410354600
1066387900698
1180762157292
1062754660344
1468474040490
1084214739252
1068315695362
1551319140165
1364838901315
1109139518886
1043476126416
1182704704750
1470739677009
1428730955868
1044788714744
1387868994998
1114628388951
1047897199369
1056579941928
1110944689815
1057212262076
1080734812019
1245668220482
1149819752102
1045355322000
1102154920625
1453898220384
1412745003770
1043541166395
1335995224212
1153834807370
1043962718486
1047635834056
1050200555495
1061049184335
1251175412009
1152104204800
1364838989689
1440667820970
1052531686008
1042419972936
1042116173416
1348328741520
1080734745240
1062015533268
1065056757209
1145318792336
1113235562950
1225114916140
1163290367636
1128787960524
1138211035944
1294387177152
1068034511160
1044274747530
1052888863387
1053435868464
1112314713930
1127770699874
1100888397537
1043475501880
1374753924754
1052710194460
1195994974800
1054762596948
1303162959728
1306715214640
1048164009768
1193288524624
1061288318875
1112774849368
1052006716944
1051836044016
1042091198750
1099220084064
1093570910184
1087107833344
1084570632084
1042280797635
1045456331700
1069448794130
1053068928871
1328530421596
1328531048992
1114628733459
1446154337400
1253558857128
1123268481790
1278128082630
1042163385464
1352174955195
1487918178621
1187949485736
1373756802190
1045257518068
1317514090940
1463962274800
1146434326080
1192616434743
1121795306248
1408538633688
1321162413546
1362874438200
1087107004216
1304048413638
1162088450193
1079720222455
1071194890640
1266495335581
1083859803311
1152679816350
1173131098446
1046307931896
1364839477085
1191944816367
1101730515508
1049891987816
1263224093925
1440667740246
1184006618949
1042358964116
1475287391064
1539034145040
1051666200398
1058963986034
1162087308867
1048857345210
1140915598815
1357016105437
1042857115050
1430887823132
1182705305050
1281506053880
1284055568358
1382795101870
1057639709395
1561254768012
1272274958130
1360915519935
1049739797280
1256756124984
1132915938021
1145318676818
1081076583519
1422295476846
1266495026335
1388887468487
1056788056344
1052181396150
1052180907431
1215608352310
1138749528527
1442857805429
1370770837808
1442858937299
1119368674524
1118408407504
1200787993836
1075478884613
1293518526402
1360916091201
1054959456588
1070315408530
1049438758536
1056165400525
1338818793136
1249595323788
1042305022750
1042136683677
1042095210195
1058739409808
1252762759112
1106474690960
1162087952880
1049588833692
1255954520800
1390930118298
1322995117181
1087844510882
1044039742428
1259979342306
1062754577976
1050516015480
1156163233960
1332250979460
1099635650064
1109138698189
1049439624720
1042215594840
1058963804866
1103865640061
1042096131564
1056370989072
1200788529837
1042115538540
1382794631050
1319335384578
1487918146596
1360915313421
1241007302391
1059875580960
1057212241220
1051163966034
1519689574536
1044788484846
1058738829724
1166936630412
1126257062953
1042331087378
1053435118512
1440668443326
1100051787168
1245668549486
1159106993726
1157924278140
1212734315772
1381785000470
1054185740630
1042676330877
1251968751494
1532947825808
1319335909333
1129810667296
1542703998926
1111856888498
1297004530000
1366809921828
1331318993952
1412744646090
1145876672974
1043171753976
1047765042840
1042163501988
1056371278984
1061289344364
1453897851024
1057857841267
1451678426904
1044879992188
1209884585110
1052355274536
1082456205339
1197357067735
1111399978725
1058738991112
1042809054722
1060108125424
1333184087295
1297004602875
1063004965555
1176919331580
1133963254288
1050200078367
1053069859724
1049145228495
1068035065208
1042163610018
1180762755516
1304935346943
1051835613016
1058963249168
1234114197288
1047255958784
1315699117635
1335056498052
1102155414725
1165714849440
1055156790924
1110491054360
1312989022232
1156748888412
1293518803179
1073607325164
1160295181316
1079719880355
1266495125238
1133962843988
1070025005330
1069736280853
1430887493768
1092399861560
1191944526324
1243331289192
1056372263296
1160294206564
1048028878344
1045976529760
1062261078948
1334119473890
1408538691636
1046195394610
1304047996854
1286618414082
1051163012880
1168162479004
1202864600035
1076115733920
1091239758084
1426579631953
1234114825104
1057425235595
1382795044680
1440668402964
1228091205276
1311189347628
1097985720720
1043745549580
1098394990500
1191945119397
1051665998880
1198725410742
1130325283925
1065851259666
1245668362488
1051163414268
1071789427284
1086010491246
1518494029676
1043228992422
1302278572336
1215608911302
1165106393280
1285762982042
1349287960122
1197356372698
1181408642657
1066659689776
1043607662424
1172505150102
1042125581950
1348328187903
1057210923816
1319335873895
1155579464176
1052888606036
1555034689943
1553793848478
1053250890600
1042094813844
1044196225480
1212019451068
1043289422805
1516106443863
1232599849920
1545158576541
1540256012109
1106036021694
1046650963548
1045977311437
1486761979206
1047131473836
1461715569996
1333184993790
1311188327846
1044787889199
1042281208675
1055960084960
1042114962024
1489075497714
1100050731320
1042089681892
1122285664281
1056580089488
1192616011944
1531735216533
1321162240572
1061770942688
1056578665495
1104729326332
1306715000920
1373756316614
1052710176931
1058963341128
1051496378031
1468474811910
1044610836840
1074224809788
1227344468662
1333184530380
1146435508600
1305824682600
1042810082970
1042304977525
1530524244267
1166936403647
1497218498509
1048999812484
1080734787171
1050045159975
1322994940251
1143104394974
1176919996515
1046535566024
1042810349862
1209884549360
1295259038704
1561255737537
1300514069468
1042557417371
1374753951434
1044194776509
1049000458450
1042163928864
1325756229249
1056165875624
1042215594840
1512535318449
1355074554792
1042235031108
1170015196400
1044612183972
1104728775368
1129811527496
1119369858240
1043607358284
1106474417360
1326678898089
1388887920994
1060811542722
1042359400367
1162088284422
1055556233268
1185314793896
1108245661746
1293519209394
1248019836070
1499558377804
1054763541652
1185314492712
1057425439755
1100050531152
1413799792315
1052354938464
1062260687975
1051496163321
1058963857126
1467343806840
1244108600784
1308500040619
1228090995412
1064276015949
1046084800767
1516105814439
1057640457085
1044788844610
1445054055100
1061772351576
1199411125332
1201479484992
1389908554248
1402274593800
1069736610763
1044358085708
1278128975214
1042557959828
1043059722393
1225856104443
1374754140862
1541478537502
1265674427222
1071195483344
1234874207613
1159107039265
1147556530431
1046651346128
1092788801228
1073914802480
1358962298488
1043171885816
1141460072580
1159699743403
1324834566520
1171257084971
1233356797582
1482153746076
1062260361858
1186629088692
1136075752910
1115095728459
1259978281983
1133439736728
1302279318704
1452787752639
1428730600092
1323914986320
1053619800226
1388887712655
1074536494071
1212734684196
1042092166696
1042108133980
1273106357793
1155578822384
1391954220150
1539033734280
1088215596919
1053434806845
1042558166578
1143655790384
1043007393589
1042148935260
1214169487075
1056165052654
1149818750696
1054375802494
1400198109282
1163895575480
1043060390238
1085648595190
1179475731133
1052007843244
1060339872865
1061288292670
1051162664688
1085287940639
1331319114636
1043963219296
1132915708099
1220696387986
1262410174516
1100469459036
1292650913690
1493719066530
1051495947946
1363856882446
1462838176440
1144208903532
1070607387273
1369778874872
1354106039664
1438484144031
1222898424552
1053436183935
1340708535033
1045762799490
1090475649200
1042719337128
1042857035044
1561254667932
1278970871808
1048164413800
1055155837933
1061771608280
1100468594754
1052181422025
1063005567750
1042452215896
1090094750220
1042092123228
1134488382321
1103007561000
1190606728732
1153256835954
1496050357512
1426579675150
1467344325420
1050998687420
1395034106624
1042125257960
1052531081400
1174387793431
1200787574232
1546386911616
1534162636060
1043816964166
1336935153084
1503079216575
1131356859384
1144209654906
1044357206610
1068879379656
1043411049536
1237929444368
1107357622504
1428729910776
1089338541623
1221429239760
1385834545312
1125754500000
1044196274680
1095956386602
1043540539650
1460593870311
1042764012752
1110945342780
1450570127702
1290919026824
1049439622014
1204256735874
1052007823936
1053435559590
1048436382159
1042332371984
1093571014632
1159106592689
1384818992919
1126256637237
1115564501200
1043115111955
1204256986824
1049000647888
1048575401040
1084928560436
1442858969824
1054185006266
1459473867962
1385833938416
1325756870697
1248806414784
1081763805592
1354106399856
1077405308802
1259170052454
1047636204060
1043060388350
1045976933371
1290920014188
1547618316728
1043349561696
1162087880997
1311188610815
1042905019500
1054763737572
1281506094016
1132394348807
1434134392275
1049890817832
1051495646637
1140914240040
1044525031920
1163290776650
1042087883894
1381783895240
1486761995872
1058963763008
1514913751330
1081419647632
1052887842702
1057640773663
1301396114813
1145875891006
1164499663645
1068879098268
1343553969900
1200099151158
1197356827422
1323914251920
1073914955752
1102154493625
1049000230355
1084929222552
1242554176240
1357015887871
1070025247110
1105163216314
1150387565502
1086374765850
1055555653800
1170015062080
1095956572095
1108245440118
1378762327740
1359938644284
1455010627512
1109587940460
1312087849141
1270616364023
1179475154292
1423364313840
1042149452142
1184659716828
1056580391552
1056371959496
1144762778490
1048999854578
1507795346544
1542704162466
1164499975690
1097984808840
1084214869284
1076434906800
1184659921137
1045869534648
1307606083212
1050044732000
1051163628522
1084571269860
1153256821214
1058296028844
1513723596310
1406444695990
1043007169204
1077731377028
1044276207758
1204256895048
1055556422274
1508978078640
1314794495280
1054959993508
1066930944056
1457239814660
1476427994276
1247235428360
1322078485568
1042136425290
1044357790094
1060810769244
1410638671484
1160890536268
1043541158170
1131357781182
1043674937352
1185970257480
1059646154931
1243331365224
1165106724144
1115096434096
1177556672448
1168778685585
1504256241390
1054185801180
1350248103432
1320248079408
1312988287324
1401235961611
1054959697336
1092399497291
1044879393117
1052181028106
1083154458600
1261598701620
1092011526080
1042089707391
1045976936777
1050999346728
1047380484000
1160295298756
1062507816912
1050836969927
1058739907403
1182704129100
1043171114552
1159700195855
1058963244016
1048436638359
1115565660880
1059875353064
1046195978150
1219234852200
1046769773888
1063509529572
1202170981700
1512535334972
1151531129388
1042108002032
1530524770938
1112774714711
1057856860180
1058739989296
1058516149287
1217779649100
1081418991136
1192615561728
1097985702360
1089338479983
1076435975400
1402274805000
1060811723284
1492556306866
1222898727225
1436306528864
1191945301215
1078059061605
1427654080584
1045257699442
1084214623152
1297005110250
1313891164760
1042450808736
1045159853190
1062506541792
1504256719140
1190606386504
1045065766746
1159699758093
1315698930630
1358963095636
1065056953005
1102579447450
1051835275112
1271445370400
1128278473011
1229587219464
1199410685304
1042100804595
1048999964530
1050201083600
1059645581484
1104728582074
1260787999232
1388887298631
1231090887504
1049000870050
1165715493600
1449464585704
1046652086868
1057857053054
1060576182452
1113699691776
1338818053592
1406444710488
1042215195700
1322078765934
1311188407132
1361894082740
1316606046836
1044440577795
1411690973112
1518494318780
1047256343084
1438484056730
1055960520445
1052355695625
1276448933381
1042905465363
1071195028624
1060108202160
1421228644410
1069735996502
1070900066904
1116035654370
1272274874730
1228838635394
1375754128738
1044610811400
1411691088920
1120335765920
1055757227622
1375754857889
1049439775629
1140915600300
1309395113976
1264040288625
1046889368265
1312088238736
1046195742864
1084929327748
1045354669924
1270615409797
1048164427496
1167549223776
1338818726888
1044195026640
1076435952000
1044788014777
1219965495442
1115565766580
1043675013920
1187287499104
1135016097474
1055756784699
1085288195894
1048436067685
1046536100008
1092399852338
1131357165654
1266494814599
1065584908038
1052179969384
1042520172274
1047255584732
1311188818599
1042856029585
1042089225408
1413799267630
1212019595397
1052888174286
1123269183224
1228090632404
1434134995185
1487917858371
1058739605624
1059416634543
1149818905781
1358962428662
1129298383568
1185315545408
1106474566320
1042855829238
1128787634178
1244108153358
1067757592776
1242555157616
1260787387346
1042485907110
1207058246560
1062756016000
1043172153960
1048715283648
1232600289985
1050836072622
1049000094870
1134489273939
1115095899202
1128788219505
1122775743954
1070025316190
1505433670734
1241006406267
1539034465080
1403313784920
1100469156690
1091625709488
1426579384552
1132916178394
1348329078270
1044879589969
1049439806616
1159107584264
1051496463414
1136075149460
1484455270732
1046651816656
1067480121225
1369779004464
1175019588736
1463961968596
1048163064744
1050998807425
1257559788706
1346414724068
1241006867010
1143656115161
1514913720850
1042279769055
1043745781110
1228091029444
1152105181250
1060341455580
1045454869700
1386850651864
1361894334660
1184006902953
1110038892600
1148685615384
1055959765308
1073914735228
1065851180766
1413798779765
1104728804286
1058075422644
1319335743047
1085287634333
1043607738048
1081076810257
1118887681299
1097169909202
1394006872924
1046085720720
1078059016452
1348328116512
1042387772952
1051329519870
1114162604184
1496049800304
1079050465840
1320248468940
1042107770736
1047895912697
1297003926375
1374754787852
1044115949748
1042955142312
1475287607280
1207762261608
1042096218300
1043230266864
1056371011640
1045870428198
1202170914208
1401234861218
1084929703669
1219234575944
1042856992191
1054958569558
1059189456578
1057857204793
1150959041400
1144762459860
1145876501178
1062755344632
1051163142918
1056579213266
1228839352396
1090094805660
1145876061321
1394006285068
1148685430634
1112775604355
1045065673356
1160295444088
1303162596148
1126760147893
1159107159723
1052179895400
1120820190525
1523288451498
1370771090312
1319335890251
1159700313375
1047009940122
1193288846190
1051664657750
1063762885444
1050836852178
1424434527610
1062755040504
1042257208713
1324834172120
1116507136914
1051495861796
1473009872544
1059416605905
1068879099840
1482154737324
1046195834880
1042955342850
1059416300433
1325756967186
1290920258271
1042388666793
1042675654800
1209175191300
1147557191544
1047131605352
1430886755313
1042331644600
1116980136441
1042763872332
1056579880812
1220695766135
1065850596906
1300514738119
1246451473852
1052180678550
1347370752768
1524490622472
1193289102866
1288334057220
1106914343960
1130840725930
1229587478775
1048299307712
1042136393541
1246450067852
1484455644085
1045870186375
1092399083838
1228090659346
1042095597804
1426579487963
1408538757486
1285762064394
1097576008567
1328530910476
1057639871720
1280659214215
1056788997184
1057211135652
1225114491560
1088215595376
1536594560624
1447256462853
1047255984625
1547617833168
1083507299344
1057210567476
1109587863093
1042089107472
1267315508711
1053620183835
1094756609186
1233357288240
1081763721784
1064276151915
1042214656200
1093965577175
1545158606709
1490234210160
1082804480650
1061529274959
1259170715106
1497218086038
1388887431331
1290056638584
1042856371342
1226600263023
1045065804855
1144763341650
1203559797370
1045161288717
1143104793901
1052531310926
1102155375075
1043411945152
1042359530604
1058963874448
1248019276880
1335056969244
1046769952500
1461715232523
1392979046875
1099219831779
1047008948262
1068315917155
1105163677480
1192615843113
1074849960154
1303162246288
1054376943830
1046085722090
1213450643496
1465088706717
1048435638120
1043889810490
1042178908598
1054959331884
1124756176616
1049439630099
1052888017129
1042634903520
1477569873536
1266494935790
1212734896968
1117454304492
1487917854528
1107356495406
1125254538000
1399162476996
1469606578889
1056370723464
1396064544357
1485608195736
1150959453204
1074536851998
1048857885120
1264039111245
1217779962600
1197356680644
1270615206711
1049891162040
1329459117589
1294387354785
1203560144640
1528106643152
1042107479732
1105599122517
1542704060568
1286618237314
1102579964425
1258365335226
1386850586792
1153256606010
1058075274240
1077404934882
1309394568144
1060574994628
1088216741825
1092010903190
1154414900610
1070899728000
1080735490680
1234114242536
1337876060139
1052531226120
1318423934336
1048857084682
1342604663400
1306714800900
1511347765480
1042306080546
1394007013268
1047635000944
1541479232470
1229587062177
1052531835630
1055356263993
1047764918010
1076757654524
1155578876848
1451678019646
1508978306328
1064277029370
1292650507180
1090475752380
1129810558088
1184659302414
1550084260625
1226599227153
1042090302510
1226600055849
1156749401791
1101309487992
1395035099624
1347370423856
1092398558184
1085288064399
1069163880840
1353139268280
1163894990945
1045763679816
1261599310276
1118408770691
1048163026010
1530523611504
1086011310626
1191944674953
1363856171437
1056788567591
1447256384913
1081418848352
1071491343496
1045976992976
1103007542712
1082805204500
1387867897569
1162087518648
1088962548252
1144763399448
1047010190526
1359939117657
1042149868092
1073300795500
1513724237660
1236398964104
1042236020442
1146995163200
1042099812255
1491394069480
1297880315625
1389908263854
1135544685110
1182056087467
1284056237730
1188611341920
1067205157725
1078388937867
1051496816223
1361894996620
1050998964036
1274774781824
1466214727012
1328529995184
1267315062951
1396064963748
1042763601404
1054958835324
1042179493270
1525693945900
1071195403376
1407490930866
1066388435301
1044276025320
1044116677264
1243330271208
1103435574288
1248806096076
1348327969689
1042954602000
1219234335288
1069449249720
1413798753465
1248807258588
1441761879768
1044275379392
1284908835022
1060811822082
1044972250770
1113699298656
1120334751550
1522087041909
1279815008665
1436306455840
1048164103928
1044274685440
1155578586864
1055354946913
1047635290920
1260787655570
1042419904896
1125755719500
1046651315092
1302278262264
1323914468160
1324834440040
1239464788890
1140915451800
1219235253768
1042106740365
1331318931576
1133963306508
1526899078785
1050200397225
1176284741070
1474148881263
1396064635644
1289195027880
1101731533350
1487918766600
1308499958479
1047255104784
1042904790480
1402274225520
1341656075837
1365824377734
1271444974250
1089339487797
1042719295108
1163291345458
1056789532794
1042856427476
1141459609260
1362874867000
1475287478580
1080735200269
1050999590480
1415914472496
1423363941800
1471874542152
1475286777165
1139829629084
1507795575684
1042096036488
1046769568528
1332251094720
1426579765471
1282354536048
1043288056596
1084215242352
1048435982280
1111857743908
1380775599305
1050836737655
1388888043078
1511347888767
1161489062037
1118408853576
1089338624837
1130840498690
1044611438920
1049145797628
1100051240144
1231090972464
1051496425217
1412743846570
1050356725200
1062755335128
1088589774516
1048299621008
1044358021336
1097576440309
1281506705744
1178835358017
1491394107880
1477570706864
1042149218073
1424434141160
1060107341755
1056370627380
1471873684344
1063255909899
1492555875843
1055355860204
1062260410600
1091239493376
1047895976004
1044788469573
1048163441242
1467343828770
1044275239760
1439574891461
1061771548012
1050046059530
1138748508445
1062259955705
1096358513832
1434134316585
1346415061068
1370770721576
1529314133816
1048298651225
1042856757676
1042178840497
1301394994445
1044275841854
1225114211820
1056788315157
1124258294525
1044525908235
1042388812692
1126759771644
1293519212148
1042558050354
1556274539701
1378762122612
1053996204460
1042306151700
1055555031400
1083507273011
1198040128929
1044699326864
1228090710394
1394006827908
1285762226088
1042150181760
1237929047877
1042196387407
1265675012702
1487918723046
1500730309004
1303162804692
1106035861989
1042100979420
1440668790960
1042485437610
1331318764788
1043607062922
1340708570159
1146994371400
1135015778400
1097169322829
1094757968310
1081763049768
1049740125328
1373756854216
1044039566841
1394006782892
1043059923290
1363856203573
1462837702276
1152680536150
1230338535672
1045556138298
1056580083631
1362874017440
1535378313397
1043815777745
1193962746018
1246451364184
1301395752341
1047380945500
1137140508100
1222162519494
1081419467600
1073299590450
1399162535164
1409587791996
1062260792112
1100469286485
1042101350715
1051329753561
1114628733459
1344506210146
1119369194094
1379769027563
1058739426887
1487917974942
1304048419122
1044788579878
1046888446384
1042677297027
1045455692129
1086740528715
1272274400740
1407490495926
1057640364575
1060810743488
1366810684488
1307606733487
1219234732584
1059874655580
1047131881464
1324834582840
1133438832576
1048298927648
1086011687850
1357015956364
1240234468050
1097576160136
1045763350938
1042100261805
1088963239068
1050046298272
1384818918495
1053620796945
1096358510768
1448359031781
1176919381050
1366810474422
1115565088590
1101730445312
1068034566250
1045160814696
1060340389192
1090856592255
1062015940235
1473010927416
1541478829590
1046195557128
1061771546426
1042235912800
1143105341128
1157336090823
1399162443946
1080735204928
1044788197452
1505434393092
1045869531244
1057210735056
1048575901620
1467344905920
1044972219500
1457238830460
1046769415590
1083155650550
1248806458308
1119369757338
1083506667352
1157335748080
1056164539696
1051666093870
1356043877563
1435219800960
1043115475915
1350249209844
1136606850495
1551319153970
1490234764400
1109588539675
1200788220882
1093570771944
1042196292046
1075479156227
1354106976432
1042258084032
1059645756090
1042279851925
1048856997268
1194638871638
1156162683432
1117455559148
1445054087600
1269788747246
1129299180936
1140915781470
1276449287066
1507795742447
1136075423620
1204954296372
1437394360864
1042281220400
1058296225800
1050515209242
1270615107950
1377758419320
1070315771200
1333185155035
1205654831389
1298755979430
1109139458206
1060107845468
1067480609475
1055757425898
1048029869584
1043412350984
1047254792220
1360915183344
1060576409975
1479859239595
1072995030520
1541479393622
1357988192102
1045257500094
1087107946056
1146434996520
1043172177564
1108690618434
1044788086051
1107799393190
1258364732688
1050675537160
1443955829520
1071490681800
1163291216450
1449463742004
1296130060872
1044971936472
1062015301480
1044879812276
1167549264712
1042095659745
1435219906665
1134488687976
1054763742564
1238695454490
1058516218190
1278129288450
1353140088730
1051666058450
1364839912260
1042108201712
1195315365170
1308499023452
1426579190820
1182705613900
1106914568920
1042419473907
1416974821216
1407489784206
1067480092875
1061048961066
1048163097272
1482154461264
1060812129812
1272274200580
1042360123908
1173131242788
1288335009420
1072690934070
1310290673952
1044117027715
1516106539038
1042234730880
1153834742514
1155579221296
1262410121468
1042305234966
1054763341878
1125255369000
1095555597024
1057000292877
1216330880634
1299634098090
1056999895104
1153256793208
1402274038080
1045659275184
1043889651258
1044039096552
1273107392598
1286619264778
1056998851776
1250385442602
1111856740126
1051836083668
1259978991659
1105163211748
1539033818700
1044971324608
1332250708260
1042332040136
1484455296392
1248019074560
1561254998196
1126760669545
1055355006000
1062015772744
1051495922118
1056578719793
1056999595512
1069163772372
1055555764200
1237929472588
1237162455020
1053252459624
1080057055350
1217054862150
1555033941902
1334120137840
1046306734347
1123762598452
1096763074140
1088216562837
1042150211676
1523288119806
1086739575450
1119850930062
1047765990180
1110944761020
1499557876336
1198724618404
1350248664714
1114629803247
1172505542304
1042557678648
1321163170818
1529314258952
1184659257495
1044699909636
1088588547084
1045257686370
1042149362394
1323914786400
1055356005776
1546386851280
1042215812330
1189274448780
1092399254445
1531734592611
1122776256477
1202170535104
1330387858830
1046419924685
1043287874139
1044275880816
1064275547973
1325756782362
1093179859824
1325756631513
1206355542655
1042676071578
1089715961939
1054959851959
1389908251920
1051000072360
1042485046296
1058516402736
1469606394562
1053995187220
1543930037956
1297004426875
1486762745842
1523288018526
1047380635125
1097169895423
1046769111341
1330388036597
1150387921459
1476428845608
1214168687955
1060107457752
1042236161058
1402275116520
1043115623840
1556274822879
1150959534384
1373756798188
1305824049660
1055156858166
1058295165438
1043228715726
1046652212448
1391954963475
1044358072002
1117454924280
1433050117252
1054763550138
1301396293303
1347370739288
1336935186909
1460593861260
1086374887905
1258364332860
1104296834574
1411690328272
1230339213936
1168779543192
1304935899456
1374754591754
1043540745345
1152680661525
1410638776764
1070606957367
1074849461876
1054185666702
1043962868208
1067205181350
1361893958120
1275611169628
1051497162661
1044699532112
1047131909376
1076116008480
1050837156852
1307606436414
1334119571450
1556275332850
1046651079664
1150959494532
1042095831324
1106035650570
1051834709100
1228090662182
1059415719718
1071195826736
1042116037870
1545158778918
1043287955115
1081763327576
1066658591304
1051163575140
1048716236820
1259978632630
1048575528588
1144208651592
1556274954444
1042196072883
1188611516886
1436306154616
1042676236656
1381785113520
1116980536326
1112314353598
1043007853660
1058516357970
1198724624156
1042955687928
1044611499288
1056788693823
1062015455225
1045455531000
1270615148289
1080056910828
1362874786600
1398129025338
1321162130250
1291784896642
1051834768256
1255954999600
1100468695536
1059189703604
1059645766242
1048436622942
1101309199578
1057856987418
1341655657027
1251175454099
1093179134832
1043060344066
1176920467935
1077730563752
1234114570584
1181409268038
1225114149340
1266495104343
1445054398300
1178835063058
1194639061850
1056165372765
1144763645460
1324833912360
1081763599176
1250384840715
1277288406896
1047635294888
1072691383512
1080734625659
1103006654220
1229587253472
1069736167741
1360915282578
1046085220310
1059417068886
1446154593500
1319335133786
1051835430272
1042215752102
1043816829265
1058294856396
1117455265088
1185971163928
1545157704183
1207059137264
1077404522012
1056164646762
1043114720736
1133963801852
1061528888872
1091624886658
1043746054890
1049439022404
1138211291880
1081076819575
1148685540006
1053807638604
1383806178663
1386849953336
1048163571002
1207059508152
1230339245088
1053806966772
1077731545292
1474147762860
1507794566195
1269788967024
1046889176907
1453898013024
1182705178900
1046421268752
1122775961889
1101731396010
1122284580618
1484455259185
1272274314560
1110945459435
1241007065679
1353139011385
1357015838180
1241779429447
1053069020908
1051330368816
1064019408294
1048436292333
1048576102443
1127264556572
1087106944000
1063004937750
1049000247505
1363857126144
1042195812243
1048029535452
1052888488956
1077080096079
1049588130297
1384819063356
1378761888180
1171257152085
1355074120680
1529313568808
1262410372748
1082805582700
1111400539275
1418034807832
1211306308881
1312087940730
1044880028180
1067480993775
1042164039216
1317515045740
1477570760876
1047255484125
1310290843584
1414855900650
1280659118650
1237162264400
1247234242540
1281507145856
1051164244998
1053251471208
1063006136500
1426579872809
1060811242410
1057640700625
1132915820074
1080395381352
1042955288400
1182704149400
1126256833606
1112315225662
1045354813700
1049589352931
1210594434250
1047635976968
1165107583512
1394006175176
1182055639108
1395034340972
1482153780744
1204256609682
1042280665975
1042107518119
1061288173874
1156749685694
1346413961100
1193289223994
1117931766776
1399162748006
1325756363790
1050515705880
1081763412936
1049438682537
1550084317100
1333184776990
1386850140584
1044196025400
1050515168892
1094757597082
1044275797810
1045659898542
1049439626865
1267316251180
1429808930078
1248806407764
1136075791650
1045455089000
1046085032860
1105162819072
1194638920632
1087107498296
1059646303086
1070607934854
1343554397850
1094359850725
1420161985160
1102580635425
1246450455908
1046420027454
1295257961296
1043170644872
1309394700840
1286618963720
1042451004380
1312988485394
1462838556288
1177557296214
1053806838452
1333184641490
1534162291534
1560007536573
1463961941464
1331318661732
1418034793389
1056998807088
1265674427222
1333184236345
1131875265234
1084215720684
1067757839894
1076757777685
1136075641160
1385834788336
1051329423438
1463961975056
1159699791880
1042125141070
1055156553662
1059189550447
1390930985502
1097169240155
1461715502760
1268962878216
1164499348670
1390930465710
1042359201527
1483304117923
1364840072940
1211306091673
1270615674087
1193962933478
1109587640094
1049000340115
1420161947112
1095155668782
1324834234680
1046889058136
1085287970032
1042675784127
1069736818135
1473010530712
1078719410664
1043745635462
1530524557491
1313890444878
1052710458538
1045064747010
1510162130880
1054377057643
1326680119830
1073606533780
1353139357050
1382793914180
1090475755460
1251968330894
1355074041384
1203560286705
1157924824980
1042389166539
1255155193600
1553793606456
1043889118593
1558762244272
1164499728105
1046535939045
1044038930133
1046888688807
1048575012975
1191944829354
1063006330750
1297004847625
1058963810092
1365824082036
1158514525980
1042149133038
1416974860606
1523288338824
1475287285530
1202864206845
1043889009194
1045356044118
1413799700265
1238695238607
1331317975596
1511348006970
1049892437584
1043541191241
1066658706352
1054764109748
1142007461728
1052180231651
1137140551281
1166936250032
1098394531500
1095554600574
1053436155312
1337875256457
1098807564583
1274774594444
1148685457238
1333184835255
1105598749872
1053808252399
1042595182410
1361894925600
1046534766676
1049146408415
1223635401079
1042360107906
1126256530808
1200788626116
1043745453089
1270615235922
1301396216415
1111399399995
1156162228584
1050674751120
1045257892254
1057424801942
1043228702256
1059875232750
1234875236277
1418035917317
1316607150312
1043746121790
1042330664588
1212734988360
1279815087610
1500730420016
1042095866205
1335994675842
1072388765244
1398129042524
1399162073786
1042484747612
1042107249904
1104296700550
1175651382808
1136074450650
1439575612020
1181409257881
1470739276130
1168162604736
1048436054717
1287475839954
1110490599560
1042090825566
1141459529070
1063256403795
1045160534985
1047635070776
1115565780170
1202864663175
1187287937545
1069736541639
1398128114480
1057426416544
1154995696755
1219234766760
1086375183000
1075162763348
1060811332636
1398128012686
1042635765360
1210594959060
1274774327948
1056372296280
1045355420600
1312988225854
1260788050921
1048435917186
1054376690556
1042089615252
1046770440934
1494883898598
1045556342566
1042114732392
1244888186724
1552555896114
1051496202432
1046195453184
1386849995832
1057211850170
1089716190007
1486762070228
1062260364635
1445054484100
1053250561410
1229587718248
1047635176336
1175019499920
1379769098106
1062260115790
1086740388120
1321162977414
1080394786170
1045455563300
1199410332994
1303162102228
1056788059818
1299634859286
1052008212796
1042763022810
1107800953203
1221428161884
1412744430430
1198040049784
1063762684530
1162087834053
1213451427468
1051162825888
1171256224161
1054569604800
1510162088904
1056371601880
1435219974525
1135015478709
1154414947746
1250384865969
1273106175834
1057640704103
1049739081392
1097575446690
1134488525457
1189274905400
1119851092710
1046306703312
1144762836288
1043745684780
1077080097638
1520888875527
1075163377214
1250384192529
1132395232663
1118887624033
1116507064482
1044611060712
1473010273112
1095554660361
1403314363080
1045257733047
1406444355946
1155579408240
1257559112989
1043746012640
1042306180175
1043745870680
1095956135190
1044611077672
1077730957926
1053995233930
1332250072296
1282355109024
1183355072400
1560008020710
1046769412216
1505433995604
1145875387466
1064535754840
1430887718572
1068596190148
1061288536410
1541479071318
1363855958536
1245669120322
1084214418816
1052888509324
1522087378931
1053807299720
1329459207151
1260787282571
1061530026169
1253558645577
1047508032583
1049291388128
1055155884758
1042856632200
1087845925813
1042257159984
1123268644006
1140371335800
1462838929676
1050045707460
1399162819394
1241006389359
1045066272465
1185971365200
1212019789741
1059875215260
1265674509468
1512535359121
1085649760874
1496050247604
1252762346924
1534162395018
1042091140776
1077731486088
1484455746725
1400198431606
1076115333000
1130324690410
1044970815960
1046769309856
1136074906590
1150387980539
1053807199438
1199411384172
1307606639026
1048164369288
1199410702560
1149250790094
1056371581048
1170634367960
1375754827230
1436306745328
1042234721418
1556274594833
1143105723742
1490234696560
1492556297913
1092788687490
1492556487205
1128788548845
1097575622755
1295258232368
1104729895560
1045454772800
1280660360995
1273107105075
1316606436940
1061529475864
1053995218412
1088215826826
1206355250323
1199410731320
1320248261916
1297879285750
1042484745820
1128787709028
1332250083144
1109139362635
1055157141543
1050835885033
1439575563809
1050357012888
1312087087722
1294387783032
1042125715550
1097169054904
1248807105552
1180119045108
1423363840930
1049739268848
1225856921787
1212019162410
1066659164968
1101308769246
1042279947400
1114162666176
1153834318002
1070025655310
1178835138614
1061287754019
1298756678796
1056579457584
1358963123818
1345459056756
1523288642664
1346415143296
1047255880625
1241007401021
1153256781416
1047131902544
1452786669644
1520887770703
1165107065256
1381783859330
1059188958595
1058515852580
1168779341574
1055757669516
1367799083749
1522086685882
1086739938525
1138748432608
1051497359083
1514913859280
1089716874211
1113698501832
1048575477180
1093965391440
1051162817460
1097576380600
1042305143776
1076114588880
1043475317640
1247234232705
1091625154270
1186628282713
1203559079870
1127265202210
1053251560342
1286617977686
1497218428274
1438484794228
1253558991624
1124258794358
1130839335580
1050200325903
1374754954602
1071195400240
1163290395490
1333184839320
1097984560980
1457239226730
1459474300158
1423364492000
1130325276450
1043890139957
1059874585620
1327604133268
1273107238419
1517298999789
1358962401822
1060107519723
1207763130832
1173759127713
1236398083016
1107799493444
1065585738066
1075163555282
1459474228988
1479859677780
1079385179250
1471874387592
1105598567352
1059876151816
1355074096488
1113236001720
1042330942356
1524490102146
1253559032253
1121794582824
1265674109390
1051329185802
1168778821458
1042124670921
1054376370396
1303162213360
1092398916305
1083155816400
1090856541468
1042125252960
1042330787280
1185971533168
1443955003385
1420162509960
1081076111407
1541479111606
1123762997984
1357015832808
1512534910458
1208469079227
1167549131670
1424434638960
1124756457303
1121794856552
1046652188564
1073606494680
1137140551281
1322995167538
1311188273166
1344506764585
1042136174640
1042107756786
1058295105240
1058294783340
1048575302220
1054376062278
1268963202552
1175019344128
1072088165296
1052888757325
1351210626064
1043816916818
1548849754064
1043816661679
1049892343094
1048164384696
1100468368758
1103865181638
1233357169464
1388887514932
1115564812260
1457238744990
1053069764739
1052180423250
1048436388643
1211307153420
1334120057895
1418035250313
1089716431944
1042856467095
1077731146444
1042452336712
1048300052432
1413798774505
1309395183744
1200099073560
1120334665765
1140371769712
1063004641040
1067757901280
1060341143225
1194639002769
1352174780345
1508978340672
1046535315312
1044115922186
1106036551002
1062015360125
1042100140932
1061048670147
1216330782240
1070024699180
1045556907150
1084215417276
1042196662675
1050356942409
1419097929808
1042720232512
1227344159538
1051000096454
1121795092680
1354106170032
1511347709556
1427653749660
1553794341300
1070607454740
1135016341998
1368787090706
1062260778120
1105599431280
1068595990377
1042089299177
1047506578832
1042162722510
1172505268200
1042306022516
1067480921325
1095955695219
1150958555796
1247234730075
1366810388790
1052355575232
1081419523472
1541479227434
1069448996789
1227345113852
1043350021238
1047896409501
1411690799400
1064019616986
1063006154000
1049588812671
1301395017786
1053435208368
1478713641930
1044789089617
1053435609345
1138749100271
1400198146270
1323914163520
1332250332648
1052709559843
1042451752768
1130325660665
1060341033290
1091625715640
1388887619765
1157335665704
1042520642394
1047381042964
1193289147568
1043540513952
1200098964348
1320248872092
1045868881080
1053995107640
1273107430101
1042196288700
1057640264136
1070025215710
1054959725480
1042676611887
1042280617400
1148119945467
1042125718611
1110038701584
1511348533164
1513723951910
1541478752791
1546387042344
1349287336461
1188611304324
1248806897760
1049291295396
1395033898756
1043170682776
1501904152725
1067205313650
1152679797175
1269789163155
1043675373890
1046420165090
1050515858960
1049144887210
1120334999875
1045257575258
1066931462560
1043348765032
1098395582610
1059874824120
1170634931520
1218506437120
1182704506100
1051664994240
1140370262908
1381784012280
1069163648184
1269788521904
1401235688164
1277287975539
1071196098000
1450570374322
1546387222095
1055156259392
1156748857521
1047010398870
1099220024433
1292650168192
1104295990832
1355073931176
1361894139020
1050200565185
1081075535244
1047896273169
1540255754014
1210595396640
1055155566159
1394006012324
1042106787097
1219234739704
1043171789784
1043607701880
1126759996494
1120335415255
1156163250152
1504256736976
1267315466921
1365824308158
1128787659627
1327604719924
1045763364554
1042905504072
1042215275297
1042150155168
1545157838682
1159699302703
1055156914201
1536595693002
1292650135120
1189940567990
1397095089537
1214887463197
1042164173436
1414856259372
1507795881204
1362875081400
1138748319596
1088963411772
1336934786421
1042195944062
1057211678108
1046195440250
1426578757541
1042257188805
1051665652484
1043606858553
1352174425265
1042125296380
1047009456606
1042089150814
1090856507610
1056165885212
1047635246168
1097575484965
1518493919360
1042089465676
1051836014810
1356044892871
1058739968338
1058296269300
1179475521901
1042196697556
1042162835376
1053436015344
1052006908415
1558762672456
1281506428944
1140370826102
1475286791322
1090857875781
1057640436350
1249594874508
1484454636930
1398128889172
1067479609350
1058075808392
1217054418975
1097575928955
1081419497088
1053807656492
1055960940315
1351211083704
1061771335988
1045065172446
1043061152076
1189939320955
1055555229282
1529313730600
1392979224425
1059416365581
1060341129666
1048715569886
1045763306088
1047009657198
1052355505875
1447256955174
1525693684045
1222899190471
1176920172570
1122284857170
1068035612960
1042089566938
1106036325894
1321162097562
1043674873650
1063004808250
1255954890400
1061288041266
1086740292330
1043412107912
1553793835938
1251968469692
1060811593356
1089338704969
1304935111131
1449464576618
1042452088824
1524489623598
1494884749746
1043963107640
1446154475200
1042149563970
1059417212679
1054185229083
1155579552496
1054959818576
1270616126162
1113699339480
1170014368580
1279815271815
1060575558415
1451677834175
1056999535545
1143656177447
1307606277610
1056166058090
1184007092772
1220695986700
1052532071928
1344505875594
1057641307536
1049000631698
1042136198081
1328530481348
1504255991686
1056788361578
1130324499050
1158515244810
1163894574885
1042634861466
1228839321222
1217780528325
1049891853688
1469606228281
1049439871824
1045659477552
1354107096048
1042196501558
1060811350662
1322995982777
1137675060288
1106036690934
1092398421391
1046085987758
1048715464080
1043115762272
1100887466067
1436306330656
1062260272659
1363856266506
1225857018279
1042762989170
1101309306398
1071195510000
1056166333955
1042257692316
1187288190770
1049292006204
1139829480484
1062016022708
1519690188248
1048028734620
1090094965820
1048715799562
1045355312086
1042196492806
1376755906209
1047764810280
1045455323071
1048299917226
1185971578056
1052356025472
1048435534376
1451678228463
1403314788120
1237163089008
1045064812410
1397096030190
1047507603624
1485608059844
1510162219920
1153256616328
1410638701752
1043114959696
1042163698128
1111857251858
1055758189716
1058075488260
1107357777442
1104729353728
1048029756087
1049587907151
1157335640697
1047255326500
1237928245018
1510161759456
1129299348488
1057424629495
1206356163144
1498387474354
1542704620378
1066387951162
1421228434650
1042809643422
1044196157997
1042257784386
1063005725250
1042558030206
1052007686976
1042148950218
1082804821650
1461715665678
1044441006359
1171256949284
1042279932325
1043746421620
1078389045300
1278970670838
1063005016500
1487917926264
1182056379118
1182704667050
1055156583123
1136075234390
1241006716247
1043606981850
1076435903640
1070899743690
1044039342024
1055556235002
1042305256520
1491393899240
1045868806549
1042520761955
1494884636004
1095554957763
1212020297036
1134488707359
1180762942824
1122776671305
1076434691520
1284908684384
1216330546950
1042856766669
1044117288437
1557518676204
1054568563500
1173759327322
1144209571914
1077404481504
1459473910664
1264856514468
1255154709200
1357015753571
1132916288876
1209176424822
1047897113819
1085288347500
1108244983200
1044526128585
1259170052454
1104729452658
1341655273343
1410638137188
1061288776589
1223635888482
1422295461114
1340708790372
1400197777711
1059645191640
1425506867337
1057211669418
1471874392744
1080735694123
1065057158275
1049891466914
1274775142704
1095555547968
1048028791083
1056788062939
1042257085947
1075479729114
1259171158272
1055156544997
1061048984373
1339762139176
1506613800335
1360916052312
1110491829036
1053252089832
1053251075496
1269788324382
1085288407833
1050200896611
1046084785100
1456124108705
1275610556132
1145318619059
1100888939622
1047766089360
1197356610133
1126257229342
1136074662230
1049891157674
1259979357673
1157336638035
1055757646560
1446154263300
1225115231380
1043229943152
1042257963558
1200788008206
1409587749852
1045159640640
1323914406960
1046084671000
1073606658900
1049291453268
1537814278560
1352174028490
1106915827480
1058739954410
1051664913317
1165714310688
1048857976688
1051162684032
1405398733787
1345459400751
1274774558356
1292650191618
1049440141236
1185315413640
1165715556552
1313891106022
1198039583548
1093178886000
1046651248558
1046085746800
1413799416225
1288335041160
1317514084120
1048715404140
1191274808928
1455010930776
1447256015997
1107356642749
1149250751666
1061771600350
1042115359720
1162689504388
1284056146452
1075795458143
1420163005896
1058295746883
1127771773940
1062015001876
1087475281768
1317514846596
1059188786767
1042215071191
1104296922908
1043962928662
1050358264320
1063509477366
1505434362516
1172505524808
1044524675460
1113698807256
1506614214060
1139829415100
1102580562225
1163291220848
1052180204175
1118408901800
1097984902170
1131356916156
1046195943936
1054377036804
1160294724768
1150387816592
1525693644830
1354106770800
1064018880240
1046420458350
1135016607396
1195316536703
1386850609368
1171879964710
1169396624391
1148684916290
1043674733380
1307607030560
1120334900545
1485607903440
1199410819038
1078719458900
1357016038287
1251175946552
1106915214920
1202864912865
1168778267739
1534162287748
1442858284197
1135016274903
1046536140235
1123762535368
1397095721931
1069449640899
1064275750341
1390929908790
1311189161716
1292649972516
1042279818825
1063005942250
1516106726850
1086011242602
1256756077418
1108245593436
1491394043880
1285762879774
1094757503508
1366810117176
1334120114805
1198724870054
1193962639310
1052709331460
1298756387508
1469606452567
1400198278370
1178195126912
1114163296680
1385834678112
1043289286905
1201479538124
1056164869615
1046887893417
1251968489320
1056166294050
1103864778043
1058515996359
1069449089478
1051163517436
1482154014432
1133962439656
1060575296348
1387868521259
1239464089530
1250384696206
1071789157760
1421228594592
1308499483436
1139287435043
1044611885856
1532948180430
1344507054620
1263224611470
1055757745698
1119850448142
1302278765788
1428730920552
1111399462110
1212734351472
1144763658798
1043411404016
1102580659825
1042087933904
1217054480250
1324835242440
1044611543514
1185315040056
1043410881836
1100051325712
1044357518218
1357015573609
1160890250008
1196674529160
1043171826876
1312988800940
1245669177968
1085649626372
1225115450060
1054185183570
1042305080772
1059417359091
1439575339693
1446154363400
1048858193634
1042091851822
1202170233544
1384819676025
1048029294117
1441762886214
1070606441166
1050999426985
1322995298194
1226599899759
1410638242468
1048163257956
1115095368841
1060811816976
1042090351624
1043889083084
1069449653467
1557517737204
1058074808954
1206356134484
1427654750280
1115565804330
1313891163394
1061771479814
1042388077223
1063004865826
1057211525076
1451677886055
1042096239984
1462838480060
1177556938530
1042116088552
1063256608002
1173758281196
1499558493920
1294387843620
1062755382648
1060106725223
1059188739037
1536594699334
1328531032696
1487918343870
1063256218584
1042520877805
1050356865618
1044040137909
1321162850748
1093965646250
1043889400990
1174388479678
1104295830917
1056579254788
1408538926062
1157335596567
1146435576680
1160890652240
1351210587030
1437393977488
1042101026040
1119850860786
1067205669600
1046195601620
1075795831222
1047010168425
1062754673016
1153834514044
1046195986300
1049588502207
1202171210024
1048857705150
1043171162592
1183354604050
1063005752306
1144208879820
1048857838842
1055355976315
1124259357233
1469606714234
1042088113940
1133962911128
1201478215568
1042955367968
1278128746524
1160891102916
1164499619695
1357015279492
1042136854966
1045065294735
1455009882312
1043349173240
1084570752828
1053806984416
1473009971720
1259979122977
1044115816827
1042135882111
1437393741464
1552555486056
1072691723334
1176919704060
1218507361296
1044440229473
1062015999984
1124755607737
1042305552050
1386850189720
1084214524080
1042107725075
1042332075332
1319335464995
1058075572480
1450570144576
1184006382762
1062260502530
1380774843297
1126256724179
1456124749730
1208468515413
1458356262456
1200098557677
1071789790828
1071491208648
1309395324648
1085287731794
1085287703948
1539033987540
1046307943065
1391954106200
1110945229155
1114628679063
1341655808339
1057425442945
1056579891991
1173759478850
1067757979980
1042136382674
1446154706600
1133963236384
1043115172288
1060106559967
1148684540878
1067205905850
1149819728470
1044789085584
1042359361328
1304049214302
1135015645701
1556274779024
1498386763065
1325756953596
1045160222700
1157335723073
1289194302000
1042135830558
1042236189516
1044699817964
1134489543810
1148119455918
1044787688953
1044879539059
1528106808736
1042196554710
1234874255655
1227344264470
1049588109823
1045257216551
1375754191389
1080734751452
1058076424380
1309394692632
1207762307432
1543930117210
1330388028455
1098806486638
1093178345328
1245668197986
1460594907297
1048856893577
1047895849390
1064794572740
1046652014552
1049001153016
1353140080660
1088963974602
1349287626066
1368787478436
1119850591212
1451677847145
1083154863150
1319336100153
1051664913317
1047010047228
1257559480926
1168778558478
1042856633851
1045868532541
1263224345025
1415914121658
1317514744296
1075479743163
1413799896200
1350247968832
1376755534302
1291784954518
1144763341650
1044699384159
1059875829000
1378762503564
1328530872452
1050046353248
1237928376241
1501903979325
1043060598975
1046196201240
1278128357058
1322995109015
1149250565438
1057212081324
1057211040262
1470738902320
1061049786924
1435219874040
1298757346560
1087107291400
1229587417844
1043746225580
1543930721050
1074224628480
1103434850388
1065320091694
1042558073860
1045659686448
1045556200495
1047254741500
1078388979906
1329457970924
1052887670993
1143656650524
1057425458895
1184006818911
1071491603784
1431968946338
1384819120503
1112775690596
1056371107120
1169396330730
1106036824782
1334119574160
1072388477100
1234114136486
1169396108658
1243330093800
1134488470290
1191944494578
1166935651665
1213451397480
1048299376192
1122775360689
1377757850556
1331318715972
1047896042703
1155578454384
1207763007680
1422295508310
1054960082503
1048437111609
1050357356274
1092010747852
1047010105974
1042905265086
1122776076117
1199410166186
1319335587665
1266494584754
1047255885340
1288335162600
1174388095030
1066659904112
1505433991782
1278128458236
1136607117026
1180763095284
1057211528268
1087107634168
1043540946336
1058516536793
1044439804875
1327604543384
1511348047642
1398127963772
1055756874243
1061770853344
1043963866244
1046534913196
1540256005814
1042955376388
1322996173317
1110944626185
1325756707617
1052888053459
1105598340723
1543930083244
1045556119587
1255154359200
1045160662515
1147557546504
1405399464513
1048575981000
1298756861538
1050357110946
1425505834536
1042107972080
1146435550040
1234115411914
1251969263224
1072388794998
1042087852221
1054763486058
1290920048663
1173758974728
1046086175088
1088216754169
1513723727120
1520887640202
1550083705915
1047765096393
1059188893364
1249595285880
1064275609632
1308499801044
1145876724809
1042763914270
1069162882620
1083860354755
1110491613764
1117455440016
1136074550480
1077731962836
1098394903290
1048164057602
1335995014342
1469605779709
1052709103455
1557518340668
1054376958936
1049439638448
1046651316824
1467343853280
1228839328307
1160890364512
1251175788013
1042149896499
1555034108551
1200098777538
1156163585768
1136606606299
1050999034000
1365825148422
1413799303135
1065057815139
1049739247032
1366810189428
1140914658810
1336934307459
1531735306206
1490234795120
1116035684570
1050999593922
1409586808197
1125254461500
1089338840577
1377758909496
1042331160236
1045257118009
1280659201750
1165715666352
1306715139290
1292650197130
1042486293050
1049440018179
1077730493642
1082456824188
1269788022535
1122284385228
1047507005474
1346415073200
1048576145268
1050200573260
1529313577656
1042094873865
1350248557034
1097575752890
1076115719880
1095155315962
1176919644405
1046194830630
1390930644720
1055355130611
1281506921648
1543930139854
1233356152798
1256757277760
1082805711350
1115565656350
1047636135660
1185314660680
1399162380490
1390930086474
1435219410765
1327605070288
1080394442736
1042281168475
1427654643024
1463962586172
1066387987433
1042763105804
1053620209999
1066659420280
1237928160358
1288334439480
1148685690762
1479859320550
1052531039592
1145876618177
1042196735759
1046420398866
1352174359360
1207059452304
1418035206984
1235635536081
1473010152040
1465087850784
1174388481135
1296131212584
1106036354793
1275610663008
1369778789368
1051496846832
1146995185400
1354106559792
1539034495320
1406444507516
1055961122490
1548850541576
1059416095416
1062259800375
1043287612654
1531735359252
1290057008156
1072388528778
1525694456960
1149251141858
1114629017527
1046196134630
1169395535946
1419099021392
1095554499396
1143656632728
1478714649370
1044115890019
1045659673392
1220696353834
1068035342232
1352174375500
1043816939346
1163291667978
1532948666300
1100888212770
1115565790740
1209885398780
1042124882122
1561255009455
1045659803952
1045557252147
1261598079004
1523287853946
1331318355276
1098394793130
1539033942180
1042115713890
1479859378375
1094757259602
1056372379608
1246451480882
1273107389820
1063510065870
1530524649690
1074225914829
1043964125680
1345459277992
1107800839278
1044195971767
1474148618715
1065057475654
1086374849280
1055355900063
1420162465352
1090094440680
1042856080766
1428730938864
1043229866979
1060575303645
1047009644376
1512535778551
1073300290005
1462837713904
1083507499165
1100888464725
1135544397540
1226599970709
1352174865080
1042257829179
1115564656730
1063762678202
1215609026808
1092399620251
1338818674160
1200787611594
1042124968598
1307606814258
1050200400455
1055555449000
1316606300540
1140370218328
1262411278752
1420162101928
1044116181129
1059188535389
1042719589884
1093571168232
1058962642240
1249595189004
1060340756251
1044525953100
1044972039540
1175651315832
1369778607672
1166936280755
1176284310390
1090475701560
1443955262284
1276448873740
1047507711291
1162689750676
1386851086120
1090095688080
1050836029548
1207059473784
1226600048754
1149250648206
1211306871907
1296131007560
1047379868125
1524490816170
1047635114790
1308499332846
1092399395849
1290919654269
1093178773872
1050045910004
1042808849673
1325757096291
1109587637060
1096762744760
1042106827153
1049891346264
1045869245308
1175018939360
1182704767100
1492556314540
1543930172562
1065851510568
1063256023875
1212019391050
1065057786717
1165106287872
1069736601337
1116507739005
1252763017080
1284055399632
1540256611393
1151531276988
1286618038450
1517299542921
1469606157386
1292650129608
1148119770945
1234874101638
1322078191592
1265674694870
1376754949115
1043607961470
1286618296697
1050045043695
1050999151676
1537813981200
1043889825431
1153257186766
1086374382690
1453898841168
1042108110192
1517299898241
1053251873832
1205655160979
1042149428874
1045160182668
1266495037479
1060575509140
1042520733820
1042808823257
1361894151080
1050200382690
1349287821381
1234114594622
1074536087691
1275610886476
1100051281400
1424434336350
1150958676828
1052887736880
1055157513744
1534162301630
1110038850152
1144208819058
1434133775010
1044788940650
1387868161642
1093571409384
1162688599866
1042763004308
1092011424572
1050044879204
1042162927336
1042149860994
1116506829078
1415913822066
1061288845875
1090475675380
1427654922936
1042279759101
1259170912224
1484455436239
1294387342392
1161489163260
1328530246414
1168162274324
1157924652990
1043745149134
1047766117260
1116035657390
1070607236649
1042107717488
1524490041378
1161488478171
1045454797245
1484455624840
1045455626809
1045064832030
1043889389153
1056166044210
1045660030800
1081762584168
1390929944592
1443954792623
1042257878130
1547617687472
1273939108329
1520888670273
1157335545082
1042137229141
1047255731125
1072087663856
1152679751450
1052531863246
1046887717488
1187948326044
1161488839053
1251175637892
1042762879480
1062506807904
1230339368280
1045869323576
1076757451854
1465088041852
1514914404110
1483303951133
1157924752950
1049439743124
1070315775910
1053069300352
1046307001512
1042163751632
1048436927856
1062755594904
1431968412184
1087845266952
1312087875114
1070900222235
1045065549402
1498387718261
1078388853789
1042149177969
1410638803084
1081419892848
1045065427170
1106036765463
1270616137290
1058516259204
1273940086185
1551319564355
1042388133507
1073300703165
1042905859350
1383806023170
1045977238208
1168163386906
1042451457888
1058074807360
1191275216136
1381784888750
1310290827168
1203559661045
1044971098840
1518494473476
1118409695989
1053435625395
1095956618085
1212735258252
1334119285545
1413799612160
1140371705814
1055757684936
1042388908281
1042675977135
1211306220283
1048300089052
1252762799770
1543929753648
1214887127852
1195995393840
1318424340510
1486762268938
1073606763688
1234115280412
1105163418740
1091240435244
1174388134369
1053808059096
1103865088735
1202864435010
1071195009808
1048576448469
1342604601300
1043287804972
1325756006373
1199410955648
1532947917934
1449464494844
1364839238743
1372759857540
1074848974532
1049291072618
1081762781272
1327603943148
1054186493180
1042331530064
1108244655312
1280659657415
1517299096233
1239464591490
1232600199425
1103007394884
1405399137401
1064534541400
1076757930467
1079051886468
1048575878940
1320248170662
1307606926516
1312087449977
1086374710230
1057424728946
1077730559078
1353139755170
1281506743112
1388887467160
1044971661564
1158514318710
1130840056170
1140915582480
1206356498466
1052531535306
1043229862038
1042856217799
1042556983968
1156748372091
1045976264092
1042520232718
1364839359253
1044276292458
1048575217980
1301395288267
1160295491064
1350248509924
1553794243488
1391955004550
1457239589330
1289194743600
1053434617455
1045556473395
1063508816090
1084571020632
1386850585464
1551319112555
1148120377335
1048436135767
1510162532832
1100051933856
1044524762274
1095154774460
1147557262536
1524489879330
1394006536628
1045065266940
1044440255745
1051497214140
1043171859448
1084215171144
1042419326331
1047255133125
1089716775587
1187287481740
1045868618984
1043744588871
1550084145165
1173758544913
1047131917236
1139288065531
1153835388126
1388888041751
1057857243051
1494883691562
1060575266176
1108690887120
1053995875760
1042635587280
1381784650680
1268962737624
1048575937995
1049438672835
1217779976850
1253558840316
1051836185384
1100468762724
1383806549454
1142006526808
1069163731500
1100469384213
1115565437400
1408538204346
1227344264470
1120335544685
1047380687125
1090857600300
1042594841400
1051665106940
1114162850640
1184659590765
1048715808132
1057858286451
1043816027481
1231844869070
1050201009310
1049588977605
1042809236378
1133439717332
1346414586572
1048857463476
1391954002850
1045355678102
1294387996467
1071194588016
1349288201235
1456124186405
1055156496473
1254355503279
1457238871900
1195994573040
1347370550568
1053807999748
1072690992012
1492556305587
1103435207004
1042089227496
1218506881408
1136607632220
1051328679024
1049440173840
1042420232928
1078059597213
1043539887333
1044275102000
1285763107804
1381784761070
1305824947010
1234874534016
1375754756581
1200787947852
1222898953164
1043816591030
1092788303240
1209884866820
1304048926392
1042235628940
1357014904795
1375754719257
1151531126436
1043745561410
1042305168646
1303162988540
1042125351088
1140914894925
1059190412598
1091240890788
1047255703500
1054569508680
1163895354265
1293518237232
1047254980100
1063764021320
1042520921108
1387868680499
1435219041450
1047132397864
1042215298620
1112774794900
1042856506724
1419097900944
1206356401022
1485608650846
1046535303080
1447255771785
1050357230382
1193963054606
1093179180912
1212020004091
1047379778304
1131356544150
1043607049410
1074225380283
1093571636712
1375754275368
1052710222076
1371764168340
1403314489800
1051496661567
1047507023808
1229587577965
1050999112042
1129811412304
1446153929200
1130839978430
1458356236576
1501903774050
1180118661780
1408538982693
1043606796036
1046768589074
1508978044296
1520888688011
1467343857150
1055156244983
1054763978116
1082805943850
1044439959038
1080056694822
1280659951035
1519690008192
1043745730756
1049439319635
1428730228620
1298756581242
1255955324400
1053069316412
1426579523306
1046887852529
1054186027377
1350248317446
1422295305105
1313891015866
1042557255224
1096763167592
1194639334199
1077405946024
1162088413518
1255154482400
1048029626284
1043675488092
1076115996000
1140370598744
1044276107812
1052355850875
1508977779720
1096358860064
1123763319412
1351210772778
1049145093010
1484455112923
1178195195250
1051665900596
1087107191040
1045257730488
1377758853552
1243331045608
1043288297058
1104729805762
1045870109924
1073607478436
1044276002784
1445054241000
1045659806688
1257559240298
1385834667488
1553794662324
1084571432400
1255954940800
1346414893916
1178835275196
1406443993496
1090474822220
1189275239195
1511348186181
1167549659452
1050676008800
1058962981336
1337875943781
1199411375544
1055960277545
1133962557524
1099219458703
1486762492006
1043963585462
1234874391303
1370770064264
1200787976592
1042164047124
1045556269081
1062015930064
1355074865256
1047507610072
1251176044762
1501904732850
1047256074000
1237928367775
1058295322740
1386850663816
1045975894516
1500730824508
1328530607642
1152679603950
1042215824840
1056578651122
1060575887084
1244887690053
1093179203952
1242554952048
1060106510708
1289195215560
1384819731843
1396064560233
1289194489680
1042125779010
1045257821992
1170635168040
1042634864772
1338819144656
1052006596269
1219965283415
1551318559100
1545158562714
1042234931740
1146995770000
1078058759547
1142555007076
1058515883256
1058516991984
1211306803315
1051000521541
1193962955108
1294387732083
1042388060653
1152680478625
1176919741890
1046195025480
1165107546912
1103435857752
1053808091176
1246451278418
1357988410848
1372758999135
1065057344597
1324833968120
1358963091610
1048437352680
1295258749744
1277287712009
1368787733803
1233357200572
1071195505296
1271444644820
1043288162616
1113236723421
1057640664106
1511347731163
1513724706290
1063509808004
1049145213530
1109138852923
1178194703798
1456124363820
1483303743287
1064018625699
1229587981810
1045660109136
1061288498322
1062755456000
1054185730250
1088216687820
1048856621585
1471874812632
1215609226448
1052179948875
1044039967932
1187288403479
1136607767719
1061770715362
1269788043400
1215608124150
1049588298465
1086739776300
1059189794188
1090857186309
1070025145060
1073300200800
1049290656792
1063763214500
1310290898304
1539033729240
1042955696348
1165714651800
1061771727230
1090094451460
1100050873424
1170634351900
1468474232700
1046195769510
1044525242100
1059875251912
1123762532364
1274774280756
1055156867772
1156163431208
1042420007193
1044195936840
1191275172816
1421228843682
1340708228356
1060575732915
1408539016935
1081419989072
1087845757626
1128787857231
1274774623592
1061530065290
1103865370490
1537813913160
1063256752055
1044524904795
1062508160904
1216331247116
1306714110420
1042719522043
1045763749206
1418034831466
1207763087872
1125754863000
1153835590064
1217055390825
1127771714020
1170014662040
1061288586166
1222899474671
1073914464656
1063255838664
1408538712708
1057857239573
1065585906912
1483303772796
1061771262532
1044611568084
1055556141366
1065056818790
1468474828680
1044039263256
1165714542000
1151530704300
1381785096230
1102154798625
1278128720190
1300514709286
1057000069524
1206355647264
1049890822680
1519690800692
1049589239559
1042106589296
1042196429232
1064794615400
1046770435816
1116980574051
1212735165432
1077080016570
1047131962324
1045762555368
1204256232540
1042164306736
1050837201598
1133962787292
1042719691824
1068880057188
1388886976170
1047635137360
1248807234720
1086740429835
1514914623820
1524489812232
1133439778504
1233357022408
1188611067180
1126760306787
1172504308836
1427654877156
1105598687511
1044357878600
1180762553688
1058516649958
1059416647947
1042452293084
1100051162216
1418035212236
1103006920920
1398128368304
1043411141904
1042149151320
1326679477023
1424434645510
1405399906378
1050998891754
1170014986160
1539034350420
1051665667220
1050514641114
1511348807700
1044117235954
1284908244908
1045870088515
1168163644218
1475286849237
1043745590140
1074849639944
1189940358465
1213450714896
1099635191664
1445054785700
1250384892626
1054763597076
1423364233930
1443955439220
1072994889670
1075163842690
1270615642094
1335994143720
1360915180662
1238695118672
1042235647200
1159107336003
1077080353314
1360915440816
1170634405920
1449464027564
1389908090148
1525693848495
1042358792248
1076757448736
1059875029230
1107357668074
1210594328430
1438484357723
1049890848434
1180118747448
1043889882925
1545158494836
1042764193482
1047255326500
1043348982304
1044611119272
1143655320273
1100888185284
1414856427564
1115096559509
1042281171825
1065851368548
1230339028440
1119369298008
1529314027640
1291785063380
1539033688920
1116507796347
1163291426088
1251175252067
1074848724612
1557518768852
1395033876248
1173131468778
1155579353776
1057857881264
1392979057475
1345460048271
1042178744159
1042451131908
1307606808782
1042635540240
1054377253206
1095555862233
1152679334025
1042178798576
1411690645428
1326680098086
1059416580449
1091625864826
1098395233770
1547618466192
1043964237036
1186629108950
1310291076144
1045257856306
1105598778771
1064795846220
1522086697285
1496050154310
1056788292576
1303162731976
1045976098901
1212734895540
1045975874944
1043963856336
1042677056544
1292650921958
1050676210425
1354107118896
1042905527700
1166936064231
1248807212256
1149818994401
1042125301198
1073607598864
1060810830354
1186628418731
1055355874068
1050356675166
1042720065006
1434133777620
1110038596980
1043745538525
1057857217236
1228090711812
1503079670475
1220696382294
1043114785008
1241006124467
1427654342184
1043890152026
1101308633432
1068035150204
1042595538600
1248807333000
1209175776579
1388887721944
1056998949132
1277288345868
1178834913399
1044699801776
1052887981144
1184659519764
1046534817155
1046195270856
1221429091872
1385833817568
1132916003713
1231090594392
1083506489217
1435219825755
1310290724568
1435218910950
1043540602160
1207762161368
1230338310528
1306714272080
1453898506800
1556275423066
1205654533325
1193962851284
1326679076118
1100888307444
1425505825373
1073300599875
1457239177520
1503079801800
1202170612648
1163290486382
1052006814632
1047008889882
1142555412208
1300514460773
1264856628776
1042115755640
1447256243322
1056578813528
1104295826348
1536595061241
1092788206409
1068879018096
1535378714395
1042521154190
1132395846286
1062508054215
1055757891468
1298756502924
1048858119160
1285762303480
1406443922324
1108690539498
1118408954545
1050357332622
1158514442190
1060811990068
1473010839832
1047008767776
1058074722660
1052007961092
1042115817430
1109587503564
1059874847970
1066388477880
1075479996045
1131357552600
1561255731282
1043475143270
1405399713804
1043172248376
1054376829111
1276449282905
1385835055264
1042196772301
1127264610500
1198725202232
1081076364546
1366810493154
1057000266822
1059645320430
1124258549695
1172505161766
1135016048271
1374754371644
1106036528187
1081076717077
1424434405780
1350248797968
1061049927051
1061288439603
1145319649835
1434134794215
1145875916183
1311188929326
1050674895830
1078388682519
1050836759301
1557517884940
1045869425720
1560008492337
1284908164752
1398129033270
1047255393436
1553794523130
1056166306195
1421228789931
1331318349852
1082455809834
1200099031887
1051665878130
1057641023310
1145876376774
1319335121519
1137674603472
1483303795890
1060576263395
1175650749448
1042331322808
1048299267205
1058295865620
1061050011162
1189274795580
1543929925994
1425506190584
1511347700659
1042332297718
1044039370656
1300514216379
1072995443680
1056579598143
1043171905592
1042956198180
1448359799490
1428730019340
1429809004577
1561255617441
1052708963646
1042762963732
1445054421700
1345459545094
1046888698569
1116034472040
1051834578690
1051835964712
1126760687533
1075479423158
1168162414676
1046420868018
1109588815769
1301395278656
1056166158720
1064018669967
1517299022631
1072087630949
1305824312700
1048714824180
1088216845206
1539033634740
1519690053840
1295258210352
1120335388165
1042150102032
1249594825368
1060811135904
1120820783495
1049144828446
1042215640580
1097985001620
1042595211000
1168778875515
1209884552220
1221429354942
1406443860378
1354106549040
1516105715457
1194638439338
1053995330810
1191944192991
1042519874875
1076756807987
1149818706386
1274774085048
1113699626760
1109588380390
1506613799062
1251969059934
1042195920208
1068035038450
1306715232450
1296130369096
1064276700522
1042763478632
1061771329144
1042096043160
1070900259891
1353139891015
1148685136512
1054568561898
1242555059056
1042332204384
1195316470417
1107800309147
1042954836300
1471873968992
1546387625592
1327604350548
1084928466069
1093965572570
1369778592976
1383806311563
1188610323936
1106475365840
1052888783037
1052355362700
1056788700142
1211306721862
1173759443882
1392980040625
1153256483668
1110945380655
1356044160936
1425506322793
1215609166556
1219235135576
1289194754640
1144762453932
1051496197599
1284908982896
1190606357624
1250385119912
1047635985088
1379768038630
1043349258714
1469605693346
1383807018591
1042485836465
1157924707380
1053995747740
1545157993293
1042635331920
1051163581916
1067480552775
1056999692868
1077731096588
1166936317330
1196675136840
1374754060822
1132395689521
1124258287020
1062260416077
1044439686964
1304934961692
1042137006798
1042595921640
1122285659772
1176920399550
1156749056106
1346414680932
1398128418540
1448359135701
1352174937710
1357989085874
1307606454211
1058739596072
1110945654870
1187288083692
1047379842125
1326680240781
1548849627208
1050836603776
1044116584815
1062755710536
1291784785024
1058075264838
1221429266778
1043008134136
1051835026856
1371763962750
1176919724430
1453898548272
1044612011982
1079384768730
1439575953406
1042179501575
1113698820864
1076115189480
1551319069885
1048858296480
1061771793964
1070314752270
1073608021144
1047009262080
1298756458956
1042164141858
1113699232128
1090095731200
1043171770456
1273939644483
1042808971847
1118409599541
1224374767780
1291784586592
1044879980736
1047896436263
1268138499024
1054376422855
1158515047830
1235635827159
1459473893842
1042091669532
1050201372774
1531735422402
1380776130374
1116034512810
1185314518776
1341656081241
1341656142036
1301395398107
1043889913363
1245668261256
1422295762644
1056371098790
1290056725461
1068595724540
1469606062000
1045065671658
1054959319760
1050516414520
1100468996355
1246450226730
1392978793800
1362874774540
1059644811630
1044115974363
1045161195272
1225114463160
1245669300290
1043350192114
1092399663287
1068879444108
1204954847028
1045256900416
1220695737675
1048857738695
1330387109766
1045869514403
1434134508420
1045659320880
1195316556877
1089339561765
1337875021035
1181408250887
1329457897646
1043889624944
1052008217968
1400198788276
1066387711458
1043288675868
1150388538845
1136075365510
1217779468125
1142007104084
1092010761694
1058739783792
1147557052518
1085649708310
1049891959980
1130839887235
1130325304855
1045763524776
1112774489274
1060339837809
1072994742560
1042520350248
1048575606780
1442857753389
1473010515256
1085649839720
1045556647937
1236398428956
1512534913000
1174388081917
1217779909875
1043889456793
1108690855242
1373756309944
