524509984903
1563624476973
607438901453
965482606556
1210188275232
1146896561372
549338575872
776518089555
1568692600785
1098803435537
776224660007
802825534282
546020495392
715470765121
551917356197
1392057672033
977326704339
732320658131
1524472022834
561131227466
773815158404
566987441491
574165837653
1573887322055
542408607751
866822386234
752154832414
564135900813
1123832053849
702524061777
1576601979666
1575094302234
1223080889202
1578669402326
1574697591436
1504202037267
598296856729
1571812927619
1370117634461
1578333965365
593409755575
1530598459471
761286046661
1100081773022
1388289246813
640709507186
1262190383303
1498478647440
547800377472
1490631822385
709750772268
1329147846849
1578373462266
1500669619881
1126206830979
597799095608
629573320573
854623916195
798474209541
1253450970909
879960428645
700263836523
1575088287839
1573924183818
560132013000
712415439167
624213729497
1036938948772
579992912386
818713075567
868981079728
632976993694
1503004175480
706143804462
1579984600561
1582761401214
815553684884
694671350774
1331331492482
1574606105639
643238175996
715417020971
587397324135
688343614518
985986469234
1578338970168
1576124550424
590307913916
1590592333658
569261309676
608281666187
1249127992529
996951875361
1399855736691
1589434189086
810502850646
734992322213
617037698568
751468692153
1322795715286
604634947425
675026804440
1156182561831
716076177338
563825628062
1588860094880
1592561965375
1577587742241
1388021496133
630405061042
1593957818581
1586734192943
1599682308335
771111709560
1601035412900
775935742177
907246847994
1262648832237
737094384583
1208769402755
1516848409009
658643741436
1440837796830
1581025687948
991819806978
595089895247
1321788789474
1585385911382
1584657826901
1315487187378
1452396467934
877638288257
672639868313
716315853275
1572200076030
581149564403
651149399397
1202164837572
670810723464
1612523694502
1062426383040
730382485256
746494851718
1611128674828
1614453030540
1612158598744
995339199328
599704766185
1028325686759
1608118101963
1608059731968
1272505061608
1615275505958
1225507470515
745436613311
1277126066187
633378362560
806199590950
639628620262
610941157481
809553985491
643154117361
1595332127026
1415893743841
1617220043254
683206396876
1589772195482
591443929453
1430042379716
592178216519
1014469998475
1390582425651
1609914829344
1231717247827
1609326492374
1112994252333
1129190465415
1590386282113
1034232108764
687652828461
1607531062101
761194705425
843285184911
754048484491
673444847814
1616240766172
913983794542
1628328324343
682455519780
1100642813098
1333978839252
1208677259930
1553137489826
1604799571786
1586704185038
1559204271270
1215994871936
1630894898360
1125477176164
623212213015
1506003889004
1187626101609
1575310806790
611939600223
1541401040402
1623247863782
1245496540520
1629721046194
619963572170
892414205666
692108607337
1633203991193
1622141294028
1301884758745
1455323245058
951727155523
617135854795
1010994180205
658857799193
888651201914
678227436728
684750491018
814085980661
1627703784393
730198938715
1564924994119
1559703786849
1628974015537
923651463375
1118283925429
1527093002995
1648852562135
657582132521
1597426605072
1542724123858
1090108149845
680404799398
1062904507738
860651430131
1453539140476
976299795087
715811878822
866166816396
896059520783
814359286716
1092138576772
1131895523665
1632293465222
1655074844385
800834489635
1596059841542
920859604197
1510592485494
697900835604
719654993053
986749742696
838438547514
1604976304507
1574247546181
862909677634
1440867347079
1651667726357
1013817410343
777887974737
696994361620
866347640420
1201948836378
1648440877538
781777677531
1601145060183
1377620638706
773624015220
1661807284864
1382355656467
1279835313148
835446273127
1118513673612
1137108141906
881271066838
861574488480
1632059315018
682609668915
1555653520948
1222800211722
1640656112908
806190524022
1626214079406
1430347638564
1640917673508
1402027400826
906401254656
1651477568920
1071109874802
1673370159381
725505330895
650683817707
1239499379365
1336092434631
758586012865
880704037735
1659067839431
652620857597
1642523151016
733708253690
1053595660317
1676941209833
1622027429743
718172085103
939889504105
1664110655453
1008305114031
1024027275936
1493749710379
1324884975677
1153456305295
738271126588
1233249944020
1644550640222
1177824877338
1399449643777
1626240240446
902067366335
1610154966601
695226376417
718208451333
1121871754378
879440330294
1505030737781
765432511391
1675166525738
1681311251410
1674199307105
750371440967
1594211237334
834986886040
994343979621
1666221316053
1544518918365
1125019902317
860626465702
1609999787698
1639948162461
1043328041230
1642790650671
1653743709816
885422491543
1661040508830
813597733189
859814340995
778644350581
877791444910
986510044762
1672920667672
1691590205054
1132163144068
1430349559498
1616972106563
731830282073
766386917721
1654985395732
1023418223005
723547095699
839097597323
1548652977091
1671136824823
767480827839
699291372255
790220333788
1277562657660
832087981027
1696594772737
1145209554557
1680707949950
786561984707
754572802781
1393652038453
803725809012
1647965752737
1685186893166
1691897921015
1296746085981
727659197800
750069598925
1090074904342
1490829953022
1675739676700
1302465260474
853500766942
925229775192
1654877026384
966650091106
1690793825081
823047095483
861667432087
1201744214347
991679181288
662717195593
1689286883761
778206775965
1144654972441
1698829408508
1519685369335
769896038450
693888404681
1109494293364
833010289861
1666177214897
1658282050177
734753662682
904457134585
788059642490
1465902838227
861808427038
1044945993100
1332856204540
757075568366
672959660792
1629795498164
1281726922165
1698374105007
940348086476
1153532146844
1675375224435
1077678949442
1703818764902
720902697784
891667148952
1156204861626
1527159261309
1653685122418
1663384209034
776972209782
1198633932756
1633056439852
1690521381068
1632839065314
1167274902008
1447697039509
796893510654
1008774054684
755222863407
845270289830
1681656935395
899846352547
768423811000
1405995238679
1711588342785
1635561905057
719483914436
1494058165647
1279857101535
1698820888700
1704652660528
1674556559177
1113747116453
1625141734771
1008755258134
1471633904245
1160030524654
882565767838
855972812126
1695542260598
1705070753494
1712434938162
923225154461
1675495212395
1652234772297
1579239898661
1715592678582
1140955468846
1235580033960
1681011837291
757851048995
1706990977718
844324277631
970272955497
1642443648595
1611448218547
1465950315403
1680946602165
1577989649125
850714334975
1727672357371
1010194438355
912575246287
1693006944829
1176349362122
945749235806
1693563069371
928581008539
1292216427626
1140101953795
1721972305011
841850312889
970169898612
759239335599
1171487150322
1702439475826
1653485761864
752858509352
1688928136454
1682691725024
734765997793
1467976050610
1172875675036
1711907254821
775012735491
1609958880295
1462236707104
1691978297078
826223510600
916620218529
1305763228478
1550556052054
1658457458031
1144183614664
1208859302798
1669317178219
1703315725123
1022871218567
815481614217
1717014118631
922839327797
1577996037140
1717222071137
1679770620174
950285128861
1662651767037
1378805682333
954533013718
1721949468375
1720943461363
912867706784
1719024640338
709716193895
1425177361974
800672430544
1732012546998
1257189223714
1438444896554
994312000821
1670122038169
1701440627003
1154245034494
1674977677217
904174693885
1653791007113
1150949700567
1153700068481
1149067130127
953578270667
1634397707603
1745796528095
1174103897187
1027203499215
1647052110271
1020168513837
1705947224193
770291879987
1011706754584
909463238909
1744984207387
1668272837872
1453405732785
1589904271303
868413813323
1671913137431
1703997326280
1262270320141
901762944348
1693366879264
1368057350505
779621163497
1489706637741
1752170850582
1735922594853
868548289899
1028814463681
1687269122821
1743187382963
1123240359812
1586910038442
932487347256
1733171896740
906024565214
959467577763
1385571105421
828812770512
1731936563749
837768207388
832199569772
826206982030
1295413100561
1384093618777
1720307790565
1738972115257
892066234671
1757543793766
961978743800
1336915752087
1612581008358
1758204741334
1589041278787
1580664101635
966115644556
788686006117
1333932563712
1455431582680
1015236236980
1766319146005
1741340040358
1656895288826
777142411674
1283133141426
1147239038370
1047240078268
1750184833830
1683480619617
862827637656
1618694406185
1015280233485
871002963135
1744840569265
1650935396175
1655801285817
1226429360722
1601189630034
835393078912
1135952887213
1496267185701
1152694948804
1687490497042
1125068384130
856668271324
1151818797932
966687485398
1153161719534
1441608553408
1743956470627
1102486280717
1102470903369
1764209074997
1267266601222
1719741112349
1126537841907
801773570241
1074127390186
1493980164937
1688008350807
1077993305797
1375081236615
1185226680189
845892876708
1679180740602
1772487079128
898873956816
1783648074214
1084454659650
1683953894706
1329416679602
1383628529474
753273709853
1708540870121
886656185737
1707644379105
952754948540
1766645297627
1740439572181
1574554103239
1776353596765
1754492666687
1138099637763
1341275170757
855683806797
1007301361714
1263485074865
1698882537008
1762547974497
1695880039315
1425416005751
818619460870
1340090027251
1745303579473
1497221569214
1574330470811
1016440973903
1792540158789
1059438959600
1196770253424
766567592081
960304223296
1037197869275
967313882366
1785765838778
881229934807
954179558130
1684773877287
1663656113581
1711541572979
1058242164935
1389604136980
1063415176074
1783359215718
1052388037460
1138257930906
1782497145762
1746477622003
1039705335488
1082257240643
1787365814552
1021429178796
1810211649042
950542408440
1570720365874
1200388744974
1184194086905
1718644484373
929756004785
1778699655347
1142288769456
1180602797799
1244821897070
1114218590681
1807131788745
1762425564388
1564588659855
1157950008997
1260112117884
837706153313
1737278641939
1815505457021
1132830564482
1156903607500
881202865504
1790372065272
883997917922
815880404589
1744040098168
824308757138
1697583520100
1296256133542
1518516131280
1734817026147
1614815810149
935851542586
1650677142179
1751740765040
1391515260514
903748050345
1725861901095
1418095956984
1500475280366
1460116646470
907128486404
1225072019511
1254323988105
1780813074460
824886218426
1707493591068
1731887346541
1726478380311
1506074107748
1054412338290
1021253850092
1533475691884
1730864468366
1245425956819
1572177973340
1809578768814
1207673625709
1461220852878
1489239251132
1491160864526
1142016386450
1619963446957
1034624222455
1004893161728
1812286761909
1447656968594
1798564073049
1813006462036
1003025355188
1252653074782
1164602156352
889767699706
922927668534
1823589567978
1802819862712
1318294985139
1390031726038
1604268503718
908460162961
1095320509197
1270656546466
1195579534115
941670827046
1149847175648
1570303283401
1744782809144
1485231724462
1529524698368
1069979259964
1784859631970
1376045524058
1287976163539
1771829415216
1157375926362
1246637276458
932729115019
923800823819
1422447093594
856062789950
914758759504
848630027412
1079928493810
1718895782530
1803749340615
1761317487013
1802767310588
1520195552913
1022059647021
1118060401905
1732633036697
1528057090367
1772864244894
1731509732792
1834157743874
1243688023425
867033743192
1131726918763
924367703099
1414676148053
1834852534261
1712732453114
961479072942
1691895508757
1832653733770
1009223539981
1702255107183
1066184487466
1151764627664
1412746475614
1743591987963
1835483686813
1793708671896
1470564433292
1045639300377
1810796294789
1744319613537
1439971255346
973236540361
1071577042947
1727101633584
1580594219916
1137414762599
1831414924944
914046171872
1663818716419
1700108197002
1400522834738
1767965805895
1843833254588
1615717647740
1124798088659
1734902672594
1748161206840
1842798088278
1004075964196
1703433616162
1816544806412
990568760458
1776085653157
1015022363167
1668547479557
1272536386601
1838367871206
854294781318
874385824149
1462535018254
956316831438
1830315536314
941346619218
1153771727511
1695000821673
979882857753
1131878235043
1366429355543
1499549331518
1535910224200
1139075915681
1039527968315
883135498680
954377421851
952497208827
1584632918165
1696985175309
1690366935692
912412904981
1836209749999
1721663594897
1008557727083
1665130924939
1731227315767
1838646321845
1792906223941
1786799241834
1152711774721
1441671700413
1725230753487
1062012449872
1410152366329
1719141339703
1827329870612
1369336053779
1037069026984
1220359901122
1720818261490
1202820741614
1231329377414
1737695667608
1166103879718
860494322760
1654997684845
864766746538
1856246569904
1601533023202
1288779084590
991296043695
1800855504594
964201176280
1853303261500
1533783904300
1596817699532
1013531417226
1059390183778
906209549516
1670746635323
901537850423
1750645081454
1767153201170
1151784119435
1776077572742
981887106339
1863219868551
1033427771259
1638945679371
894166962260
1662676174653
1389979498559
1300601374948
1123061475558
1850163999324
917264023040
1791581836948
859299816167
1650890477907
1801153500333
1447931981326
1855726594899
995287496642
1858749889871
1737162872374
1146417972844
1698340966664
1654581835892
1038403240950
1846515421572
1622646464160
1094534222196
835268962956
1420557122499
1230176012748
1691870202789
1841375967988
1077945359795
1093822284049
1844412792790
1257092245971
1759037994990
1134016275181
1732376635949
1036289763293
1809695480681
1312403733507
1874035248147
1381044153168
1778492140511
1754166318388
1427290419799
1511527686440
1265617740273
1159820273603
1000492437578
1854668285166
1735664225396
1477799570953
1720893155490
1336041410985
1448230595863
1162662370609
1154955088972
1391052143023
1759827800111
1871845298960
1856093186540
1273610873211
1666393322313
1008834054547
1724336173987
1300421842279
1350532734303
946246966643
936957224249
1851901578669
1047198620938
1146210430873
1361623168108
1385705361278
1692832147801
1849621942243
1708261850512
892884839180
960033461183
1246095540515
1137052641892
1154960401734
1824088891982
1881882069090
874070517306
1699720640337
1831475325240
1761410041034
1715467708718
1843287759888
1860457274852
1809871077817
884687927212
1007006618858
1737277022794
1810812913941
1359579919334
1100846923170
1270086787280
1673037058930
1817053459653
1815646643828
1888384094668
1751476498908
1190200286025
1849923258752
1623209901460
1008840639696
1206669591765
1059118397426
1768114420945
1050062754772
1300611655198
951504680672
1189563885422
923572284384
1032315956754
1049600034873
1777747243110
1316806210606
1891571226660
1366418291817
1769387863643
1320199900509
1602130273197
1078518670055
1873143602807
1361960245222
1489516425909
1302034763241
1809579214187
1181184092844
1170361418732
1709954513097
1091941634904
1668887284850
1847788607470
1215011193145
1877320327504
940143449768
1919284042865
1617677999139
1895507125485
1745980860800
1215271370952
1570306912804
1779404057934
1143703370478
1765479563099
1220234777276
1027074610272
1528066775936
1312664055938
1210626047294
1831731488758
1393063141376
1039355609834
1861881908022
1622499354027
1676621154476
1623435137866
1774980233144
1229604568512
961842269985
1171669802483
1810833169594
1868079412811
1874026993440
1222237370886
1206313403168
1475168189347
1148337572883
954128726103
1633128584340
1201613080353
1791825354754
1717237220690
1024936170311
1726226368955
1832037713411
1902734715450
1120331825848
1322949267323
1896935266694
1117422992380
1227860814796
1401632882856
1480363144615
1924022351328
1927059058070
1700815911031
1829412943623
1906669652332
1845758484964
1354783948888
1827958889028
1224253831408
1072349079741
1892345493028
1088301305414
1843572405610
1744624910911
1747544050192
1355087078018
1360661753763
1713779496793
1827998663873
1051350558553
1905349155791
1913869229189
1179288571989
883569191567
1422793665627
1867820154259
1782190173579
1831127364578
1198008388925
1146771828419
1697419012546
1906848136892
1187402028283
994885941947
1166945467468
1840581944245
1236951579713
1818123164925
1143466499209
1839949188741
1477081504717
1790732429489
1861847215795
1851812235715
1794780027562
1141622609494
1027732206178
1288616934891
1796867051207
1077216662551
1342099207310
1179057229667
1901218482741
1285879401283
1902071822112
1011042063476
1168065571758
1041633556142
1715783526859
1027644851682
1266782947261
1831029933116
1738436867703
1103839902770
1231426309672
1796296131754
1909219391845
1796096894713
1231247207949
1038681645531
1776676588630
1918005961892
1760202601602
1736781921810
1659938731604
1745263816860
1675927609584
1582807938328
1929398981740
1916182512038
1266632205847
1411023794317
1280239048135
1909330774784
1813083277208
1221265316369
1760315356327
1788518927223
1158936018546
1177216005728
1880759703748
1774480830544
1815540976838
1821264163524
1780441898557
946379952512
1885208602639
1867924761549
1140094171750
1940979371230
1106140846279
1223730014826
1143229309111
1940536030641
1286246841145
1944979901944
1758961473259
1934756941628
1311070635573
1910015183830
1640391927918
1716002658198
1704030439864
1509943415552
1308526778796
1884242709713
1040379696962
1640699110596
1726847088796
1208339004997
1479947587922
1231337413940
1333397004054
1725370753771
1941491483849
1199029347777
1082746412116
1727653553575
1770157839841
1224032465838
1780226849574
1347126449464
1453523148307
1930194880863
1866434231291
1575766291319
1565889113405
1571448220528
1688984994127
1841363862120
986503199524
1344552195332
1104699387575
1286436784361
1947774697901
1012703161984
1929690670504
1324687968556
1271239545908
1859517675600
1963429455210
1279166353656
1912068088956
1854695872700
1644017848576
1741730556776
1059078951393
1334468839946
1178837092290
997174612372
1020811097233
1491739097093
1394650022435
1053572147040
1945063992191
1874014882445
1155027690227
1936195560476
1268438095081
1248189741412
1211572517924
1144907767282
1709438966828
1938548563633
957651215944
1757057890880
1903025830615
1963753827042
1254540094095
1965298639808
1328037543226
1123218457588
1949783956777
1272056469098
1966528567239
1282549910560
1074761079617
1679418336936
1285492280293
1184126953038
1142941497811
1068582329491
1682337080977
1744471499696
1244567908321
1854725156965
1447814425543
1119076263029
1885633666627
966091416991
1565385079547
1442901360077
1285893175626
1763648246872
1959269796704
1408402938054
1164929484632
1336606435883
1967343549339
1434596537092
1310966875108
1847082098561
1752080580545
1315265584533
1335500332967
1911914239529
1974187385860
1978357248493
1112636869167
1346890467721
1944444498957
1719159354359
1871844775748
1981844865331
1962826355687
1227184877969
1130191163925
1883769852929
1951994964959
1591555571023
1694864689337
1780331746121
1769754633076
1951596773081
1386235587730
1069618779107
1427102254213
1464621312938
1898338186583
1859283418599
1945649977165
1934711298084
1323498817594
1417207262697
1942641487165
1566282793375
1149524737933
1932023184118
1762605609028
1163516303063
1308697275951
1396883621855
1204110822026
1510873940847
1943721521416
1808499554448
1297373401664
1368744235135
1153814075186
1566697930742
1960872718091
1041019721473
1613705055944
1322911182202
1101955652223
1271796862580
1346741559601
1969453200334
1392641803494
1850323421807
1916667612991
1831451783501
1799256977384
1806439829060
1899363685008
1833367116735
1624847314863
1919527784187
1664950792617
1687011217770
998278037238
1519957292499
1149944365334
1048388993088
1764530682648
1851821416168
1918581476588
1306187812814
1368331046216
1090169846076
1590134009012
1919434988538
1770081997540
1112608091838
1579395760118
1369439456590
1886921152882
1203011476105
1990805489794
1891421442596
1915377575362
1983755087564
1606982157460
1300496204106
1970752226508
1577933409311
1259925477357
1243112005914
1898060030912
1168992369145
1462263450325
1289129505931
1873407435959
1966016493661
1557139209840
1220551364889
1112288034585
1444846695772
1817792207143
1585220963015
1985762175250
1741674873935
1599722611453
1253430728795
1317376025747
1744038633817
2010949601796
1988146387646
1513257054540
1920970810067
1901671443053
1783149102407
1993655527209
1946955422922
1207644716487
1388218716822
1882156107368
1698117919414
1971157224123
1116487535710
1790759611894
1881093894244
1250065982589
1671381327020
1977866031524
1929369032799
1329776787379
1877303195524
1779269978795
2019662282364
1551365232516
1730092619293
1053573605290
1922276796934
1577178592746
1813302790211
1610766197454
1261293182715
2020390097754
1855489942590
1104316073461
1162284348442
1260320027516
1194255573007
1945357019414
1163675841872
1969796310374
1837592079388
1442635661562
2003959213526
1868053117718
1957284363516
1234497599370
2007804345035
1856119298558
1365734418344
2012891457388
1859348542075
1154267751729
1377196413857
1445198179705
1461695480938
2020746245871
1028305449347
1355270324156
2010333498856
1478858529814
2004463440057
1929822442693
1968598825137
1887867521574
1695899319171
1978839295792
2028923180568
1632219265682
1854167395724
1098465788942
1303283647897
1912174085337
2007150521677
1518484206571
1996384592946
1817661574924
996775778064
1775543389016
1738152479151
1943854696706
1963143001544
2025606489486
1869032297378
1049030156782
1098647967358
1943869598949
1993915382159
1917630045855
1310619281596
1571116204740
1501131736094
1277161726613
1478633965145
1024571485475
1285176860204
1071148114017
1175160945127
1266037322755
1382891628697
1409852299712
1267108251601
1890548994539
2026392099928
2011070518996
1950233548527
1733280980779
1563589625453
1851904586421
1345583487687
1031709353403
1145242622837
1980290014711
2039977659636
1078148187041
2020113400134
1391909891374
1503545493884
1539237535408
1607057056469
1899445999307
2028435331315
1403277255046
1992038529973
1803225978403
1557706725475
1346144357240
1279841791583
1534193501876
1632922264261
1289788327651
1131060501687
1397241545876
1853270139035
1877993193113
2047493169432
1740640660879
1408940141436
1766293895335
1436387057246
1857073164990
2000799712921
1668446605442
2050889830603
1880556395204
1519785067760
1506713448877
1369649840638
1925619088574
1691200881032
1205743698068
1730947235838
1112626465010
1351881219242
1253082796329
1914585110316
1904905024765
2029434362082
1351382155188
1424812643456
1200373402436
1202991250816
1990233338994
1184132233339
1674817288772
1463025554658
2028290618090
1439317857357
2041879533828
1496310040393
1926240458172
1864619662340
1117171028783
1813300967017
1388973467221
1143715979057
1372275168437
1423416365053
2017692768908
1241907336484
1153055319155
1954494289903
1525956798014
1909572169899
1835349269570
1127282126492
2009005140950
1118566856958
1998388653936
1445177362970
1496795144828
1477643789839
1370775043844
1832994999513
1099921936256
1042908075143
1505904257907
1946540778645
2052611636641
1057805174775
1377291968367
1984487622212
1493335836941
1223415231324
1721302627173
1962980545273
1866037813629
1102769758060
1751108190527
1830538620991
1734927529821
1650935092442
2064566126441
2032885752621
1457109185732
1861798826268
1195647243241
1783686630431
1666807527622
1538859215120
1838891030691
1495141517395
1225149408196
1942258695293
1916203267698
2004163961144
1974042640157
1217294208269
1780544372691
2067661782520
1619055646422
1492185176603
1927960255930
1906243009722
1949100987829
2056909697595
1321939109980
1883919924017
1560960279787
1450035021892
1636194636484
1041326189368
1410740216435
2079972797840
1384570369235
2009694933507
1947399359694
1864376108663
1554314059363
2019266715934
1162746120937
1187075728383
1690993838399
2062380168236
1938965468047
1685812853307
1374546212027
1898838274314
1279662314479
1249280102431
1177798027871
2009883351189
1252611725555
1381673572697
2041949327506
2001946198525
2090197218754
1131526101602
1798911764424
1126185133148
2081266790300
1307077216552
1717336033216
2030559799577
2014792104081
2094577220665
1437191313043
2028518629798
1249407495428
2049097951239
2042672334441
1922470861609
2005424316092
1932679712403
1839983596118
1276914994021
1981725053163
1971669593368
1998718760841
1840660860150
1934743421495
1293530925975
2060851211029
1879739218231
1976492980892
1883915891971
1983376792055
2034182948161
1505274686989
1268036118307
1587847047537
1892457103759
2042725914453
1864384697901
1582596380876
1920809373057
2073236639660
1897352788320
1382031592177
1624044990926
1391505478574
1903040524423
1678927479019
2075953290621
1322683397457
2026014289570
1294314345856
2019351335438
2017530402650
1958489582887
1107242258566
1861591690748
1377131237743
1344675475892
1797085997409
1239964595316
1405290843685
1329457114429
1502474310800
1845513477466
1154632028009
2091007607520
1315894897882
2054501001583
2029970064556
1744807800413
2066519968215
2041675631317
2097003073279
1870197669285
2008487445793
2041715378424
1470924741494
1130326121123
1415609611939
1584560005580
2034711369123
2068943698659
1637408265515
1321686228908
2062471500657
1219841897241
2058698547008
1236514958199
2036971991303
1839818916721
1888974906323
2042651777437
1713139576380
2070823950377
2019138561415
1384595365681
1294557815514
1267525314789
1887296543274
2065461661824
2075499383904
2010076686033
1867457440252
1348332883348
2073138009668
2079285636658
1533976111327
1475825984798
1982940082060
1511005061143
1327251971969
1574625187713
1387586395307
2022210454451
1226771307439
1513853307151
1589356100163
1888205684564
2083054085758
1579771257292
1597321262758
1724101018660
1415916968946
1145944810178
1331915917518
2096757530953
2112720451013
1349963124964
2058847305750
1146079228991
2110261433701
1603134822777
1288394308422
2075085316113
1533280902447
1871736428541
1746164149809
1557193752313
1870543532105
1777897269853
2041486380338
1880290055612
1236986573705
1994751160091
1590954089487
1362543057931
1532828728255
1452874936196
1598752398833
1855095181802
2070758991088
1914909661471
1186120031170
2047552547739
1551690358703
2107739508564
2094366163850
1792700805780
2053791848823
1677348308978
2068768906716
1959353444680
2062848687744
2084277090168
1202534592344
1930715597077
1587892613098
1987450711465
2092524395776
2004846810160
1062487574646
1705113996244
1263640373117
2018578805175
1154796479289
1361192469707
1921018953077
2053750917651
1127836978355
2114407122832
1400489465512
1961972447555
1830944935053
1781046321074
1516150813255
2029282097529
2065537167989
1498525816263
1702384376928
1106754668135
1499151042575
1752056836125
1631331137495
1983372810387
1203362760633
1319033826058
2106642475515
2032606744549
2008837707626
1984024853554
1828640434600
1246240889154
1217131127466
1443944377854
1715722162891
1452046396558
2127203095538
1995669152246
2109081959946
1859137727545
1919862587929
2105462063912
1518666536734
1968295342586
1670717683104
1638205235664
2125658841851
2119905077412
2119573914132
2092798267222
1287100789039
1192991735029
2016825146827
1637405607960
2012710465932
1720585763180
2123580593508
1458607331359
1979396862268
1835418249294
2024702779990
1669956001565
1994667614405
1642146989676
1944519160631
1278334755429
1301470515441
1838755870489
2111402680763
1759032991947
2126153771504
1515247769661
2051023113089
1460636370763
1477259425645
1590437751625
1387921871441
1320098678844
1344151763799
1268293135836
1850291270120
2113122084069
1241143440366
1607167316249
1655286776618
2131563779324
2143753011957
1218150198896
1278744160112
1998096358124
1926670646946
2139927374180
1875716098789
1547659478233
1944955258760
1897174063012
1594501703232
1884695937902
1302107573790
1784858868892
2039080810138
1816932972943
1874148023534
1629066216903
1844990703963
1396839765191
1850458034717
1425339694283
1942001005745
1193162995321
1555488190031
1788793958201
2005897765783
1507901589165
1699368884062
1128700350370
1553364715781
1980506528993
1691703284585
1988361667751
1522051030443
2115950865713
1356868389957
1460211008965
1952013141625
2133258412200
2093985982737
2049371056893
2134435468381
2067022069981
1492321452321
2097623039267
1268737891063
2018302345109
2098944120864
1901297468553
1340316227506
1386398024530
2068286723894
1946259144928
1900734678718
1217488174084
2121751378414
1262185200534
1666028125250
2140135485897
2136220232009
2135062690369
1909407466696
1745107989221
1892022698182
1215817411474
2110569513124
1663057879656
1737189272123
1915194026912
1600723856168
1644799377530
1938072963263
1675202949177
2147773504067
1895999114168
1881456188641
1317966390085
1792467126663
1409248547010
2133986651925
1197721592830
1753675214523
1798678960815
2155688319723
1745113055713
1676645962207
1723798845704
1846185226041
1285854532853
1869284463200
1538135552084
1832401397610
2112088125578
1880013757732
2140674205309
1546345272704
1770704095917
1712273634883
1578580052895
2075207030695
2157283719933
1973094896029
1996503391041
1368091103339
1432887962457
2056660916075
1440246496262
1355599405438
2003845633660
2114581011126
2039610539962
1348884894622
2060525431720
1808631182398
1490652802531
2085672180395
1212076324826
2054711628162
1848030934034
2004388060232
2057530519652
1563259203947
1710092986439
1612591581059
1911582141894
1601656673832
1343658305167
1852071672474
2011982469951
1583210600731
2093491818749
1990768665939
1645525695501
1506314336549
2084466982643
1894115461787
2124748267778
1837966538917
2109745816890
1713538828497
1976338679293
2065187152945
1973150926249
1966374131879
1410042438166
1947326557482
1488930140167
1690132032329
2138292713644
1307527233902
2007655953329
1992491862572
1764108879868
1711322412266
2099294468656
1524757627076
1235251327074
1554447202275
1918275443558
1165097438324
2009075345872
2152179636284
1985789962318
1375488778530
2149372489100
2079887830666
1673115150811
2109023651695
1858230832974
1511315465967
1920930083347
1827922680698
2042960122662
2144639817335
1481583973486
1256916782501
1520993899242
1902063595311
1619912566635
1908729835313
1633750099943
1214305043808
1920578777538
1962862051467
1867541950886
1285972815790
1978128311078
1790620582589
1930456057014
2163428983741
2090345357902
2142356566753
1654048573173
2024784105751
1981196461770
2069313059512
1462797301211
1975813399184
1663059737439
1998542464109
2063192847604
1560540221488
1746530430460
1307692983028
1740845320754
1913445064680
2166069098953
1892901443178
1383799308753
1247929153042
1352871344567
1937562670628
2111897903562
1760593401309
1951581939625
1874168957016
2132454226905
1269975866144
2166222517581
2060504132770
2024967662635
1461487898837
1746673583078
1622715861863
1342552061807
1309879000092
1427482095901
2040456394003
2186571912365
2120839994626
2159974337297
2162936687470
1453858386585
1684594149139
1802227484735
1240867951563
2162705388679
1428977350949
1924907487919
1841664937318
1835028982281
2185341410179
1756171982087
1580804729905
2097626387379
2117292587376
2090793781880
1208513070201
1201077835072
1758629637305
1381480573039
1524119994583
2095132350784
2110406400609
2130318743869
1637965037099
1917339011493
2159845858647
1599670653691
1683564013885
2189282758785
2043562178019
1963184670715
1985483884184
1548657454686
2123063387150
1760044375196
1459613436688
1738815136323
2121800052299
1953369639841
1895311263762
1689778870909
2006196922359
2175749734497
1875161649242
1565376200381
1260552139851
1757711331956
2100272061979
1971237091680
1942533894696
1854784276745
1734753714942
1808904623978
2122578203477
1604056296978
1877532379327
2186765176882
1481293460128
1833333131901
2119232448577
2177327771129
1876835600769
1832749628559
1211543262625
1591139912403
1882033705452
2143205902450
2063777130899
1729201080008
1878033367861
1976148440603
1989978296073
1661653270521
1600543695366
2174487846309
2063369485384
1698108184476
1685682335662
2114908144702
1593871572747
2200137548489
2100637642642
1809090420930
1651427460610
1952279628489
1670626231203
1458989296640
1688165801433
1459186212042
2160761253144
1597935885746
1199194012350
2148926437346
2101659795278
2180941870088
2093239543346
2179527260267
2096635234976
2122972229034
1804011191232
1982384609228
1779881880660
1759052459357
1728109542818
1842421621020
2160916076852
2151148013004
2166310479329
1617313234743
1409428278810
1421023158823
1866985565542
2201257487250
1792751380615
2157390152809
1986405066365
2126203140202
2195026264528
2191160559803
1341797726378
2008533090836
1777403578580
2031021384770
1907170566652
2202281035768
2200448065030
1438886292970
1627452853756
2174583055837
1478040476534
1855985520796
2042086699930
1382740109272
1966524972798
1981274527010
1418718243585
2126239797872
1807859024241
2028294465838
1950342108096
2020389951927
1728928976900
2165906309880
1777523095694
2197127150838
1755110240230
1644510642883
2109934125328
2166029777258
2177528810148
2107224954049
1825050452070
2196954409558
1692090341164
1920430998690
1304491154034
2117139797246
1228003330216
1857908347892
1990846132779
1281351664249
1730375357233
1965680455417
2006493049936
1632513813408
2167508050402
1438688396528
1822764075592
1544057340128
2029297226298
1651010396470
1861294623200
1356918159954
2158887561735
1902773274698
1986000043695
1551039976784
2181980815901
1992948843475
1817723319210
2034380921760
2194679823370
1986123849926
2128888408977
1988461406119
1940170059705
1457863199957
1654518525889
1883052828665
2099481961187
1803034420707
1210417294476
2158642447068
2149203001526
2004133797908
1219006300487
2190870429995
1863450212516
2025616264479
2031359565212
1787833906648
1837896698077
2146978146572
1622857873945
1417034510321
1525680634171
1827440022589
2089341419488
1669822338449
2116102886362
1984519271422
1960693978043
1541962726208
2224551178946
2078088940036
2158174997400
2109595987931
1536710516217
1497005584803
2135825998211
1900695048343
1717058704311
1814566358989
2028800416651
1555784166473
1938352219854
1995849325621
1599834160540
1973211814261
1965993057201
1756706694601
2174409644105
1934243183943
1424435506443
1745969029865
2020768649948
1822034823917
1951638917170
1304583990745
2126107553363
1943787961263
1462001628655
1312208252104
1789570167031
1517744059967
2070384958070
1966031745345
1668898967758
2163597001181
2159922081991
1782255307100
1597301438378
1888066706795
2123308672644
2211673010095
1729717812363
1463968748608
1692765221257
2225625382907
1784969092947
1930404640001
2086429247682
2221968950526
2213052326858
1988218246559
2169127122985
1808705435097
1485863811401
1637415223661
