20971519
48977480
806345383
396809280
95470744
382205952
833322162
288609326
393444710
960092080
437048343
266622037
416661081
286471552
609901728
326442576
511508170
733529386
851209359
286471552
118952974
581100881
560070051
80447278
349513726
503477780
216
164205930
8711207
467743492
23776576
799575032
695144236
829885550
416661081
224725058
865407960
217982626
126537303
805306038
48466318
853383639
642566298
288609326
7
342072223
73691021
321565242
978645742
296747006
810486748
472510490
416661081
346967368
1
221559103
211199256
192018416
46371779
807482988
440665670
66888369
249403310
442368
985112971
878294647
416661081
439685095
286471552
927097675
564922274
486281158
