9
16
3360
161280
4608
2
414720
976654304
518400
676315129
4
4656960
18144000
985377138
625
3
325885603
75600
645120
673211965
11
100422410
96
21772800
2257920
18
20
32400
4
544320
20
325885603
126000
12960
917762047
3
20
19958400
349485186
125
1
4
25
256671741
96
17
18
479001600
622080
32
48
24024
17280
551720815
576
17
401576539
3870720
3240
25
30
196
16
3
108
3
10
6
783820800
3920
22
80
322560
877520894
266112
30
16
985377138
311040
26611200
30
401576539
544320
96
434868211
11
3
31500
6480
155520
14
234092541
391910400
112
149299200
2
576
8
933908278
155520
15
36
391910400
24
4
6
15
51840
401576539
8
42
174742593
12
401576539
8164800
1
576
96
1632960
401576539
6
75
32400
181440
39916800
19
23224320
108
80640
783820800
3
6
36288000
6480
9
16
30030
1351350
384
4898880
70
24
207360
1
877520894
20
64913362
8
837279741
80640
20
8
1935360
3
18144000
252
6
544320
4898880
32659200
6
14
25200
12
1152
3
16934400
240
32
1036800
16
1440
36288000
645120
349485186
26
14515200
36288000
25920
96
19
349485186
781263551
349485186
2160
19
12
391910400
129600
627458047
30
5
10501920
37255680
4608
2
36
125
933908278
90720000
16
616247294
69120
21600
63000
6
401576539
877520894
432
5
78
20
34560
438760447
9
20
653184000
742547284
896
37800
44
174742593
8
391910400
586493473
1
7
65318400
1632960
16
88
100
472024447
90720
18144000
6
522547200
438760447
1601600
57600
1
81
192
401576539
311014509
42
50
207360
4
270950400
34
28
5
11340
917762047
18
8
540
24883200
180
30
48
207360
14400
112
30
973700430
3
933908278
216
18
138240
8
57600
8960
5
147
32
174742593
174742593
6
9
64
933908278
675675
8
4
80640
119750400
783820800
33
1
742547284
63063000
2102100
77
515350517
34560
1632960
8
3
401576539
781263551
425130494
80640
11
915894177
959642708
4320
438760447
6
10
1555200
645120
90720000
12
401576539
216
5443200
163296000
5
27
16
985377138
48
17
36
40320
12960
933908278
78
12
9
933908278
6652800
90
401576539
1
627458047
2268
2
401576539
183783600
103680
53760
44
24024
3
11088
1120
72
761236066
7257600
6480
673211965
33
25
129600
438760447
6435
3
9
877520894
1
125
44
147
16
47520
128
42
486850215
877520894
1088640
3
9
36
25
645120
203212800
28
651771206
2772
676315129
756797435
45
140836571
959642708
933908278
401576539
34
158400
7257600
322560
256671741
70
8
5
2882880
8
24
60
36288000
1555200
812851200
6
49
438760447
16
256671741
1
4
36
518400
49766400
1
302400
2304
893645647
40
30
973700430
125
518400
5250
6
311014509
20160
331776
4320
60
201600
438760447
877520894
21772800
33
3
2304
673211965
97977600
12
40
32
322560
5250
1
25
64
40360320
756797435
22
80640
4608
518400
438760447
7
100422410
781263551
414720
25
12
36
2880
165718447
676315129
30
7
438760447
38880
261273600
9
116121600
595832823
401576539
5
19
781263551
12
34020
27837044
6
24
378000
588048351
24
2
100422410
103680
261273600
1632960
30
40320
959642708
479001600
16
33
379143191
272160
401576539
32
88
564282749
48620
1290240
1260
5
100422410
781263551
86400
877520894
2
36
108
18144000
6220800
14
22054032
13305600
1036800
1440
2
45
12
5
11340
30
32
332640
985377138
8467200
12
973700430
438760447
783820800
1036800
154
174742593
781263551
34560
756797435
1
937000940
391910400
1
60
10
513343482
126000
362880
2880
17
9
32659200
933908278
349485186
20
36
97200
2721600
36
51
5443200
65318400
1890000
9
77
4
25920
438760447
311014509
12
551720815
19440
256671741
7920
14
24
318036988
1555200
25920
60
761236066
438760447
756756000
27
8
16
6048000
645120
877520894
6
20
378000
5544
1555200
19
278494263
96
1632960
2880
14
36
197313529
1632960
756797435
65
349485186
1935360
4898880
11440
10
46448640
8
933908278
917762047
280
12
9
2304
174742593
30
25
3628800
9
645120
20
401576539
3870720
12960
676315129
4
10
720
3168
720
12
64
25
673211965
50400
20
1
2270268
783820800
756
24
50
2160
917762047
1440
20
631183662
5
2160
1290240
6
81
51840
7560
25920
14
401576539
8
2217600
25
6
395214847
959642708
21772800
2880
20
36
42000
784064468
1036800
19
32456681
6
3168
12
2
100
3870720
18662400
331776
4
100422410
781263551
1
129600
7
2419200
192
96
120960
6
9
1344
48
10584000
12
20
3870720
174742593
6825
60
973700430
958003200
1260
86400
11
167960
54
6435
331776
6
7
25
172800
25025
70
100
391910400
3
933908278
8
59875200
438760447
756797435
18
18
389480172
479001600
161280
27648
78
48
4989600
9
3240
51
781263551
48
360
513343482
30
486850215
3628800
259200
391910400
12
348364800
742547284
34560
2160
78
16
288
261273600
5
8
2880
32659200
322560
4898880
2
85327833
483840
1036800
933908278
2
518400
976654304
917762047
12960
2
32
64800
711409396
4320
2
24
64
479001600
349485186
51
203212800
2880
161280
80640
19
325885603
181440
6220800
77520
6
144
2332800
1632960
586493473
1
18378360
877520894
5765760
3240
3
20
1935360
588048351
3326400
72
967680
36288000
16
32659200
20
348364800
1584
27
5644800
84
1382400
16200
544320
1555200
15
100422410
391910400
5
25
84
133024320
34560
12612600
645120
42
8
483840
576
6480
45
8
25
4
6912
6
50
9979200
69854400
2304
18
225
5
877520894
322560
13
837279741
27
27
401576539
16
10
645120
270950400
6220800
19
16
2332800
90720000
783820800
6
779501698
103680
13305600
880
2
7
877520894
860867215
362880
5
183783600
24
777600
4
6
957069265
103680
31680
256
12
957069265
877520894
96
3110400
12
958003200
362880
1152
261273600
26
81
985377138
837279741
1036800
99
12
181440
322560
586493473
6
761236066
781263551
1290240
96
10
110880
36288000
63000
180
5
9
32
80640
144
105
49
42000
8640
4320
18
64
16329600
576
1632960
10
144144
560
933908278
18
60
221760
8
221760
4200
132
389480172
2880
4898880
1080
30
199584000
6480
2304
985377138
34
7741440
125
10080
900064234
8
48
976654304
2160
192
4
403200
3326400
40320
258327528
30
45
83160
37324800
113513400
39
564282749
69120
673211965
720
15
401576539
959642708
544320
933908278
252
16
788453924
105000
25920
10
3
32659200
513343482
917762047
39
172173443
1152
985377138
673211965
28
3
388800
1663200
80640
15
869736422
207360
586493473
479001600
12
348364800
544320
55296
513343482
51
100422410
959642708
1792
81
180
958003200
768
259200
90720000
9
36
438760447
406425600
2880
9
653184000
391910400
4320
180633600
9
31933440
742547284
322560
1125
10
27
959642708
1632960
438760447
84
12
6
837279741
933908278
20
25
18
2160
837279741
42
241920
25920
16
27
13
2018016
3628800
425130494
27648
1
957069265
36288000
4608
586493473
12
564282749
3
6
391910400
3
401576539
959642708
933908278
933908278
1
298598400
32
673211965
4320
30
36
781263551
4320
1
3
36
877520894
933908278
349485186
78
46850047
90090
3780
1036800
42
72576000
125
128
18144000
7
97240
16
513343482
4608
8
81
391910400
26880
16329600
60
4
36
311014509
777600
16
12441600
8
181440
10886400
77
100422410
103680
401576539
933908278
51
311014509
34560
6
8
11
12
108
4
673211965
10
761236066
781263551
80640
256671741
70
915894177
6126120
166320
311014509
1
62355150
3
90720000
8164800
3
288288
2
256671741
513343482
16
64
4320
4
2268
22
36
32
622080
6
42
200
4898880
900900
36
17
119750400
5760
756797435
756797435
18
10
17280
4515840
324
16
401576539
181440
4
673211965
42
6
5
349485186
2580480
15
4
877520894
933908278
322560
90
24948000
959642708
20180160
1036800
20
331032489
8
622080
160376823
84
515350517
371273642
2
1260
2
3888000
16
768
1152
63
36
2160
1440
80
40
16
69120
21600
3843840
2
917762047
12
32
756797435
2
81
1555200
51480
311014509
18
12
194400
195955200
1632960
18
311014509
322560
11340
275478964
4
76032
746884094
224
758286382
15
9
11027016
907200
900900
60
12
438760447
630630
4608
78
27456
80640
1290240
579310588
10
401576539
2520
917762047
933908278
16
24
4608
789046941
1632960
20
8
77760
322560
401576539
13
8
86400
4898880
2304
6
100
96
259200
17280
2
10
224
958003200
96
20
64
1152
311014509
586493473
16
80
1555200
256
360
19
401576539
384
18144000
756797435
88
7
976654304
18144000
933908278
16
781263551
7257600
645120
256671741
19
174742593
12600
192
2160
19
441
318036988
783820800
331776
19
75
12
3
4480
26
129163764
990
756756000
25
2
144144
83160
43545600
192
10
147
318036988
933908278
136080
1
10
781263551
831600
425130494
20
81
77760
18144000
8
18
144
4898880
16
349485186
4
564282749
161280
349485186
4898880
16
16
391910400
414720
125
15
967680
720
32
720
2
98
384
25
2
15
21772800
391910400
812851200
6480
65
62208000
7257600
600
69120
5
7257600
5760
32
16
3
389480172
184436533
3110400
17920
1
28
4
174742593
90720000
19
401576539
877520894
349485186
4320
4
8
36288000
916986256
322560
12
16
768
997120447
917762047
5
196
27
9
96
17
16
360
1128960
1290240
19
322560
742547284
184756
322560
3
36
777600
32
2304
7
129024
322560
64
6652800
12
40360320
322560
401576539
119750400
3
12252240
3326400
401576539
9
2
50
37837800
877520894
8
42
72
580263879
391910400
877520894
10
761236066
438760447
349485186
676315129
42
7
1935360
741304234
384
15
427671528
16
877520894
673211965
17
435456000
9
3628800
3
24
1440
4
17280
1555200
6
84084000
16
391910400
161280
4
187400188
959642708
4320
408240
6
72
4
637695741
479001600
15
234250235
322560
216
311014509
7
2
25
9
645120
8
401576539
322560
256671741
18144000
60
394627058
1
174742593
378
19
311014509
877520894
1555200
756797435
19
2
5405400
18144000
12960
24
435456000
181440
161280
108
30
104832
72
82944
933908278
10
311014509
570240
4989600
622080
12
947536561
124740
1290240
125
2
50
742547284
256671741
90720000
4
20
598752000
8648640
673211965
1
4
318036988
384
64
30
586493473
96
4898880
20180160
30
72
959642708
588048351
28
22
915894177
32
40320
103680
19
159667200
80640
756000
349485186
20
36
720
756797435
280
20
20
821337882
4608
21772800
34
761236066
64
49766400
586493473
24
196
2160
8640
645120
18
70934467
25920
684448235
8640
30
232243200
781263551
311040
34560
12
144
36288000
2
21772800
12
638410203
207360
933908278
25
17
586493473
103680
18662400
401576539
4
21
96
622080
11440
4
1
781263551
513343482
3628800
6
181621440
985377138
2304
4608
30
1440
438760447
645120
4608
15
16
64
192
869736422
60
98
1584
3
90720000
5
16
6531840
2880
195955200
6
349485186
742547284
1
270950400
42
147
976654304
2449440
2304
16
10
27648
12960
311014509
18
174742593
877520894
349485186
518400
30
1
318036988
8008
401576539
3
36
18144000
438760447
349485186
20
564282749
781263551
401576539
239500800
11
4838400
438760447
1890
645120
3
36
47520
6480
20160
45
288
322560
917762047
27648
14
140836571
576
2304
80640
9
9
438760447
933908278
1632960
28
580608000
2160
311014509
2160
30
915894177
789254116
192
448
28
140836571
391910400
401576539
90
6
81
318036988
165888
1440
39
420
18144000
627458047
756797435
12
761236066
5040
5644800
777600
40
9
1152
6
25920
20
8294400
32
27
12
20
144
1440
1290240
676315129
60
9
36288000
12960
96
66
45760
12
544320
311040
2
32
781263551
401576539
360
1
957069265
19051200
125
311040
6
81
103680
645120
576
12
34560
97977600
81
384
4
64
80640
4320
349485186
17
696729600
18144000
16329600
192
3
98
9189180
544320
6480
3
16
1555200
80640
5
60
174742593
32659200
479001600
12960
14
973700430
27
3326400
384
1
196
16
586493473
11088
10
29030400
720
756797435
261273600
77
49
958003200
1088640
756797435
14
6
32400
11289600
518400
20
7
576
161280
1632960
7
54190080
10
933908278
1
12
90
438760447
174742593
2160
34
49
322560
6480
349485186
1
100
1555200
16
401576539
14
12
438760447
2160
673211965
51
11880
33264
16
4
30
20
32
125
994310682
3
7257600
96
280
53458941
60
16
32
112
130636800
2
564282749
742547284
391910400
192
8
48
17280
3150
1036800
3
869736422
959642708
155520
32
6
720
288
560
322560
1
32
960
645120
15015
9
349485186
130636800
2102100
1
10
626743482
36288000
4608
777600
4
64
1728
56
4
30
20
976654304
13440
21772800
1
12
120
756797435
72
10
7983360
742547284
18
18144000
6
464157105
83160
401576539
207360
18
98
391910400
12
479001600
34
9
578663495
665280
349485186
6
395214847
31500
54
37324800
6
308756448
394226962
1632960
1920
15
348179577
4989600
756000
783820800
2
16
80640
756797435
149299200
105
8
731200729
8
675675
28
92897280
959642708
4608
586493473
26
100
438760447
322560
933908278
30
1
2880
622080
113400
19
48
544320
837279741
401576539
10
9
36
2304
51840
8
50
8
79833600
401576539
3
486850215
958003200
438760447
311014509
2
53458941
985377138
128
2520
2
9676800
8640
12960
1
10
915894177
781263551
4608
673211965
18
119426047
181440
9313920
756797435
14
8
90
2304
1632960
30
2
181440
311014509
103680
1
2
27648
9
21000
30
98
1935360
645120
1
8
5
742547284
24216192
4898880
42
761236066
742547284
311040
893645647
30
36288000
877520894
103680
1680
1
781263551
394627058
1290240
311014509
15
1140480
12
877520894
38880
1
401576539
976654304
21527294
77760
2
50
72
756797435
1555200
2
16
877520894
448
103680
4
267294705
9
151351200
2304
10
49
6435
45360
130636800
1
441
12
985377138
9
210
973700430
391910400
401576539
917762047
4
2
2160
756797435
349485186
34
1440
15015
80640
280
180
1
781263551
586493473
579310588
16
50
80640
2160
332640
40
450
877520894
985377138
1555200
34
349485186
4320
137739482
3783780
44
21
958003200
384
6
16
27
13440
756797435
837279741
3
64
958003200
783820800
625
66
2304
36288000
349485186
2
19
116121600
1
3456
180
90
4320
125
37324800
27648
16
75
5040
212803401
32175
6
2
1935360
544320
18144000
90
36
645120
645120
34560
84
36
781263551
588048351
401576539
2
5
479001600
165888
5
4
167960
2
720
207360
14
161280
27
18
438760447
5
16
976654304
311040
64581882
20
564282749
125
4320
33868800
19
27
2880
12960
4608
17
48
742547284
360360
1555200
14
36
2
2
128
12
554294258
391910400
1152
877520894
16
64
959642708
136080
958003200
17
928314210
1152
479001600
90720000
2
36
1
5005
80640
28
16
45360
192
96
52
564282749
3870720
720
311014509
2
108864000
108
79833600
174742593
2
144
36288000
17920
270950400
16
225
777600
192
518400
8
348179577
959642708
2880
756797435
6
32
9
18144000
27
2
100422410
16
33264
161280
8
401576539
1935360
360
32
28
144
388800
414720
409163639
8
21
1728
112
837279741
10
1
216
18144000
4608
30
196
19958400
17472
349485186
2
2073600
896
4608
149299200
126
28
27
756797435
256671741
2
27
322560
518400
5
10
586493473
877520894
51840
4
17
4
777600
516655056
319334400
84
586493473
877520894
90720000
6652800
8
196
877520894
144
676315129
1
16
103680
6480
15750
20
564282749
324296819
13305600
432
2
349485186
199259647
762048000
4
12
18
4608
57600
586493473
5
283783500
8640
322560
174742593
18
8
16
4860
56
60
32
178200
120
673211965
1
1152
9
45360
438760447
3
300
544320
63000
4
33
761236066
27
1290240
165888
42
12
18144000
2580480
99768240
16
30
36288000
12960
203212800
35
16
224
645120
1632960
3
360360
959642708
1647360
2688
18
36
438760447
12960
90
14
36
7257600
554400
4898880
2
18
645120
64800
3153150
70
401576539
2160
4320
135475200
17
9
985377138
645120
864
18
1935360
5
96
40320
17
72
781263551
777600
756797435
35
9
108
40320
165888
21
40320
959642708
401576539
1134
70
30
277200
4515840
6720
15
80
3
676315129
401576539
42
5
9009
13608
81
5
564282749
3628800
2160
110592
4
631183662
2
174742593
288
2
311014509
96
174742593
518400
13
48620
1935360
40320
645120
34
100
9
181440
4
5
696729600
742547284
676315129
311014509
10
20
3
826436892
25
6
49
877520894
4320
645120
6
36
2520
4320
3168
2
27
11520
777600
401576539
1
331032489
10
110880
331776
28
20
32
4608
391910400
3
795413185
11520
4898880
32659200
24
837279741
3456
8640
4320
8
4
976654304
1555200
391910400
60
64
318036988
917762047
349485186
36
662064978
4
837279741
5005
18
8
959642708
4898880
2304
22
16
479001600
4320
1290240
6
762048000
75600
933908278
1440
4
64
80640
1
1330560
120
9
5
8
676315129
7
27
43200
480
128
1
569540462
4320
4
401576539
5
7257600
959642708
9
933908278
3
5806080
479001600
1555200
349485186
8
203212800
27720
90720000
837279741
15
50
17280
126000
5
35
87516
3628800
768
17280
15
21527294
1152
25
479001600
1
212565247
438760447
673211965
917762047
2
20
1680
676315129
544320
33
63
224
349485186
90720
2
631183662
103680
424574439
645120
5
24
16
1
826436892
30
14702688
958003200
362880
604800
48
36
29937600
933908278
161280
110
36
8640
110880
1632960
12
14
224
783820800
645120
12
64
36288000
1290240
1632960
12
12
1344
414720
165888
11
27
36288000
1555200
2580480
28
8
2721600
349485186
63000
34
298942923
781263551
2
382950350
18
400
22861440
15840
756797435
40
36
720
4898880
2721600
8
18
125
756797435
917762047
55
18
19051200
2376
19958400
18
829440
151200
1152
438760447
2
16
40320
25920
1088640
3
36
17280
27648
167960
14
18
6912
207360
13547520
5
36
958003200
933908278
64
11
2
36288000
4898880
25920
10
586493473
384
1344
1632960
17
32
504000
896
2252250
42
50
22861440
103680
917762047
9
597130235
18144000
645120
25
36
1440
322560
256671741
174742593
51
213835764
958003200
12960
2520000
20
232243200
3870720
1980
479001600
36
20
6
45
401576539
9
915894177
6
14400
3326400
1
4
600
40320
13305600
22
915894177
36288000
25
174742593
19
761236066
36
586493473
495
52
64
2304
645120
3240
66
400
32
6912
756797435
120
100422410
199259647
349485186
4
30
234250235
40320
349485186
27837044
15
15482880
322560
588048351
4320
42
200
5760
12960
21600
18
2162160
5
1134000
1632960
18
662064978
25
622080
985377138
2
39916800
6480
401576539
368856993
2
27
3024000
5443200
311014509
20
9
742547284
349485186
453600
12
5
36288000
4320
917762047
10
401576539
8
933908278
13824
60
401576539
388800
1632960
384
34
479001600
192
135
90720000
2
50
6
322560
391910400
8
468500470
36288000
6773760
149299200
30
564282749
125
756797435
576
4
564282749
2304
756
812851200
5
64
192
80640
13305600
12
64913362
161280
553706047
155520
11
871855407
665280
400400
588048351
2
541786093
8
90
479001600
70
196
322560
69120
192
26
9
129600
1440
720
19
1
25
224
2304
18
50211205
24
564480
497155341
42
20
9
256
622080
18
9
64
110592
2304
1
28
544320
2160
985377138
42
266112
128
311014509
4320
12
100422410
967680
199584
32
4
24
322560
933908278
8640
10
32
438760447
108
256671741
52
16
967680
137739482
401576539
16
957069265
12
90720000
21600
19
96096
9
64
756756000
15
14515200
224
1601600
4320
12
1
3870720
12
349485186
20
290304
3780
256
38880
210
8072064
100800
1632960
2304
6
80
8
1152
18480
15
141120
15015
1485
311014509
20
978575998
36288000
272160
985377138
8
915894177
391910400
479001600
18918900
15
6
1935360
8736
160376823
6
8
80640
3628800
8
28
147
29937600
756797435
1440
70
12
216
349485186
756797435
90
64
5443200
908107200
2880
6
973700430
1260
2240
818327278
13
14515200
438760447
103680
4320
39
4
479001600
801884115
362880
6
9
4320
70
645120
18
32
959642708
275478964
192
17
4
792
86400
192
10
401576539
80640
985377138
174742593
17
564282749
27648
1290240
16
78
203212800
5544
4898880
3628800
19
100
3870720
311014509
174742593
6
917762047
479001600
917762047
645120
2
64
1728
322560
1440
2
302702400
2
331776
756797435
8
441
391910400
192
1036800
5
100
36288000
676315129
13305600
1
414720
544320
438760447
756797435
17
20
161280
4
985377138
2
696729600
991047670
837279741
933908278
19
348179577
479001600
756797435
448
16
49
1
70934467
8
15
32
3
64800
401576539
8
4
877520894
6
322560
10
93700094
72
384
864
5
12
161280
8640
5670
6
18
985377138
673211965
401576539
6
616247294
438760447
5544
4320
132
25
180
25920
349485186
8
212565247
1
45158400
80640
4
2
36288000
25920
1440
24
25
877520894
401576539
3600
16
15
21600
16329600
2580480
14
80640
112
25
1330560
2
569540462
72
933908278
322560
4
63648
36288000
4608
1632960
6
16
384
192
2160
6
110592
1440
1080
1663200
4
20
130636800
1330560
756797435
20
915894177
985377138
756797435
311014509
4
100
161280
1290240
645120
2
2882880
781263551
12960
1128960
2
401576539
4
167960
16
45
9
6720
12960
12960
16
311014509
3402
35840
756797435
8
36
958003200
4898880
18662400
13
6
479001600
174742593
1555200
36
15
36
43200
544320
2
781263551
877520894
129600
13305600
6
1
103680
322560
259200
11
24
97977600
1
1555200
4
337387625
976654304
189189000
2580480
18
3
576
4898880
645120
5
400
125
917762047
3628800
105
200
10886400
4898880
55440
18
63
136080
331776
3153150
72
58060800
958003200
12960
933908278
20
915894177
907200
16
627458047
84
349485186
391910400
64
792
30
28828800
877520894
917762047
166320
6
24883200
5
12
192
6
64
25
256671741
645120
30
569540462
2772
376320
270950400
14
28
959642708
80640
86109176
12
24
479001600
12960
90720
48
20
959642708
917762047
21772800
8
915894177
18
3628800
240
2
4
34560
95040
144
18
10
16
311014509
933908278
20
32
36288000
12960
4989600
2
63
781263551
2304
38880
10
20
15
480
382950350
12
569540462
103680
6220800
406425600
12
16
3628800
673211965
3360
5
12
896
2304
933908278
14
34560
8640
128
188160
6
37800
21772800
349485186
288
1
25
480
401576539
149299200
42
100
3326400
51840
8640
14
8
34020
1290240
7392
14
4
36
676315129
513343482
2
401576539
360
72
135475200
7
100
19440
4
40
21
196
4
128
5
4
2
14968800
625
917762047
52
9
36288000
877520894
1440
1
71278588
720
25920
917762047
18
564282749
25
6220800
958003200
42
24
8640
6
391910400
30
32
8
4320
403603200
52
325885603
781263551
12672
1632960
70
90
207360
259200
192
6
32456681
479001600
933908278
322560
36
937000940
877520894
783820800
558835200
78
781263551
877520894
3528000
4320
1
48
322560
19958400
777600
20
100422410
877520894
4320
362880
2
16
36
645120
768
4
110592
83160
8294400
5
1
99768240
997920
401576539
513343482
9
256671741
3870720
2970
349485186
3
64913362
781263551
4536
64
4
96
112
39916800
8164800
1
7
958003200
2160
12
15
16
781263551
349485186
24883200
60
100
438760447
384
1152
45
32456681
792
645120
586493473
18
25
6652800
16
5
2
564282749
3003
933908278
21772800
84
28
395054678
479001600
331776
3
196
5760
933908278
6480
30
344346886
438760447
4898880
3110400
2
401576539
7257600
18144000
5
6
756797435
1080
261273600
25
5
81
391910400
1632960
917762047
12
18
19958400
645120
479001600
4
349485186
26880
783820800
917762047
3
28
60
518400
8
28
5760
8
432
627458047
2
400
720
4480
201801600
10
234250235
195955200
4608
140
19
40320
27
864
783820800
60
395214847
958003200
155520
3360
3
973700430
16
438760447
77520
34
14
877520894
756797435
756797435
12
24
438760447
676315129
24
2
10
36288000
256671741
518400
5
60540480
257297040
645120
933908278
65
4
322560
256671741
20160
18
36
161280
128
837279741
30
311014509
144
149299200
7392
12
64
272160
401576539
18144000
34
401576539
7560
4515840
32
1
4
125
331776
880
126
29030400
4320
676315129
256671741
66
8568
17280
917762047
96
72
398519294
12
349485186
2721600
3
6126120
96
174742593
518400
14
63
36
193745646
9
14
16
36
4515840
933908278
18
311014509
34560
985377138
3
3
395214847
781263551
80640
1632960
18
4
48620
917762047
544320
6
8
322560
16
4320
6
907200
877520894
5
378
26
14
32659200
645120
6
1
564282749
967680
25920
30270240
130
294053760
438760447
6480
479001600
10
96096
27720
4
29937600
28
371273642
36
917762047
627458047
12
9072000
438760447
2304
72
39
401576539
2880
27
40320
16
676315129
2160
9609600
401576539
19
174742593
781263551
103680
837279741
8
20
781263551
4320
401576539
3
20
322560
174742593
16
210
6
4608
349485186
259200
2
973700430
192
384
4
20
81
27
1555200
438760447
1
37324800
958003200
479001600
125
12
54432000
8
479001600
21772800
2
4
93312000
103680
4320
1
564282749
1152
160376823
72
12
6720
3870720
12960
66528
6
192
36288000
4
6804
3
349485186
322560
50450400
311014509
2
7
3870720
5443200
2160
20
6
17153136
1290240
44352
6
28
877520894
625
24
1
24
125
384
958003200
8
20
18
837279741
384
63
450
25
544320
1360800
4
29030400
161280
203212800
11340000
30
100422410
976654304
96
25920
16
26611200
448
51480
756797435
4
564282749
781263551
756797435
174742593
2
5
907200
27648
985377138
42
4
2304
541900800
479001600
1
917762047
479001600
83160
67737600
90
129600
96
311014509
1036800
42
389480172
25920
32
960960
84
100
7425
1632960
192
165
72
80640
180
349485186
12
311014509
1935360
174742593
4320
21
349485186
2332800
673211965
438760447
26
564282749
51480
207360
13440
2
49
24
818327278
9
14
5
69120
256
38880
3
14
10886400
240
401576539
10
486850215
959642708
1
207360
12
480480
2880
180
493221670
16
163296000
2
53222400
136080
16
9
959642708
6272
207360
28
1
4
497155341
2304
1
24
3024000
125
181440
99
174742593
12960
783820800
9
70
140836571
4608
958003200
18144000
70
4147200
645120
933908278
181440
40
48432384
19305
4320
4898880
15
16
3
3628800
985377138
20
100422410
777600
4515840
985377138
28
225
959642708
401576539
207360
6
60
1260
49896
149299200
63
174742593
5
13440
544320
20
25
25
9
349485186
18
25
877520894
43200
4898880
12
100
3628800
6
2
9
761236066
19440
108
16
19
100
36
401576539
32175
7
564282749
8164800
349485186
322560
52
1
16
12672
311040
3
518400
3628800
454847992
25920
6
12
27
3780
10886400
6
16
43200
19958400
985377138
110
5040
985377138
256671741
45360
70
49
249480
80640
53760
16
49
438760447
4608
1290240
56
468500470
1935360
837279741
544320
12
349485186
1440
25
90720000
30
480480
3870720
74649600
32659200
6
814514114
54
311040
239500800
2
24
798336000
401576539
1632960
6
4
207360
48
7920
42
973700430
877520894
192
161280
3
1
322560
36
4320
13
348364800
65318400
63000
401576539
2
174742593
976654304
812851200
958003200
18
9
1935360
540
64
2
435456000
7257600
8640
4480
16
140836571
645120
756797435
1555200
12
4
6300
917762047
174742593
1
513343482
8640
945945000
25920
20
395214847
228614400
349485186
32
10
515350517
438760447
401576539
1848
7
50
544320
32
236486250
19
100
6
8640
1290240
19
2
768
180
401576539
42
19906560
360
676315129
166320
42
977656809
4480
311014509
1980
66
6
288
73920
322560
12
564282749
1555200
914457600
513343482
26
90
8640
225
130636800
3
651771206
93312000
933908278
90
4
338688000
985377138
2
2160
4
395214847
742547284
6435
3628800
65
1036800
96
917762047
5322240
18
36
1
18144000
90720000
2
28
1260
18144000
673211965
15
349485186
207360
777600
544320
15
14
161280
513343482
627458047
12
18
17280
401576539
90720000
9
1440
25
331776
434868211
88
1247400
877520894
756797435
328459046
11
160376823
976654304
140
3628800
3
8
877520894
914457600
917762047
18
3150
96
495
3628800
10
212565247
34560
2880
38880
5
4147200
391910400
349485186
645120
35
3870720
24
9504
391910400
18
5
8
311014509
1290240
1
93700094
189000
837279741
90
3
51840
3628800
15015
60
2
4
985377138
645120
4608
65
829440
1
349485186
349485186
60
4
125
4898880
917762047
1
1140480
18480
63000
2
2
616168447
8
837279741
12960
44
167960
25
90720000
174742593
9
564282749
391910400
401576539
1632960
3
81
1365
2160
120
14
3
665280
25920
2304
21
167960
5544
2304
783820800
2
564282749
777600
933908278
32
252
812851200
2160
6220800
2257920
9
7
17280
933908278
349485186
15
2
877520894
19219200
985377138
4
1
2304
645120
438760447
6
688693772
125
1632960
32
16
16
318036988
9
18144000
8
691200
21772800
10886400
64
17
160376823
1152
90720000
1036800
16
373248000
453600
288
933908278
60
564282749
25
25920
420420
42
850497529
4455
184756
756
51
174742593
600
108
18144000
19
9
2880
90720000
5644800
12
16
1935360
676315129
945945000
21
8
27
90720000
401576539
30
80
3
627458047
12672
84
16
322560
2304
27713400
6
24
1512000
4608
1088640
17
4
166320
1632960
174742593
18
564282749
1555200
64800
479001600
1
18
7257600
4898880
917762047
22
9
181440
252252000
2304
5
651771206
94500
1555200
8640
17
64
322560
917762047
1632960
6
691200
125
4898880
917762047
11
401576539
166320
9504
586493473
1
36
448
401576539
107520
18
401576539
877520894
80640
349485186
10
200
9
349485186
3
4
45
45722880
332640
2
2
2
25
1632960
1555200
19
16
1935360
8640
16
26
72
51840
933908278
2822400
18
140836571
27
25920
130636800
10
36
27
375375
4320
88
401576539
110880
985377138
4320
18
16
388800
5940
676315129
3
274560
318036988
513343482
311014509
42
12
32
756000
676315129
3
12
1080
212565247
128
14
12
216
8640
26611200
2
12
48620
4320
1200
48
917762047
112
645120
349485186
48
36
216
331776
933908278
8
896828769
272160
625
1632960
39
15
322560
35840
1290240
22
401576539
8
259200
149299200
1
24
8
8
720
12
144
959642708
32
3600
21
36
1728
933908278
26880
26
16
166320
401576539
627458047
45
915894177
877520894
18144000
12960
1
2
544320
23760
8640
140
50
318036988
1440
540
19
564282749
781263551
252252000
174742593
28
100422410
2880
18144000
752640
4
9
438760447
401576539
720
4
564282749
976654304
2304
112
66
28
17280
311014509
1632960
10
1
479001600
12960
40320
15
20
318036988
676315129
3920
51
917762047
7257600
80640
161280
33
877520894
10080
864
6300
24
36
27
40
155520
6
401576539
3628800
401576539
207360
2
230630400
2138400
10886400
2240
4
401576539
3870720
161280
756797435
15
9
18144000
192
96
22
25
18144000
33868800
32
30
100422410
6126120
4320
896
16
348179577
166320
768
648
20
6
34560
9504
544320
45
144
959642708
25
13824
8
72
103680
29937600
27
10
761236066
1440
267294705
432
20
917762047
64
12960
161280
2
18
36
9031680
479001600
88
16
59875200
401576539
207360
15
937000940
4480
1632960
16
10
595832823
781263551
77760
68869741
6
4
5
1152
46569600
9
20
1680
518400
12960
4
200
976654304
195955200
130636800
24
12
259200
1
438760447
120
9
96872823
57600
3920
88
814514114
967680
322560
331776
8
34560
5
130636800
5
51
14702688
8164800
1632960
933908278
3
2
959642708
149299200
11520
2
5765760
6912
349485186
12960
10
98
8640
391910400
12
6
12
1632960
27648
256671741
84
672
720
391910400
1632960
12
298942923
63000
8640
96
34
401576539
877520894
81
2257920
5
309438070
518400
4320
777600
4
16
8640
4320
513343482
12
24
14702688
1290240
311040
4
234250235
877520894
311014509
349485186
36
4036032
120960
576
90720000
8
564282749
781263551
8294400
6480
12
40320
181440
64800
645120
6
116121600
504000
933908278
311014509
1
83160
1440
1632960
917762047
1
45
583200
189189000
207360
90
75
2160
756797435
277147129
30
149299200
967680
544320
90720000
17
25
6480
673211965
53760
10
4147200
398519294
1555200
4515840
8
16
5760
27
513343482
90
43545600
1
161280
1632960
8
24
959642708
79833600
5250
2
597778941
192
1290240
174742593
44
2721600
65318400
8640
586493473
18
144
80640
1632960
48
84
14
216
311014509
756797435
70
781263551
959642708
2304
34560
16
81
27
438760447
349485186
1
24
125
1
40320
11
100422410
207360
32032
958003200
60
21
12600
95256000
756797435
12
371325684
3870720
16
1330560
45
64913362
18
16934400
2721600
51
957069265
216
26611200
18144000
6
29030400
781263551
155520
322560
13
9
161280
1036800
63000
20
915894177
34020
12960
8
20
30
108
425130494
51840
252
4
1555200
90720000
18144000
14
355704698
25
12960
6
3
3
198
360
19958400
1
9
18
9031680
261273600
18
174742593
216
2240
544320
1
140836571
103680
985377138
472500
3
401576539
18144000
917762047
5250
20
1
65318400
80640
673211965
1
144
7257600
401576539
1290240
10
12
438760447
1555200
4515840
220
395214847
15240960
933908278
933908278
5
564282749
4898880
25
112
42
21
781263551
256671741
63504000
1
48
1935360
783820800
896
10
36
3
90
1555200
18
20
2304
8640
768
2
100
985377138
3168
4320
48
4
645120
917762047
256671741
65
10
4095
4860
933908278
1
837279741
768
586493473
756797435
7
781263551
4
1080
16
8
2
119750400
311014509
180
22
81
9979200
192
2494800
8
48
144
1
110592
33
36
103680
896
33868800
11
554400
288
1680
378000
6
12
4898880
181440
645120
6
8
9
207360
322560
17
98
900
267294705
448
10
174742593
34560
322560
8870400
6
781263551
224
2257920
434868211
6
401576539
777600
2160
25
24
2
9979200
1440
6220800
60
8
959642708
17280
1848
6
50
438760447
80640
63000
2
696729600
985377138
256671741
16
48
688873408
197313529
720
256671741
3
7
51840
917762047
59875200
84
9
96
12960
401576539
34
30
15015
81
4
13
781263551
192
5765760
673211965
10
761236066
10
579310588
77597520
12
9979200
125
2721600
161280
1
27
6
673211965
311040
24
32
27
434868211
83160
12
3317760
2332800
513343482
6480
2
420420
781263551
2160
360
6
71278588
959642708
4608
4608
60
576
25
161280
180
91
17280
864
783820800
14968800
7
12
17280
4898880
434868211
3
3456
322560
2304
4320
22
973700430
180
5
917762047
20
23063040
438760447
1632960
27
4
32
12
2304
80640
70
9
384
4320
311014509
9
98
2332800
4
311014509
18
586493473
8
34560
1152
20
100
40320
48
80640
2
2
359251200
4515840
24
6
50
25
9
985377138
30
16
80640
270950400
1050
210
401576539
3870720
18
6652800
6
698377680
36288000
933908278
49896
6
616247294
161280
985377138
5
28
12
645120
479001600
6
4
28
438760447
192
349485186
34
812851200
9979200
409163639
18144000
70
236781439
322560
4233600
256671741
8
80640
72
48
2
66
100422410
6
256671741
349485186
140
100422410
2304
1036800
4515840
3
64
1632960
756797435
2880
3
14
479001600
2304
1440
1
9
80640
401576539
12960
20
85327833
959642708
3780
18144000
10
15
958003200
21600
479001600
6
435456000
718523781
1
259200
20
4
90720
6804
207360
2
401576539
438760447
8640
110880
28
24
27
5544
4320
16
12
151200
673211965
1584
19
1
645120
420420
12960
4
7741440
877520894
144
331776
4
144
27648
2177280
768
12
9
322560
116396280
83160
4
302400
103680
438760447
544320
17
16
11351340
3628800
1440
19
90
4320
32
8870400
4
761236066
635040
4320
1
36
8
130636800
216
126720
14
225
1555200
896
783820800
8
8
96
192
777600
51
81
9
174742593
81
2
14515200
391910400
270950400
783820800
18
414720
36
4608
3
5
110344163
8640
1555200
34560
84
468500470
438760447
136080
391910400
2
100422410
985377138
4
1555200
45
479001600
69120
25
1478400
1
880234223
36288000
32
3168
3
958003200
16
43200
438760447
51
24
1
4320
90720000
91
64
103680
2304
792
26
2
14968800
877520894
11520
12
3225600
72
479001600
2880
18
49766400
64
349485186
877520894
24
564282749
3870720
384
5
99
16
322560
4898880
311040
19
8568
11975040
638410203
933908278
17
36
781263551
90720000
133024320
10
972509923
192
370652117
625
6
8
8
864
48
33
1
22680
398843647
32
20
16
34560
401576539
12960
42
468500470
877520894
60
349485186
42
19958400
1555200
4608
275478964
84
578663495
3628800
401576539
504504000
6
288
12960
4608
877520894
78
564282749
192
622080
259200
9
64
318036988
64800
224
1
145152
1
384
756797435
26
93700094
554400
36
768
28
25
384
25920
401576539
40
5
781263551
11289600
43200
30
32456681
742547284
1088640
25920
2
36
48
12960
90720000
42
2
746884094
38880
311040
3
401576539
36288000
810
12960
20
12
1632960
349485186
2304
6
3870720
161280
192
933908278
14
24192000
777600
513343482
12960
48
72
161280
2160
220
51
82368
5
74649600
1290240
34
46448640
34560
174742593
4898880
12
25
10886400
756797435
1120
12
349485186
32
676315129
96
1
814514114
8
1
540
4
564282749
27
544320
311014509
91
80640
9
161280
90720
18
781263551
34560
997920
12960
18
25
2592000
985377138
2
6
90
288
438760447
933908278
6
16
877520894
319334400
1632960
19
100
360
756797435
479001600
1
58060800
781263551
90720000
18144000
12
762048000
9720
756797435
8294400
20
349485186
180
36
311014509
99
564282749
479001600
837279741
933908278
1
64
73513440
4608
19440
10
100
322560
2160
311040
1
564282749
288
933908278
4320
15
92897280
18
896
756797435
12
1081080
768
1555200
2304
33
564282749
4
3628800
349485186
30
234250235
781263551
1555200
985377138
88
18
645120
322560
360
2
915894177
1935360
985377138
917762047
19
16
16
4608
25920
65
32
3628800
831600
4320
48
16
958003200
985377138
16
6
9
48
434868211
94080
2
4
322560
25920
877520894
42
4515840
16
349485186
64800
2
6
27720
45158400
2304
39
144
877520894
586493473
322560
91
50
36288000
256671741
1290240
6
994310682
544320
4898880
1088640
1
81
1365
401576539
349485186
10
100
270
27
6480
10
5
161280
25920
96
12
40320
8640
401576539
16
126
915894177
332640
401576539
756797435
35
515350517
483840
384
349485186
70
10
36
1
261273600
18
401576539
220540320
673211965
438760447
2
64913362
2160
252
933908278
19
81
36288000
64
311014509
7
36
48
3628800
110592
5
761236066
959642708
16329600
1555200
66
100
48
896
4898880
14
49
130636800
180
349485186
6
81
288
933908278
4
2
50
48620
311014509
349485186
70
8
384
933908278
933908278
15
187400188
32659200
3628800
518400
10
36
781263551
917762047
256671741
12
9
32659200
1296
8640
168
98
161280
9
388080
1
98
1935360
401576539
933908278
120
401576539
32
1
8640
19
36
6531840
518400
1152
18
12
75600
4608
7257600
15
81
40320
261273600
933908278
3
3
180
86400
311014509
42
5
5760
125
638410203
28
174742593
75600
432
2160
10
80
72
18144000
64800
4
20
18144000
2592
349485186
126
957069265
36
1080
27
14
98
36288000
192
47520
6
36
438760447
933908278
90720000
3
387491292
959642708
877520894
207360
60
63
228614400
11340000
55440
8
234250235
4898880
1
4898880
10
486850215
1
85557247
8
6
140836571
8
518400
958907643
6
2162160
9
388800
311014509
132
234250235
5
90720000
777600
6
441
36288000
3628800
438760447
3
49
12960
1125
72
5
72
29937600
1555200
25025
16
197313529
1555200
18144000
2304
4
32
194400
18144000
401576539
1
81
420420
985377138
1632960
56
20
4320
756797435
25
18
774982584
378378000
567567000
2304
4
85327833
438760447
81
985377138
5
781263551
8
25
3110400
36
45
3628800
676315129
673211965
30
588048351
985377138
627458047
401576539
52
50
959642708
1120
933908278
20
1440
207360
1036800
275478964
1
311014509
8640
3360
676315129
18
1658880
8100
401576539
33868800
20
100
27648
96
958003200
6
100
16329600
1088640
243
2
36
3888000
586493473
917762047
2
241920
720
6480
2304
20
441
207360
933908278
184756
9
36
2304
933908278
2304
66
18
479001600
322560
322560
65
45
976654304
1440
1555200
1
36
3
4898880
161280
3
9
2160
1
638410203
18
48
544320
837279741
917762047
15
85680
5
586493473
12960
16
14515200
7257600
756797435
6435
1
781263551
53760
756797435
933908278
20
27
1632960
25920
401576539
30
164736
72
26880
4608
63
9
72
622080
120
154
2
7257600
2
1632960
3
7280
645120
29937600
27648
11
75
27
576
994310682
8
21
5
576
6480
2
712800
161280
201801600
15120
4
21772800
29937600
18144000
128
6
193421293
318036988
1330560
645120
42
586493473
2160
80640
3600
24
20
64
4898880
645120
8
72072
181440
103680
3168
19
144
72
985377138
36
220
958003200
2880
3780
917762047
3
915894177
161280
12960
108
30
32
318036988
933908278
12960
12
174742593
781263551
2
1555200
36
14515200
4898880
252
165888
8
869736422
103680
2449440
783820800
34
6
958003200
826436892
68040
78
450
1080
28800
917762047
14
761236066
959642708
9979200
161280
21
225
1555200
518400
513343482
20
870912000
8
12960
985377138
42
586493473
645120
204120
662873788
36
80
18144000
2822400
256671741
91
18
17280
18
11289600
30
311014509
7484400
448
8640
15
36
322560
518400
435456000
17
72
781263551
322560
5
15
72
27
32
645120
19
4515840
5
877520894
627458047
20
80640
3628800
311014509
40320
44
9953280
161280
13440
5
33
32456681
645120
96
401576539
19
10
322560
28800
4860
18
144144
985377138
21600
54
1
63
2160
401576539
1632960
12
20
877520894
401576539
1632960
17
49
195955200
90720000
673211965
19
4838400
1320
2160
518400
20
64
36288000
2640
96
10
100422410
5376
30270240
25920
11
48
12
5760
261273600
12
569540462
8
4608
311040
18
72
959642708
933908278
18144000
16
32
11027016
1
32175
26
19958400
1584
3780
64
2
3
720
90720
783820800
33
154440
5040
917762047
518400
2
16
25
917762047
25
8
564282749
18
6531840
4608
70
46850047
781263551
4608
32
24
1
3360
3
16
24
140836571
877520894
6480
18144000
21
12
130636800
55440
4320
10
174742593
781263551
768
540
6
100800
8
401576539
432
26
150
985377138
80640
1890
1
14
2450448
2304
1632960
2
32
8
311014509
645120
15
12
781263551
414720
15750
19
64
7257600
576
756797435
17
348179577
391910400
4608
322560
26
32
1260
391910400
1
2
81
161280
1440
434868211
55
14515200
544320
125
161280
24
651771206
8
1080
8640
10
16
985377138
1036800
933908278
18
16
207360
4898880
401576539
30
564282749
32
401576539
877520894
60
9
140
12960
311014509
13
20
877520894
384
18144000
6
1
3
17280
3
3
60
877520894
5184
5644800
88
239500800
18144000
4082400
420420
3
24
5760
2268
40
12
24
7257600
4320
2257920
48
667815989
2
4
11289600
6
1152
18144000
3326400
4898880
60
977656809
224
4320
63504000
20
4320
241920
933908278
917762047
8
401576539
18144000
6480
155520
2
96
108
13440
933908278
2
5
36288000
877520894
1440
13
447530413
6
384
1330560
4
86400
2772
756797435
962260938
8
40
645120
401576539
917762047
30
450
4320
8640
9
18
7
130636800
256
17280
30
8870400
438760447
2
1555200
12
10
36288000
160376823
2257920
30
50
1
3
6480
1
468500470
877520894
917762047
625
2
401576539
27
125970
1088640
6
14
65318400
816480
13824
15
2
216
12960
8640
52
234250235
9979200
311014509
513343482
90
225
1080
756797435
6480
28
12
80640
5644800
4608
3
401576539
781263551
933908278
8
22
298598400
5
4
11520
15
116396280
781263551
174742593
6480
12
36
877520894
4898880
21600
8
651771206
18
384
720
10
9
1555200
128
673211965
2
72
479001600
18144000
4
105
761236066
25
4
15015
28
400
4095
259200
349485186
19
896828769
19440
322560
362880
6
6
1120
72
29937600
6
9
18480
26880
917762047
8
8
781263551
161280
384
7
234250235
3870720
673211965
1
6
441
24
349485186
16
2
100
25
39200
129163764
2
8
1935360
933908278
1440
22
479001600
192
12
21000
18
9676800
36
12960
349485186
19
230630400
207360
8640
2304
60
12
36288000
586493473
1440
10
196
388800
600
1036800
15
2
318036988
401576539
311014509
42
72
5940
2880
177852349
19
64913362
1935360
12960
627458047
6
2073600
5040
332640
155520
18
4
781263551
756797435
38880
3
144
12600
53760
4898880
2
151351200
64
12960
645120
63
40
207360
39916800
12960
30
100800
2332800
9
27648
9
937000940
8640
80640
311014509
14
20180160
4608
4
1290240
2
50
2160
1290240
18144000
16
32456681
41580
135135
13824
3
4
7257600
645120
756797435
11
24
781263551
96
14414400
11
149299200
125
1440
518400
7
8
32659200
119426047
1080
15
20
9
322560
34650
20
2
25200
645120
1680
2
4
7257600
19440
8
3
20
391910400
676315129
645120
126
207360
967680
662873788
837279741
12
298598400
645120
55296
56
30
3
1555200
1128960
933908278
16
140836571
48620
16
172800
30
63
756000
405
22880
20
915894177
30030
2304
161280
13
348179577
9
4515840
256671741
18
135475200
7257600
756797435
174742593
2
25
1632960
384
387491292
6
4320
985377138
479001600
20160
8
325885603
64
26880
349485186
63
72
19440
7560
1036800
30
967680
438760447
48
311014509
20
672672
25920
518400
192
9
8400
781263551
349485186
917762047
18
196
64
544320
673211965
14
20
3
673211965
4608
1
8
32
1290240
1632960
51
662064978
831600
1080
322560
2
81
130636800
6480
161441280
30
651771206
9979200
1792
2304
19
36
781263551
513343482
438760447
44
187400188
959642708
18144000
12960
30
12108096
17280
108
12600
8
201600
32
25920
917762047
17
140836571
27
51840
917762047
2
2
48
32
401576539
34
298598400
10
174742593
2304
65
564282749
322560
256671741
9
28
36
220540320
812851200
311014509
18
616247294
147026880
275478964
8960
1
486850215
16
16
349485186
18
348179577
2100
18144000
4608
7
16
10
528725562
96
44
1290240
216
513343482
108
3
16
113513400
4608
5644800
1
25
1935360
414720
3
15
12
448
1
349485186
2
147
2494800
103680
1152
7
150
103680
85557247
48
3
100
18144000
384
24883200
5
8
877520894
576
756797435
42
100422410
16
586493473
933908278
30
100
25200
259200
2
36
10
675675
25920
192
72
32
259200
51480
877520894
8
18
12
3326400
90720000
20
814514114
985377138
67737600
4
28
441
1365
322560
518400
60
25
125
917762047
1555200
12
27
7257600
586493473
1555200
77
50
324
933908278
1290240
2
3870720
959642708
401576539
12960
20
45158400
3870720
9
752640
9
348179577
6480
216
4320
6
8
9
401576539
27
6
24
384
8640
544320
34
100422410
391910400
311040
3628800
5
50
259200
54
16
13
4
32
135475200
25920
4
140836571
2376
4608
177852349
20
14
9979200
877520894
544320
13
4515840
2332800
831600
161280
14
756797435
103680
149299200
6
15
27
742547284
576
174742593
7
25
19440
331436894
3628800
5
27
7484400
622080
1290240
18
36
2
7257600
19958400
1
58060800
3870720
518400
1290240
2
48
322560
14968800
518400
18
2268000
207360
1088640
627458047
18
64
7257600
90316800
8164800
36
50
16
40320
43200
15
12
7567560
9031680
985377138
14
16
18144000
933908278
8
4
144
22702680
7560000
16
16
36
538876800
540
12960
14
80640
30
5644800
40320
20
36
438760447
816480
4320
18
98
959642708
349485186
25920
12
15
959642708
161280
322560
51
9
249480
4608
4320
24
196
32400
2160
1036800
30
401576539
192
6220800
12960
78
837279741
391910400
3150
120
4
349485186
781263551
450
391910400
3
781263551
2160
1632960
256
30
349485186
36288000
1290240
165888
17
897471602
781263551
3
768
5
49
3870720
4515840
32
30
50
3
837279741
958003200
78
14
976654304
12960
83160
18
395214847
391910400
311040
1296
34
64913362
59875200
261273600
130636800
19
81
26880
64800
1290240
17
16
990
1
80640
20
35639294
161280
144
256671741
20
720
24
1555200
401576539
18
174742593
332640
311014509
1555200
88
8
11340
450032117
1632960
1
20
8
26880
12
6
9
781263551
30240
11340000
5
10
2160
48
676315129
18
395214847
207360
2268
9
5
10
3628800
5
349485186
4
20
2160
401576539
174742593
14
515350517
2688
149299200
1088640
6
77520
16
513343482
79833600
2
742547284
959642708
801884115
1152
77
16016
816480
1632960
479001600
24
48
9979200
32
27648
6
110880
4
933908278
401576539
5
199295282
8400
322560
783820800
1
72
93312000
378000
159667200
78
43054588
36288000
32
27
1
18
25920
544320
1632960
17
29030400
14400
130636800
256671741
18
18
438760447
40320
19958400
16
586493473
483840
4320
96
14
144
777600
16
186278400
21
7741440
2
1555200
777600
30
36
742547284
360
1440
4
8
877520894
13824
3628800
12
4
1935360
401576539
1632960
18
20
742547284
259200
1632960
5
2
18144000
27
401576539
19
2880
1555200
604800
144
5
2
4989600
96
2580480
15
63
645120
161280
270
3
576
504000
23520
1152
11
18
103680
4
322560
1
302400
959642708
917762047
43200
5
2
16
1056
90720000
8
12870
959642708
4
4320
56
4320
6531840
27
4
1
28828800
21772800
270950400
192
14
24
36
112
34560
9
36
976654304
40320
24
34
9
877520894
16
8640
2
1
125
21772800
586493473
2
9
1814400
64800
22680
65
395214847
259200
13824
174742593
48
5
985377138
513343482
513343482
4
234250235
514594080
756797435
174742593
13
63
108
110592
17010
17
441
877520894
1632960
256
6
401576539
216
877520894
125
10
401576539
181440
161280
414720
20
172173443
32
4898880
2880
1
16
959642708
622080
512
18
1
2
2160
985377138
42
50
1
564480
438760447
130
18
5376
19958400
2880
10
32
105840
756797435
90720000
60
92831421
51840
3628800
1
1
8
7257600
72
4800
4
977656809
2304
3780
3628800
132
25
2772
2580480
917762047
2
49766400
960
1036800
86486400
10
32
10800
90720000
16
40
781263551
161280
259200
12
140
100
12600
1
1152
2
16
877520894
513343482
270950400
6
348179577
959642708
261273600
53760
18
100
16
1440
224
30
24192000
1555200
812851200
31933440
21
401576539
18144
311014509
985377138
30
9
22861440
96
1440
14
28
781263551
933908278
406425600
2
125970
18
4898880
438760447
60
100
1555200
720
1290240
90
32
360
5
1632960
66
14515200
25920
4536
513343482
20
116121600
125
55440
1632960
9
829440
2494800
311014509
311014509
15
468500470
864722541
1290240
985377138
30
24883200
540
40320
401576539
30
25
410668941
756797435
5
19
4147200
34560
18144000
756797435
28
324296819
5
917762047
4
66
957069265
877520894
391910400
645120
1
81
322560
1
68869741
21
70
1152
2880
19958400
30
12
742547284
322560
676315129
17
9
36
8
756797435
20
48
391910400
933908278
933908278
6
7
36288000
3240
917762047
2
468500470
80640
931062519
63000
14
348179577
2270268
756797435
224
42
781263551
959642708
112
2304
2
16
125
917762047
12960
18
62355150
27
1088640
6480
12
25
8
322560
47520
3
4
36
1555200
5
35
10
781263551
2688
933908278
60
8
781263551
27648
220
6
817970047
438760447
8
256671741
30
140836571
18
1680
933908278
88
147
181440
192
1
60
441
18144000
1
540
20
36
1260
2580480
945945000
24
7257600
877520894
90720000
518400
16
958003200
161280
4515840
20160
21
1009008
960
2304
1290240
19
564282749
19958400
129163764
479001600
45
4
781263551
777600
985377138
1
401576539
3870720
4608
676315129
36
21
8
756797435
2
42
637695741
2688
1
645120
39
14
7257600
684448235
18144000
3
24
4490640
90720000
541900800
105
5
207900
32
25
15
24192000
103680
933908278
16
12
42336000
360
166320
985377138
12
7
438760447
128
1036800
6
24
877520894
349485186
837279741
78
781263551
25
605404800
2160
4
3
8400
1152
627458047
7
169344000
8640
324
645120
3
80
10886400
1036800
1290240
7
595832823
18144000
224
25920
19
401576539
1935360
311014509
252000
6
977656809
5184000
8008
586493473
12
100
20412
1088640
64
2
100
2160
349485186
4320
1
2
7257600
40320
81
9
401576539
144
311014509
4752
20
100
4608
21772800
401576539
7
16
25
149299200
5644800
19
31824
3628800
256671741
2880
6
140836571
2160
544320
311014509
84
85327833
17280
1440
10080
20
9
1360800
207360
32
19
278691840
877520894
4320
812851200
19
50
384
2880
77520
8
24
97200
12960
513343482
5
1440
3628800
11289600
311014509
30
394627058
6
256671741
933908278
10
814514114
294053760
6
6300
26
564282749
322560
8072064
1
8
781263551
8
6480
916986256
140
915894177
420
279417600
22680
33
40
54
90720000
322560
6
21
7257600
96
27
12
380618033
391910400
2304
189189000
6
781263551
959642708
1728
161280
10
814514114
9
8072064
18
34
96096
8
8
1
78
28
479001600
9031680
22880
20
427671528
36288000
9
756797435
12
12
26880
985377138
917762047
6
6
8
69120
917762047
2
187400188
8640
216
1632960
6
348364800
15765750
924
933908278
3
80
16
495
311040
90
401576539
864
1441440
195955200
12
144
125
80640
311014509
16
25
2332800
2880
280
10
564282749
985377138
985377138
27
2
67737600
4608
2880
370652117
4
8
125
37800
676315129
8
943172959
19958400
43200
2160
28
98
720
1555200
4320
10
16
4320
645120
720
91
29405376
3
8640
756797435
14
4
318036988
1036800
1555200
14
72576000
25
4
544320
22
468500470
959642708
586493473
2160
66
100
197313529
349485186
401576539
6
25
1632960
604800
144
4
45760
958003200
311014509
401576539
3
100
108
673211965
4320
18
768
4
4898880
438760447
28
196
302400
15966720
401576539
7
217728000
15750
933908278
933908278
16
483840
1
224
252
33
64
1555200
3240
401576539
1
564282749
976654304
311040
1440
30
5280
544320
90
311014509
14
576
479001600
79833600
90720000
9
1
480
425606802
18
2
100
742547284
917762047
917762047
30
9
19440
6720
21600
15
551720815
16
3326400
6480
2
30
985377138
1632960
2217600
3
720
7257600
23950080
27
5
2
288
551720815
5443200
48
64
318036988
149299200
645120
15
18
792
877520894
544320
24
9
318036988
627458047
917762047
26
81
69120
225225
756
18
64
322560
391910400
40320
18
524227779
877520894
256671741
1555200
30
6
3
438760447
90720000
6
12
83160
64800
311014509
10
64
1891890
6912
77760
19
161280
36288000
544320
256671741
2
86486400
438760447
207360
1440
12
450
13824
4898880
192
12
87091200
985377138
21600
544320
10
81
65318400
673211965
130636800
99
21
438760447
332640
25
5
80640
720
83160
401576539
51
36
69120
90720000
18144000
19
100422410
384
192
17280
60
2
2160
917762047
4608
210
18
151200
96
125
10
9
438760447
1036800
349485186
33
100
18144000
384
4320
12
616247294
195955200
8640
224
19
9
2304
1088640
261273600
22
349485186
17280
322560
349485186
16
20
13824
622080
985377138
130
24024
877520894
311014509
673211965
13
193745646
126126000
401576539
2160
14
6
161280
544320
1036800
11
64
1848
1555200
4320
2
36
96
586493473
174742593
19
36
103680
161441280
4
5
27
1440
8
756797435
1
3628800
16
958003200
2160
30
2257920
63000
985377138
27
10
973700430
125
933908278
917762047
1
144144
985377138
756797435
135475200
10
50
7257600
933908278
16200
8
25
5005
1080
3
13
6
12960
110592
181440
20
16
544320
256
479001600
34
311014509
32
3
2970
12
9
4752
756797435
512
30
25
72
933908278
25920
1
16
4536
720
207360
19
50
322560
837279741
2268
12
24
3326400
25920
128
24
486850215
665280
322560
917762047
6
479001600
40320
401576539
756797435
12
48
4320
391910400
27
66
36
877520894
504504000
25025
3
140836571
36288000
90720000
3240
56
100422410
781263551
192
533557047
2
36
12600
877520894
90720000
60
196
7257600
12960
18
12
5806080
2304
2688
777600
15
4
3265920
3
3153150
5
100
1935360
4608
401576539
35
50211205
161280
933908278
130636800
91
40
8640
4608
6652800
1
288
93312000
2073600
384
6
174742593
192
2376
2880
21
100
2
401576539
401576539
18
4
36288000
25740
576
35
10
280
4898880
9
6
3
7257600
80640
10810800
22
53222400
544320
756797435
783820800
60
12
32
518400
479001600
2
4
985377138
4320
17920
5
18
1
196016117
133024320
1
6
540
8
877520894
18
917762047
181440
25920
933908278
78
50
16
130636800
80640
70
100
483840
105197277
288
6
10
69120
2
479001600
51
98
12960
756797435
322560
35
36
192
12600
401576539
6
4
742547284
4320
256671741
42
8
120
917762047
53222400
18
98
192
877520894
64
42
394627058
3991680
259200
917762047
18
81
959642708
1330560
349485186
2
46850047
130636800
414720
103680
18
10
32
82944
3628800
6
761236066
14400
128
216
10
533557047
420
625
349485186
55
81
959642708
9408
8640
20
64
318036988
2160
12960
11
196
322560
27
349485186
40
1440
781263551
40320
18144000
2
60
7776000
3360
31680
48
64
11520
933908278
2
4
12
391910400
544320
958003200
18
20
896828769
401576539
662873788
20
18
781263551
3696
877520894
14
12
161280
1152
40320
12
576
1632960
6480
2580480
3
14515200
103680
9979200
331776
18
64913362
80640
1555200
256671741
2
311014509
249480
17280
16
2
100
8
4515840
331776
51
468500470
4320
59875200
4320
26
586493473
29937600
2880
3696
2
483840
1632960
1512
110880
63
100422410
318036988
777600
12960
12
8
959642708
768
768
1
720
781263551
256671741
25
19
464157105
4608
216
518400
12
12
665280
586493473
56855999
110
781263551
36288000
1036800
83160
12
72
216
32
14784
14
311014509
18144000
174742593
423360000
9
14
1440
720
1036800
19
16
877520894
1128960
37255680
4
401576539
18
6300
16
10
24
781263551
221760
783820800
2
12
4320
2880
6
1
900
108
396573176
25920
20
196
8
4480
9504
18
2
976654304
576
1801800
7
651771206
976654304
16
2
12
100
777600
195955200
1440
36
36
959642708
4
6480
12
8
18918900
331776
401576539
5
564282749
54
8
9
52
974642327
207360
783820800
479001600
1
5
742547284
17280
322560
18
36
125
673211965
192
60
14515200
9
37255680
645120
16
662064978
789254116
270
401576539
30
9
438760447
32
673211965
15
270950400
5760
5400
1080
2
185636821
15750
4320
322560
7
915894177
108
384
161280
3
49
36288000
933908278
96
154
564282749
161280
96
256671741
3
100
967680
756797435
673211965
19
564282749
27648
4480
27
15
18
2304
933908278
933908278
6
456192
645120
703703996
4898880
6
10
398519294
155520
401576539
63
564282749
17280
161280
86400
24
915894177
322560
48
322560
18
392032234
8640
673211965
1555200
11
28
1800
4320
479001600
2
331032489
135
72
837279741
16
100422410
958003200
128
311014509
30
31824
36
34560
1120
12
2
108
128
161280
17
100
75600
272160
18144000
70
20
18
914457600
4898880
252
1
3870720
877520894
27
19
10
877520894
1152
256
14
756797435
540
256671741
90720000
84
100
64
27648
349485186
3
395214847
27
252252000
877520894
132
36
391910400
518400
4320
3
9
781263551
756797435
1555200
99
957069265
8
192
1555200
20
299376000
8
103680
86109176
77
3628800
54
401576539
6
20
12
1935360
880
44352
8
401576539
27
401576539
1632960
6
915894177
4
900900
756797435
4
9
483840
349485186
1555200
30
441
36288000
192
933908278
15
8
25
64800
322560
2
28
48
77597520
645120
52
256671741
384
181440
6480
14
36
32
837279741
6480
6
174742593
479001600
933908278
933908278
2
174742593
5760
179625600
391910400
5
9
318036988
401576539
192
39
24
31500
9
1330560
56
103680
8
1036800
627458047
84
6
479001600
513343482
4
2
389750849
958003200
673211965
673211965
12
1632
2160
768
917762047
10
16
2880
741304234
6435
7
92897280
877520894
311014509
302400
18
21
2494800
174742593
51840
39
9676800
645120
45
90720000
7
8
272160
2
518400
42
100
72
2018016
8640
2
756797435
36
47520
192
39
12
877520894
9
32
30
3
959642708
1601600
4320
12
3628800
207360
51840
2772
17
7
64
777600
155520
6
18
4320
1
1
16
29030400
432
8640
869736422
1
10
25200
4320
78750
2
16
318036988
174742593
933908278
2
9
48
756797435
9
3
4
239500800
90720000
2304
12
24
3
59875200
80640
6
50211205
192
8640
837279741
8
290304000
322560
4320
259200
6
9
43758
80640
30240
51
564282749
1
55440
25920
15
34560
322560
434868211
933908278
12
36
2880
349485186
676315129
6
363242880
103680
777600
720
12
24
36
3628800
43200
2
915894177
877520894
391910400
676315129
12
14
1935360
6726720
497155341
4
100422410
907200
96
1
51
8
1
27
1801800
90
97370043
958003200
11880
401576539
20
4
5
9031680
270
8
781263551
96
4608
125
10
742547284
2304
5544
32
30
662064978
7257600
586493473
9979200
30
100
322560
80640
108
1
27
4480
5644800
322560
70
401576539
877520894
401576539
10800
6
616247294
27
1152
90
4
50211205
24
30
401576539
4
967680
8
25920
8
42
16
781263551
985377138
161280
42
100422410
108
762048000
401576539
3
569540462
1200
27
16
28
36
75675600
12
1632960
16
1
1632960
401576539
4898880
2
36
318036988
22680000
2304
126
19958400
40824
39916800
172800
2
401576539
3628800
673211965
90720000
19
20
12
4147200
818327278
42
696729600
2970
958003200
600
154
987950581
22861440
401576539
2
4
877520894
36288000
16
17740800
30
24
3628800
311040
4
55
20
1260
18144000
1209600
280
450
3360
19440
645120
34
40
985377138
32
17280
220
7257600
130636800
4898880
401576539
12
486850215
6
36
261273600
4
483840
37800
103680
2252250
19
4515840
5
378000
917762047
90
174742593
479001600
6480
479001600
40
48
2304
1632960
479001600
88
196
997920
985377138
518400
66
9
144
783820800
322560
63
4320
25
1
24
48
36
8
3000
567567000
15
973700430
5040
8
8640
30
50
273779294
21772800
401576539
36
6726720
398519294
256671741
4608
30
564282749
3870720
33868800
20
17
400
3628800
1290240
69120
12
394627058
32
1555200
96
6
8
7257600
4
256671741
12
564282749
318036988
34560
1814400
1
10
161280
401576539
174742593
7
9
2304
378000
261273600
20
6
5
576
25920
60
75
2160
1555200
4320
2
4
18900
401576539
384
6
5
27
8640
645120
3
27
3024000
32
12
30
20
288
45760
110592
110
1330560
959642708
261273600
90720000
19
5
16
1024
51840
14
468500470
3870720
443520
1440
18
36
80640
90
37324800
18
64
27
1632960
68869741
4
25
3326400
112
401576539
1
10
821337882
34560
11340
99
14
226800
125
83160
26
10
72
16
917762047
19
20
144
673211965
370652117
16
4
93312000
63000
401576539
8
64
36288000
110592
18144000
88
401576539
7257600
4898880
3326400
154
627458047
4320
783820800
797022014
12
586493473
1555200
4608
6804
15
9
83160
240
401576539
30
564282749
8640
192
360360
19
1680
12
16
4608
6
36
13824
96
401576539
8
196
228614400
240
917762047
34
24
391910400
2
958003200
1
24
25920
384
80640
60
338688000
8640
322560
970708656
2
564282749
72
311014509
362880
110
401576539
2
1801800
933908278
90
12441600
1440
586493473
96
5
96
985377138
1555200
360
70
69120
1555200
158760000
288
60
814514114
181440
933908278
349485186
17
9
19305
622080
77520
2
7
1
985377138
311040
11
331032489
781263551
341135994
401576539
14
16
18144000
756797435
1290240
36
147
3
256671741
8
1
7
2304
4898880
917762047
20
100
438760447
384
128
90
48
27
16
4
12
24
48
1632960
6726720
6
240240
6
40320
917762047
12
81
96
1036800
1290240
28
696729600
479001600
1440
933908278
3
50
32
6220800
311040
6
401576539
4
25
12
24
2073600
25200
25920
792
19
98
192
12
1555200
16
174742593
959642708
311014509
6480
20
1935360
24
4608
6480
34
87516
479001600
4608
378378000
6
207360
273779294
174742593
256671741
65
917762047
32
32659200
622080
18
311014509
907200
756756000
311040
30
72
645120
438760447
2880
84
201600
7257600
758286382
513343482
22
16
781263551
6480
4515840
15
234250235
6
783820800
192
70
662064978
20160
2257920
9979200
6
401576539
25200
261273600
40320
10
3628800
180
25
917762047
15
20
420420
2160
311014509
42
368856993
322560
3
401576539
12
915894177
12
2257920
15765750
36
98
27
1632960
1
70
100422410
742547284
90720000
401576539
44
348364800
792
121080960
917762047
6
16
36
756797435
837279741
12
239507927
668304
579310588
2880
15
8
3870720
720
349485186
120
125970
80640
311014509
837279741
78
58060800
2304
783820800
108
120
4
1485
174742593
3584
7
4
3
1632960
3326400
19
58060800
189000
27
933908278
30
8
125
401576539
8640
12
9
36288000
8640
1555200
30
348179577
3
18144000
322560
60
48
6
495
3110400
14
4
742547284
401576539
933908278
19
308123647
391910400
1632960
4515840
1
100
16
645120
201801600
78
32456681
4898880
378000
917762047
15
1760
2494800
180
108
24
100422410
5
1632960
1441440
6
212565247
252
1440
32659200
14
24216192
27
174742593
51840
14
45760
1632960
673211965
184756
2
98
1108800
4898880
720
2
51480
34560
16
12
2
12
438760447
32
63000
19
95800320
216
756797435
1
210
27
1425600
129600
933908278
3
4
1555200
756797435
1820
16
8
80640
349485186
756797435
21
55426800
179625600
324
240
4
843837773
259200
256671741
384
6
30270240
80640
2822400
401576539
20
3628800
18144000
192
401576539
2
161784776
17280
9504
11340
77
213835764
8
207360
933908278
6
25
64
533557047
32
6
80
25
40320
125
24
308880
25
1632960
144
6
48
3
586493473
17280
34
9189180
720
3960
288
9
2880
985377138
933908278
3628800
14
4
32659200
384
16
6
12
720
35840
59875200
45
16
5760
1681680
401576539
20
662064978
18
645120
1
8
64
18144000
27
1050
51
15
244163576
1555200
32
4
14
80640
80640
43200
5
12
1247400
783820800
256671741
6
32
479001600
401576539
1290240
17
2
959642708
96
479001600
17
2304
224
4480
1036800
12
349485186
408240
544320
673211965
28
761236066
6720
331776
32032
17
33264
32
4320
4320
30
19906560
479001600
12960
311014509
33
10
8100
256671741
4320
8
25
1
275478964
129600
13
29030400
4320
311014509
32290941
42
16
259200
32
4608
19
140836571
1512000
756797435
424574439
4
468500470
25920
216
1080
20
18
8
401576539
1088640
13
564282749
391910400
26880
10080
17
90316800
25920
90720000
985377138
20
30
959642708
783820800
261273600
10
18
1935360
103680
792
42
36
645120
315000
674775250
18
524227779
4898880
558835200
110880
90
5
18144000
933908278
515267647
20
96
6
2880
454727167
15
9
959642708
391910400
2880
1
36
4
917762047
192
6
5040
976654304
917762047
645120
42
225
103680
812851200
513343482
17
5760
18
1365
75075
34
119426047
322560
958003200
1290240
6
958003200
72
80640
8640
130
35065759
958003200
479001600
398843647
22
87091200
958003200
32290941
6480
6
64
161280
684448235
1036800
19
8
2160
80640
1441440
18
16
25
2304
90720000
4
4
9
673211965
47520
1
50
97977600
48
513343482
4
8
1152
3628800
34560
65
60
322560
24
13440
19
4
8
985377138
64
10
9
1512000
401576539
479001600
1
25
18
4435200
19958400
4
45
161280
16
128
18
234250235
322560
438760447
28
42
258327528
54
6773760
90720000
4
2880
645120
544320
192
18
580608000
479001600
32
18144000
28
762048000
391910400
256
311014509
17
9
985377138
331436894
518400
51
703703996
16
167960
627458047
21
16
985567405
1632960
622080
18
4
3628800
116396280
311040
34
16
781263551
4
80640
42
967680
318036988
349485186
136080
12
212565247
777600
256671741
128
2
120
4752
86400
516655056
2
75
25
4898880
11340
18
1
3600
174742593
174742593
35
8
42000
32032
401576539
9
64913362
130636800
15015
240
156
174742593
1555200
4608
917762047
110
234250235
192
933908278
4515840
30
1
438760447
140
63360
3
144
259200
38880
128
30
746496000
36288000
259200
4898880
2
3603600
8
1
985377138
14
259200
36
103680
645120
48
479001600
976654304
384
544320
12
45
6
349485186
917762047
6
7938000
207900
7257600
401576539
15
9
438760447
4320
8
7
50
479001600
72
1
30
32456681
322560
8
1330560
14
34560
777600
16
29937600
19
631183662
53760
1290240
149299200
13
8
8
1
8
8
9
4320
4608
384
12
97240
43200
11088
391910400
4
829440
4608
1555200
9979200
51
486850215
9
1440
756797435
4
25
12960
513343482
18
30
564282749
5
80640
401576539
56
161280
60
391910400
414720
16
36
479001600
933908278
777600
28
49
69120
676315129
917762047
26
144
781263551
384
192
6
311014509
1260
1036800
414720
15
100422410
391910400
1995840
768
1
486850215
781263551
401576539
125
10
497155341
25
1632960
32175
5
9
384
90720000
12960
84
40
113513400
1555200
645120
24
16
19305
4320
1680
52
1153152
25
110592
540
6
695926100
24
20412
2304
33
651771206
6
711409396
103680
60
20
25
1088640
676315129
14
27
985377138
256671741
401576539
2
424574439
9189180
1
64
6
1
322560
756797435
16
1
174742593
12
90720000
6480
3
32456681
391910400
96
32
2
9
6
391910400
985377138
30
448735801
781263551
985377138
9
36
774144
877520894
3628800
25
8
100
731200729
586493473
17280
18
64
544320
322560
933908278
4
144
438760447
10886400
161441280
1
1
438760447
32175
224
19
18
96
401576539
933908278
90
781263551
1
933908278
27
24
100
318036988
391910400
256671741
6
45
877520894
877520894
438760447
17
50
32
4
1440
6
814514114
720
16016
90
33
564282749
103680
349485186
20160
19
100900800
18
150150
4515840
4
126023040
18
391910400
4608
10
24
438760447
558835200
756797435
19
7
1260
391910400
4
60
36
781263551
392032234
103680
12
651771206
4608
16632
349485186
18
7
55440
8640
676315129
70
829440
322560
161280
31933440
52
4
1632960
645120
893645647
4
174182400
181440
2880
384
3
40320
103680
8008
4
12
275478964
391910400
34560
958003200
5
17280
985377138
11340
479001600
16
8
322560
1152
586493473
3
137739482
2880
12960
112
12
27
907200
448
391910400
28
87091200
985377138
6480
1632960
11
17280
3870720
27
60
1
225
877520894
1036800
192
9
81
144
997920
7920
6
4
877520894
4515840
22579200
4
3
959642708
12
933908278
12
24
8
90720000
1290240
72
96
340200
224
917762047
12
48
8
622080
8640
6
348364800
877520894
3600
311014509
8
2
322560
605523877
25
24
64
464157105
525
51840
18
234250235
25
4608
31933440
18
781263551
3
32
322560
15
328459046
391910400
1680
783820800
2
72
27648
195955200
612720560
2
64
3
917762047
184756
60
9
3870720
8294400
144
1
8294400
16
12960
16016
10
100
4
65318400
676315129
2
726485760
125
45158400
9031680
42
319334400
25
256671741
756797435
70
100422410
438760447
80720640
985377138
4
401576539
2772
933908278
18144000
7
25
781263551
518400
3
72
9
781263551
1
756797435
10
972509923
24
673211965
192
91
20
6435
2268000
544320
1
2
3870720
216
401576539
11
49
9
1980
16
1
98
18144000
3
161280
91
172800
48
322560
567000
6
10
18
676315129
518400
12
2
976654304
401576539
27
132
72
161280
401576539
4320
15
915894177
17280
18144000
86400
6
28
25
51840
3003
20
16
3628800
648
12
30
720
2160
8640
16
6
2
108
622080
933908278
6
1
192
917762047
756
1
401576539
645120
4608
60
9
18
36288000
149299200
184756
6
81
781263551
8
32032
1
32456681
781263551
413218446
16
63
20
103950
2160
256671741
210
8
781263551
384
4898880
18
36
777600
783820800
174742593
6
9
797038588
435456000
8640
65
2661120
560
16
2
14
16
244163576
518400
1
52
20
438760447
783820800
20160
10
441
12474000
783820800
195955200
4
908107200
207360
605523877
125
1
586493473
2
454727167
869736422
34
45
197113481
2304
1680
15
32
318036988
401576539
4320
36
915894177
72
401576539
90720
15
441
877520894
259200
155520
13
36
985377138
2160
4
18
311014509
161280
917762047
12960
10
10752
7257600
676315129
9
4
45
877520894
5644800
64
15
80
96
4320
19958400
2
915894177
438760447
2880
60
12
144
13824
933908278
64
1
781263551
576
2882880
391910400
18
75
5
2304
4
78
349485186
322560
174742593
378378000
1
814514114
58320
985377138
311014509
22
586493473
7257600
80640
4989600
12
977656809
976654304
349485186
2304
10
8
80640
756797435
933908278
7
3628800
241920
401576539
391910400
14
16
781263551
401576539
259200
19
36
336
406425600
278576053
6
9
80640
1330560
513343482
5
44352
1
432
2160
16
6
9979200
917762047
25920
1
72
51840
1
53222400
20
1209600
4898880
756797435
16
20
14
4752
3628800
110592
19
50
322560
349485186
1814400
6
174742593
391910400
184756
80640
15
513343482
179625600
665280
10080
4
9031680
781263551
6480
48
28
7
16
37324800
311014509
5
486850215
322560
4320
762048000
19
18
14400
256671741
6531840
6
100
225225
544320
1290240
2
48
64
192
256671741
6
651771206
1
256671741
479001600
18
6
2970
391910400
933908278
10
973700430
24
4608
1
17
28
51840
64800
1555200
19
10
479001600
2449440
18144000
65
25
877520894
110880
90720000
18
645120
1
16
42042000
13
10
36288000
933908278
4
12
64
322560
513343482
184756
5
311014509
207360
4320
311014509
3
100
781263551
554400
676315129
18
36
2332800
835728159
4898880
28
973700430
51840
4898880
544320
12
761236066
17280
2304
21772800
20
230400
32659200
401576539
3240
18
2
8640
518400
72
14
40320
959642708
16
513343482
3
36
108
676315129
4320
22
468500470
130636800
777600
1036800
12
32456681
2376
66528
259200
12
400
125
12960
645120
9
100
781263551
544320
985377138
12
49
14968800
96
440
19
483840
959642708
6480
12612600
7
144
64
360
225225
13
12
2160
4608
673211965
30
16
3870720
18144000
1632960
30
2
75600
12960
12441600
24
781263551
103680
4898880
18144000
4
10
959642708
933908278
12600
19
331032489
781263551
48
26880
30
564282749
746884094
673211965
133056
36
10
967680
18144000
4608
18
16
322560
673211965
322560
19
15
360
917762047
756797435
6
7
479001600
349485186
756797435
5
532224
32
877520894
64800
9
196016117
224
1260000
518400
1
564282749
26880
256671741
149299200
24
25
781263551
12
370652117
18
4
54
18144000
149299200
18
814514114
8
676315129
66528
6
225
27648
216
378378000
1
761236066
17280
438760447
96872823
30
80
391910400
673211965
401576539
20
13728
2304
544320
933908278
6
718523781
959642708
64800
331776
42
605404800
13305600
7983360
161280
130
2
742547284
174742593
3240
18
63648
304819200
96
720
4
9
48
311014509
1
10
16
959642708
513343482
676315129
1
234250235
5
258327528
792
30
781263551
130636800
768
756797435
17
1
103680
544320
438760447
2
100422410
768
18144000
362880
24
2073600
3
12960
349485186
17
12
1555200
135475200
933908278
3
564282749
34560
516655056
513343482
12
18
34560
8
67737600
26
401576539
27
4989600
101606400
42
16
216
103680
571536000
1
144
12600
332640
103680
51
196
1
126
4898880
78
870912000
130636800
322560
414720
8
2
216
38880
360
18
1
103680
958003200
25920
24
36
3870720
3696
259200
20
3432
959642708
82944
450
60
9
6
16329600
985377138
42
3
36
2880
676315129
15
36
125
259200
4320
18
100
2304
897471602
4
48
16
72
1
17280
10
85327833
32
4320
401576539
132
400
80640
10886400
576
20
36
16
2721600
401576539
28
9
103680
1290240
64800
18
362880
368873066
12960
48
4
9
18144000
933908278
586493473
10
9
438760447
207360
174742593
12
12
130636800
933908278
438760447
88
64
781263551
256671741
810
3
348179577
8
311014509
4608
34
1048320
6
877520894
518400
20
36
130636800
96
261273600
70
662064978
985377138
768
6480
18
10
14968800
1555200
544320
19
16
8108100
40320
985377138
30
781263551
90
513343482
917762047
24
28
161280
195955200
645120
70
196
40320
1036800
349485186
78
144
25
645120
479001600
20
93700094
1152
454053600
933908278
19
274560
367567200
4320
355704698
24
401576539
7257600
12
401576539
1
32
322560
68040
192
24
1
645120
32
1632960
12
1980
18144000
1088640
16
12
915894177
1935360
25920
207360
30
5
7257600
25920
192
14
63
96
16934400
401576539
16
50
742547284
18144000
107520
30
2
8640
2304
2160
12
14515200
4455
349485186
90720000
2
298598400
1360800
1995840
144
12
16
1555200
96
125
4
564282749
479001600
38760
645120
20
7
2494800
654629431
521944575
130
843837773
51840
210
401576539
19
401576539
322560
2880
4320
6
98
16
2520
349485186
3
915894177
742547284
311014509
5
16
12
27
985377138
756797435
10
20
959642708
1080
259200
17
129163764
48
192
174742593
4
915894177
967680
18900
401576539
12
199584000
4
4608
10886400
6
45760
1152
645120
25920
5
64
72
465696000
1036800
30
36
6
18144000
783820800
4
27
4
161280
4608
24
958003200
55440
135475200
1290240
70
12
781263551
79833600
673211965
20
75
32
1
720
6
9676800
4
311014509
97977600
9
814514114
3
256671741
645120
2
64
12960
917762047
5670
18
12
4536000
4608
322560
22
1209600
967680
6480
40320
56
18
8
311014509
12600
12
100422410
103680
8640
12960
1
8072064
4320
64800
57600
4
81
976654304
24
837279741
1
21
322560
18144000
322560
12
50
781263551
90720000
985377138
4
49
42000
256671741
3402
12
160376823
48
136080
4
70
413218446
1
5765760
1632960
14
16
6480
877520894
192
21
81
36288000
4898880
622080
8
50803200
32659200
37255680
136889647
40
36
9979200
985377138
4320
6
72
6720
360
985377138
3
16
8640
6480
135475200
18
12
27648
155520
8960
126
25
259200
576
3
24
10
1935360
720
401576539
10
72
56
149299200
985377138
1
7
8640
673211965
869736422
6
23224320
32
933908278
112
40
18
1320
540
39916800
3
48
103680
64
322560
65
16
958003200
6480
207360
8
7680
129600
16
6480
11
6
2304
65318400
2304
48
174742593
645120
27
479001600
48
100
322560
4320
401576539
14
807206400
3063060
1120
783820800
1
915894177
438760447
27648
1555200
30
144
742547284
1036800
311014509
10
20
16
1440
355704698
20
68869741
80640
3326400
756797435
24
36
781263551
280
161280
19
174742593
746884094
6480
544320
14
147
7257600
8640
322560
9
16
896
673211965
63000
12
40
498960
96
355704698
26
8
64
5
526031294
14
576
8
756797435
401576539
19
895060826
125
438760447
192
2
569540462
384
4608
2304
12
174742593
207360
673211965
28
44
174742593
479001600
195955200
438760447
20
85327833
302400
161280
86400
3
144
36288000
661500
31933440
1
36
781263551
7920
917762047
39
9
479001600
6480
544320
84
49
9
14784
107520
2
16
2217600
833030171
45360
220
3
7257600
270950400
384
1
27
2
401576539
648
12
36
3326400
933908278
28800
1
540540
544320
349485186
163296000
42
2
877520894
15966720
174742593
30
72
781263551
408240
27648
9
761236066
4480
161280
103680
4
49
781263551
201801600
768
6
24
79833600
90720000
401576539
6
2
877520894
408240
223534080
6
75600
781263551
1152
1088640
20
150
36288000
27
16
15
6
32
16
12960
18
100
504000
585510245
518400
14
144
4
2268
4
20
311014509
2376
96
53760
19
401576539
12
783820800
933908278
3
12
781263551
256671741
16
12
100
36288000
113400
90720000
20
24
36288000
96
21772800
28
480
25
1050
32175
14
5
332640
4320
4898880
1
64
91445760
6
12960
6
8
5
837279741
103680
28
100
1
756797435
174742593
22
8
30
224
9031680
2
403200
16
4
673211965
20
8294400
495
625
1290240
20
343062720
36288000
401576539
985377138
10
2
216
1
18144000
34
98
576
1632960
16
19
15
1215
768
9
2
662873788
126000
673211965
10886400
56
9
80640
896
261273600
70
4
5
18144000
25920
52
16
479001600
96
985377138
126
36
959642708
880
816480
78
348179577
720
756797435
586493473
1
564282749
32
783820800
576
28
16
1555200
1036800
13440
17
5
877520894
133024320
53760
140
32
8640
84
324
55
14
161280
1
8
8
12
12
174742593
322560
19
586493473
1935360
2880
192
4
20
108
216
676315129
19
407257057
1260
6825
13824
8
211680
161280
917762047
26880
4
331032489
17280
201801600
18144000
66
30
27
676315129
4
12
627458047
7257600
2304
57600
13
1330560
3628800
4
4
1
2
322560
673211965
1478400
12
100422410
1620
77760
96
84
36
8
43200
15504
20
977656809
9
447530413
3326400
20
662064978
197313529
1632960
96
2
308123647
777600
2257920
1290240
19
16
2304
777600
438760447
6
81
195955200
68040
192
6
4
4
933908278
443520
30
308123647
72
161280
4608
20
4
36288000
166320
63000
21
12
8
401576539
48
20
9
8640
137739482
576
1
147
645120
933908278
2160
1
234250235
125
311014509
1036800
4
80640
959642708
720
756797435
2
45
4989600
140
401576539
19
24
2
311014509
1555200
3
48
1260
103680
16
6
486850215
36288000
2160
349485186
45
8168160
1632960
401576539
378
3
641507292
27
720
161280
2
45
967680
51840
1555200
42
213835764
108
12960
1
2
6
985377138
1152
1555200
72
67737600
1935360
192
53222400
34
100
4320
5644800
207360
30
32
125
332640
25920
12
81
544320
311014509
5760
1
9
241920
261273600
756797435
2
20
1152
645120
36
19
162283405
2304
322560
349485186
60
564282749
420
2268
579310588
34
36
129600
1440
665280
15
550957928
742547284
14400
4320
30
762048000
959642708
65318400
311040
5
2
80640
1555200
479001600
72
24
39916800
18
259200
42
256671741
27
2304
256
66
25
12
181440
238852094
10
25
161280
19440
136080
6
16
645120
56855999
311014509
1
604800
12
212565247
25920
30
1935360
720
161280
194400
39
100422410
10080
32175
96
10
36
959642708
662873788
259200
18
12
129600
864
174742593
16
64913362
438760447
401576539
349485186
34
81
130636800
1360800
90720000
4
50
8640
630000
11088
12
454053600
479001600
756797435
6480
14
36
742547284
192
5670
16
16
80640
1680
4320
6
515350517
36
645120
673211965
1
18662400
181440
518400
4608
19
9
576
86400
252
15
401576539
959642708
20736
322560
16
2
597885846
40320
119750400
17
9
731200729
5
1036800
63
36
1260
1632960
2580480
34
174742593
976654304
645120
4320
2
11027016
648593638
160376823
1247400
6
9
24
586493473
322560
110
100
161280
322560
6435
12
36
4320
401576539
3153150
20
256671741
985377138
2880
401576539
24
4
479001600
9031680
192
6
349485186
742547284
43200
391910400
15
4
259200
837279741
39916800
6
64
6652800
933908278
4320
15
93312000
391910400
1440
1
6
225
36288000
1134
7200
6
24
36
270
917762047
36
401576539
17280
349485186
192
34
781263551
781263551
77760
816480
88
331032489
959642708
783820800
1632960
8
100
6480
6726720
6435
1
81
80640
4320
27713400
12
36
384
1080
322560
3
150
161280
2
103680
14
400
50400
90720000
128
6
147
161280
917762047
518400
4
100422410
781263551
161454705
133056
11
81
959642708
74649600
6
48
10
3360
12
518400
1
915894177
259200
349485186
322560
2
1
36288000
120
917762047
12
448
32
25
27
10
32456681
25
10080
311014509
28
92897280
24
2304
401576539
16
586493473
20160
835728159
676315129
42
64913362
8
12
1584
30
40
3870720
5
807206400
4
328459046
2304
990
18144000
8
50
103680
192
45760
10
60
877520894
791877299
933908278
20
483840
4608
65318400
270
15
781263551
11226600
140
756797435
20
4
18144000
17280
3603600
18
4084080
16
261273600
783820800
60
19958400
15750
9
27
5
15
32
4320
80640
39
16
161280
933908278
8
220
761236066
976654304
8640
137739482
30
3456
322560
149299200
19051200
2
100422410
19958400
252
544320
18
36
6480
36
25920
52
4
1935360
349485186
985377138
14
184756
781263551
349485186
99768240
9
761236066
8640
985377138
783820800
12
64
16
783820800
13440
1
24
17280
540
1555200
2
15
410668941
12600
3628800
4
12600
959642708
627458047
45
1
25
8640
1360800
80640
1
311014509
25
401576539
72
4
49
3
8164800
9
10
564282749
4
1152
360
60
80640
34560
1555200
125970
19
387491292
17280
391910400
756797435
10
360
27720
239500800
627200
2
564282749
161280
544320
4320
3
10
36288000
4320
1120
7
2
125
720
11289600
88
50211205
2160
49766400
331776
90
50
6
512
80640
6
110344163
12960
384
756797435
110
8
125
349485186
9
65
49
8
1
4608
44
18
280
2580480
9
5
100
14968800
783820800
110880
6
937000940
8
1632960
64
14
24
110270160
917762047
18
1
27
479001600
32175
12960
88
81
18144000
1036800
8
180
637695741
5760
4320
129600
18
49
1555200
126977760
1080
14
11612160
33264
1632960
2160
6
27
3
401576539
540
6
100
31824
35065759
4898880
4
973700430
781263551
756797435
18144000
78
12
384
3843840
1290240
1
4
1555200
1290240
2880
24
5
8
420420
958003200
4
25
5040
645120
2304
4
6
781263551
259200
4608
34
12
36288000
128
985377138
30
32456681
17280
4320
1152
18
99768240
12
27648
32
12
196
10
349485186
540
78
32
479001600
16
59875200
1
10
16
324
1890000
1
36
3870720
4368
311014509
2
8
125
783820800
27
6
937000940
645120
3
6272
15
15
27720
1152
518400
17
72
2
676315129
40824
45
4
4
2520
181440
14
28
103680
544320
40320
6
781263551
959642708
401576539
22579200
16
72
877520894
401576539
16
35
9
1261260
78400
756797435
12
915894177
18144000
322560
9979200
7
9
1260
1296
579310588
84
50
1935360
985377138
59875200
28
9
25920
741304234
100900800
84
2
32
933908278
349485186
1
14
1
224
6300
28
348179577
97977600
518400
2304
70
973700430
144
90720000
9031680
22
395214847
2304
676315129
6480
8
413218446
877520894
10886400
6
2
818327278
207360
756797435
756797435
2
662064978
907200
6480
69120
18
814514114
479001600
4
4608
1
5
4
917762047
4515840
6
196
391910400
837279741
645120
10
27
45
1555200
768
40
7
877520894
933908278
5322240
28
81
448
9
933908278
18
627458047
7257600
9504
933908278
1
468500470
42000
96
9979200
9
1658880
65318400
5
140
5
22702680
8640
32
103680
7
4
18144000
612360
756797435
70
18432
207360
518400
756797435
6
25
720
9504
2880
19
20
3240
19958400
192
20
12
877520894
5940
103680
6
19353600
5
125
756797435
10
6
3628800
627458047
12
28
814514114
96
676315129
8164800
17
453600
27
958003200
1
19
100
4
676315129
1814400
12
112
720
27648
3402
16
826436892
548674560
401576539
627458047
2
36
3628800
1555200
958003200
5
90
544320
985377138
360360
11
32
4320
401576539
917762047
1
45
27
181440
261273600
4
5
960
128
676315129
15
18
479001600
1632960
53760
26
564282749
161280
3136
20180160
12
8
48
349485186
4608
2
746496000
40320
401576539
28
14
2903040
720
18
673211965
42
140836571
322560
27648
917762047
19
121080960
16
933908278
322560
3
50
10
917762047
1320
10
72
72
645120
933908278
20
81
9720
741304234
9
6
9
959642708
504504000
136080
4
20
36288000
25025
151200
15
26400
64
1440
756797435
4
781263551
40320
66528
1008
90
9
3870720
4608
280
26
967680
25
1485
4608
2
63648
18144000
391910400
38798760
18
28
9
756797435
174742593
42
99768240
6
64
90720000
24
9
15015
192
16
20
75
1728
349485186
24
4
72
96
756797435
129600
36
140836571
25920
5644800
2304
24
18
959642708
311040
917762047
4
80
93504988
586493473
2073600
60
36
64
311014509
4320
8
564282749
4
322560
90720
20
81
4320
917762047
18662400
11
36
6
1
18662400
14
958003200
742547284
1152
630630
3
25
12600
349485186
189189000
20
409163639
2304
645120
917762047
60
261273600
80640
130636800
130636800
6
4
4
8164800
5443200
6
29030400
80640
454727167
17280
2
234250235
4320
9031680
933908278
11
32
36
958003200
783820800
3
12
1
2
1
6
4
781263551
32
8
2
360
192
331776
18
252
100
781263551
5
80640
2
8467200
7560
933908278
27
24
18
259200
933908278
985377138
20
67737600
8
12960
837279741
15
16
2160
180
4320
6
100422410
80640
4898880
958003200
3
5
130636800
18144000
5
6
6726720
72
128
322560
3
401576539
322560
34560
9922500
16
25
384
160376823
18144000
30
24948000
3870720
12600
80640
14
479001600
5040
18144000
8960
78
24
1080
1663200
55440
21
9
207360
756797435
108
12
63
103680
192
221760
4
12
80640
480
16
24
348179577
438760447
172800
311014509
19
147
19440
917762047
72
19
662064978
985377138
5
7257600
24
468500470
25
181440
837279741
19
174742593
25920
161280
224
48
98644334
3870720
391910400
917762047
28
24
877520894
391910400
1
8
24
318036988
985377138
40320
12
515350517
781263551
1152
756797435
42
7
34560
933908278
4608
11
696729600
26880
933908278
401576539
4
25
404330467
586493473
160376823
4
50
80640
8
401576539
6
7
438760447
5940
25920
14
68869741
976654304
51840
479001600
20
36
27
57657600
1555200
110
39916800
27720
741304234
933908278
2
564282749
322560
985377138
32
2
322560
3
349485186
1152
6
49
318036988
4
586493473
165
1
25
9
331776
3
4
645120
344346886
479001600
33
101606400
36
1036800
401576539
6
193421293
8640
401576539
673211965
42
401576539
25
322560
2580480
2
2
645120
5005
391910400
2
9
1620
12870
32
84
19906560
103680
1360800
4515840
15
662064978
125
1080
349485186
34
4
7560
43200
933908278
10
36
9072000
103680
19440
44
3110400
32
155520
278576053
60
586493473
25
22680
161280
17
27
25
38880
8640
4
36
10
94594500
36
18
10
8
401576539
933908278
24
121080960
877520894
43545600
322560
4
761236066
161280
645120
32
6
196
103680
2160
1980
10
814514114
249480
837279741
38880
20
161280
976654304
16
1601600
20
900
3628800
645120
18144000
42
9
3628800
408240
18144000
3
12
110880
4608
985377138
1
14
958003200
877520894
78750
21
81
2160
81
768
4
12
1632960
26880
27
4
774982584
18144000
192
81
2
696729600
4608
192
192
9
393607847
36
783820800
513343482
90
595832823
130636800
27648
4368
2
72
781263551
384
192
14
2880
483840
424574439
4
56
10
16329600
384
4608
2
401576539
161280
84
756797435
6
564282749
967680
1890
51840
8
25
2450448
756797435
1290240
8
277147129
322560
174742593
50450400
3
17472
742547284
38880
331776
21
651771206
48
1632960
933908278
33
777958777
450
673211965
985377138
24
18
103680
1632960
192
6
20
2304
756000
602426788
12
23224320
391910400
25920
12960
3
174742593
959642708
86400
9504
16
761236066
192
4898880
174742593
2
528725562
84
349485186
1440
6
977656809
781263551
4320
36
40
24
80640
2160
86400
2
1209600
742547284
783820800
933908278
15
349485186
959642708
40320
2376
18
6
1555200
155195040
99768240
19
27095040
25920
68040
518400
21
27
17280
783820800
768
11
325885603
8640
2304
1036800
2
4
5040
933908278
12960
3
586493473
6
106444800
51840
72
201801600
318036988
16
165888
5
25
130636800
378
51840
19
256671741
438760447
985377138
1632960
12
194740086
6480
311014509
2160
15
29030400
13440
18144000
90720000
8
46448640
720
112
349485186
1
3
103680
174742593
917762047
3
349485186
120
311040
2882880
15
81
36
673211965
6220800
2
564282749
2332800
1440
96
22
3
48
1478400
2304
2
16
129600
18144000
673211965
45
915894177
9
933908278
1632960
28
36036
1152
128
2304
66
957069265
768
174742593
144
4
569540462
27
768
27648
3
16
1935360
401576539
9720
11
331032489
2880
2160
756797435
36
24
207360
80640
448
1
4084080
2160
518400
401576539
17
915894177
36288000
3628800
2880
21
48
8640
4515840
391910400
15
25
5
933908278
985377138
10
16
125
167960
807206400
28
100422410
180
627458047
401576539
2
18
36288000
207360
1632960
2
12
80640
56
32175
19
972509923
781263551
349485186
12
88
50
40320
110592
4608
17
678261247
5
129600
110592
22
36
273779294
4898880
917762047
20
12
6912
349485186
401576539
15
2
781263551
9
8
14
1140480
16
630000
36
70
4
12
23063040
130636800
42
19958400
113513400
1152
302400
1
58060800
36288000
331776
6480
30
895306633
3628800
933908278
172800
7
761236066
36288000
917762047
384
6
958003200
1
161280
6300
42
36
36
783820800
3000
14
200
7257600
149299200
401576539
9
64913362
438760447
933908278
415800
20
64913362
45360
311040
756
10
16
479001600
128
12
44
569540462
34020
897471602
90720000
40
187400188
227026800
349485186
24883200
51
100
8
3991680
2160
51
1
877520894
12
161280
39
958003200
17280
401576539
79833600
1
36
877520894
15
261273600
19
36288000
51840
837279741
4608
8
4536000
5
3696
256671741
12
400
18144000
192
518400
1
48
9
783820800
401576539
4
665280
1632960
90720000
258327528
30
100422410
224
933908278
1632960
34
564282749
959642708
256671741
2494800
12
234250235
959642708
80640
1728
28
14
60
80640
1
4
401576539
130636800
6480
4898880
4
7257600
4608
4898880
256671741
168
401576539
781263551
311040
5
6
777600
438760447
59875200
420000
6
48
877520894
25
8
19
16
877520894
622080
349485186
4
15
48620
933908278
917762047
14
49
15015
4515840
5
30
27
8640
6480
360
24
2
518400
16329600
1632960
20
72
25
9
59875200
5
401576539
72
933908278
113711998
20
63648
959642708
4608
432
60
13824
504
768
45158400
19
100422410
985377138
2268
256671741
10
100
103680
12960
270950400
17
528725562
288
544320
3600
84
1680
2880
130636800
933908278
34
101606400
391910400
933908278
40320
8
100800
240
1890000
4608
24
100422410
36288000
11340000
2880
18
7
64
1036800
125
20
45
1088640
1050
401576539
10
64913362
18564
184756
645120
3
25
3
917762047
676315129
42
81
781263551
256671741
1152
8
11612160
64
64800
4
12
274560
9
627458047
958003200
20
50
27
756797435
67737600
84
349485186
36288000
2102100
90720000
105
36
2100
586493473
933908278
84
3628800
36
756797435
1632960
12
98
36288000
2721600
544320
63
915894177
181440
11760
1632960
4
40320
720
933908278
1555200
2
564282749
195955200
27648
479001600
66
25
1440
311014509
909454334
78
9031680
51840
1
384
8
46448640
3870720
985377138
1632960
6
25
958003200
18144000
27
30
15
8
349485186
645120
10
25
16
2304
192
9
973700430
108
12960
958003200
20
720
1632960
5
349485186
12
401576539
130636800
4608
12960
18
232243200
270
8640
586493473
20
72
36288000
756797435
18
2
100
90720
4608
1050
5
254016000
720
1080
877520894
6
10
896828769
322560
518400
30
4
16
18144000
756797435
4
16
24
1440
625
24
12
110880
1632960
16
19
781263551
438760447
6480
2160
22
284770231
272160
1
90720000
16
75
967680
1126125
86400
10
915894177
976654304
259200
240
78
586493473
2880
24883200
165888
8
316800
3360
32
149299200
39
64
4
783820800
270950400
91
9
8
35065759
783820800
19
21
18
90720000
544320
1
6
4
4
149299200
22
10
51840
206609223
256671741
8
2
161280
810
518400
16
32
985377138
2304
4608
7
761236066
645120
391910400
1632960
1
32
27
256671741
13440
4
814514114
80640
4898880
391910400
8
36
391910400
4
272160
20
8
5760
513343482
1680
65
515350517
25
64
985377138
18
9
2304
34020
180
51
325885603
479001600
672
256
30
371273642
479001600
438760447
1088640
1
18
72
324
401576539
9
348179577
6912
756797435
256671741
3
9676800
976654304
349485186
27095040
84
928314210
125
401576539
360
5
36
4
36
207360
12
9
947536561
722887383
16
15
36
3628800
90
311014509
2
9
322560
311014509
513343482
8
50
322560
349485186
1080
12
564282749
181440
2160
401576539
2
746496000
360
1088640
79833600
30
720
8640
917762047
53760
24
100
8640
415800
360
13
8
64
985377138
32
12
3
2
43200
192
6
254016000
959642708
985377138
438760447
