812765230
1
592945796
561122822
3628961
19959169
817975258
778382809
3
554299469
20199
239501569
181581
3
90861
1297
90861
2557
5077
9
727865831
3
29
90861
131
1
512479299
90861
295326372
29
745506958
1814561
2557
340683941
2495567
39917569
733950799
684396557
181581
795776964
972551040
239501569
39917567
928412349
684396557
1814561
131
19959167
2557
831446598
29
733
20199
10119
1
120310975
123637512
907361
131
40359
644471908
9979967
29
1
740006179
9
39917567
9979967
518923609
19959167
479002369
9
9
3
5077
914848081
684396557
123637514
315632948
236987905
3
3
363021
1814561
20199
181581
1814561
733
733
2557
531925454
21900840
6759
29
664643632
581277435
363021
131
895347750
9
197891118
890117733
581277435
907361
733
457426646
823614010
29
1814561
908112411
9
172978009
792410030
39917569
518923609
342380169
684396557
518923609
9
392557147
131
10119
392557147
587018697
59875969
2
181581
581277435
740006179
946816610
1
779865477
1814561
348439066
9
290658966
29
907361
81237225
370184980
40359
3
745506958
9979967
39917567
10119
119751169
5077
3
187283460
9
123456074
29
315632948
733
29
392557147
3
373
2557
1
492729066
733
328499543
61972510
914848081
778381729
946816610
20199
3
1
29
119751169
656959209
972551040
290658966
554299469
111583025
2557
172158994
871895904
118782550
90861
42526355
561122822
55973403
42344915
40359
120310975
370184980
733
1814561
10119
561122824
781480247
40359
877
20199
946816610
745506958
656959209
181581
131
61972510
59875969
17
90861
315632948
558514616
637700952
9
3
59875969
181581
29
131
118782550
9
40359
9979967
1297
561122824
6
42526355
781480247
733
389194009
29
29
96913320
71
1
2557
181581
1814561
29
55973403
181581
119751169
1
972551040
10119
90861
779665847
119751169
9
9
131
781480247
71
781480247
3
181581
157763764
55973403
181581
895347750
20199
928412349
187283460
3
3628961
90861
733
1814561
370184980
181581
481404224
3
368792423
29
3
581277435
9
748042503
363021
604961
40359
831446598
181581
684215117
907361
907361
9979967
675430892
181581
40
373
972551040
71
10119
946816610
985418255
1
1
259464409
561122822
9979967
236987905
733
492729066
20199
457426646
239501569
246911245
5077
390074308
259463689
17
2557
363021
131
3
29938369
1
181581
9
1
778382809
3
1814561
157763764
236987905
1297
71
2495567
561122822
29
558516056
914848081
648602386
9979967
55973403
71
1
374203141
363021
778382449
3628961
604961
792410030
733
29
131
6
740006179
19959167
10119
454058811
972551040
120310975
373
164270020
29
363021
492729066
1
740006179
1297
131
907361
81418665
60621
20199
1814561
20199
55791963
1
748042503
831446598
131
29
20199
579821082
40359
531925454
181581
90861
1
20199
792410030
745506958
118782550
4990247
363021
23080200
740006179
389194009
119751169
131
9979967
151361
123637514
3
10119
1297
9979967
1
675612332
3
40359
3
79834369
39917569
40359
817975258
637700952
123637514
5079
29
9
39917569
181581
675612332
1814561
3
315632948
9979967
246911245
131
392557147
3
55973403
821355639
1
29
3
