42205232
90861
4990367
9
29
2557
29
778758647
315632948
648957417
59875969
39917569
119751169
745506958
349346266
20199
457426646
29
561122824
20199
914848081
39917569
778382809
790473135
561122822
779865477
9979907
370184980
604961
290653926
946816610
631224779
19959167
236987905
907361
9
111583025
389194009
123637512
29
246911247
935090377
373
119751169
9
581277435
348801946
59875969
29
779865477
6759
374203141
581277435
7523276
40359
907361
60621
664643632
373
561122822
1297
118782550
19959167
558516056
20199
236987905
239501569
817975258
187283460
946816610
656959209
1663967
302561
1814561
17
59875969
181581
90861
181581
733
29
492729066
831446598
558516056
1814561
3628961
340683941
664643632
6
172158994
39917569
914848081
389194009
779865477
239501569
778382809
481404224
315632948
1
733
781480247
55973403
1
198095597
239501569
29
9
3
3
123637512
373
1663967
29
222802269
745506958
9
3
745506958
29
561122822
9
492729066
946816610
907361
1814561
9
20199
457426646
19959167
1814561
817975258
302561
740006179
637700952
972551040
740006179
29
2557
259464409
9
374203141
9979967
1
181581
9
445240757
59875969
675612332
373
558516056
558516056
17
914848081
20199
40359
492729066
3628961
9
871895904
131
181581
118782550
29
466023198
453761
512479299
2557
3628961
29
9
20199
9979967
181581
778382809
914848081
370184980
111583025
40359
3
363248091
61972510
3
340683941
29
1297
907361
20199
3
315632948
1
3
972551040
39917567
39597656
40359
935090377
733
2557
71
295326372
363021
198095597
3
745506958
9
1297
775023701
392557147
40359
781480247
656959209
9979967
59875969
9
3
45501
119751169
21810120
453761
5077
1
131
363021
779865477
985418255
61972510
558516056
9979967
838745365
29
3
935090377
373
20199
733
5077
605410011
20199
131
373
30381
236987905
90861
1
766901926
445240757
389194009
512479299
779865477
131
1
90861
745506958
131
181581
340683941
421189705
9
733
733
131
492729066
120310975
831446598
3
907361
3
675612332
9
246911245
79834369
3
895347750
119751169
466023198
1
131
1
928412349
19959167
239501569
684396557
561122822
1
29
561022022
5077
239501569
928412349
795776964
890117733
29
373
20199
389194009
3
374203141
181581
20199
558516056
17
677733835
733
914848081
17
871895904
9979967
5077
3
778382809
871895904
5077
908112411
492729066
131
181581
3
479002369
4990367
871895904
9
492729066
340683941
1
131
4990367
181581
15261
20199
3
558516056
551761932
172158994
2557
1
118782550
928412349
831446598
131
9
2557
1
9
9
120310975
596481682
664643632
17
71
5077
9
1
745506958
9
71
17
100864822
222802269
637700952
907361
19959169
181581
778382809
363021
831446598
3
1
29
745506958
222802269
1
118782550
373
3628961
733950799
914848081
1
675612332
985417635
907361
9979967
39917569
1814561
1
637700952
592945796
561122822
342380169
302561
119751169
119751169
9
328500163
29
120310975
181581
123637514
131
20199
4990367
374203141
581277435
972551040
985398095
331037700
55973403
3
3
164270020
2557
3
677733835
2557
9
226961
3
1
9
181581
972551040
131
1814561
29
60621
3628961
466023198
239501569
370003540
5077
129734809
9
817975258
181581
3
40359
392557147
6
79834369
20199
733
29
3
20199
30381
3
1
779865477
1814561
914848081
581277435
684396557
745506958
914845561
120310975
531925454
118782550
29
581277435
29
181581
561122822
20199
119751169
19959167
239501569
3
748042503
131
907361
5077
581277435
895347750
733
222802269
9
187283460
492729066
131
390114628
733
374203141
29
17
895347750
363021
23080200
373
831446598
745506958
914848081
985417635
105238394
733
17
779865479
277152340
71
181581
29
5077
392557147
481404224
831446598
257149472
3
29
119751169
40359
831446598
2557
581262315
954859603
3
512297859
374203141
81418665
3
10119
40359
181581
733
1
17
164250480
3
512479299
5077
40359
17
779865477
42526355
6
512479299
118782550
90861
20199
119751169
60621
3
1
111401585
946816610
3399
4990367
561102662
745499398
392557147
71
1
131
373
79834369
363021
277152340
3
198095597
1
119751169
42526355
9979967
1
172158994
181581
3
29
946816610
733
9
3
133
20199
935090377
9
395337817
684396557
2
781480247
20199
1
187142340
831444078
259464409
907361
1
1
551761932
1814561
561122824
39917569
29
3
19959167
6759
17
518923609
1
481404224
131
29
353589270
181581
928412349
3
290658966
370184980
9979967
19959167
558516056
3628961
907361
3628961
2557
3
187283460
733
1
40359
457426646
29
111583025
172158994
9
71
674886572
71
389194009
9979967
587018697
10119
972551040
29
123637512
946816610
907361
17
71
20199
29
43248409
554299469
222802269
2
222802269
637700952
778382809
71
3
1
181581
838745365
745506958
374203141
9
1
239501569
1814561
164270020
20199
9
374203141
3
3
131
781480247
561122822
907361
258056672
733
10119
740006179
778382809
90861
733
374182981
131
20199
373
118782550
131
479002369
20199
3
9
363021
3628961
1814561
3
315632948
1
561122824
131
9
239501569
20199
131
20199
9
907361
187283460
17
1
9979967
1814561
3
90861
492729066
29
558516056
1814561
2557
972551040
19959167
558516056
1814561
9
20199
582338138
4990367
587018697
3
315632948
1
3
5077
170344594
558516056
20199
5077
181581
20199
71
315632948
370184980
363021
2557
1
779865477
81418665
363021
907361
871895904
1814561
9
20199
1
71
895347750
9
9
389194009
9979967
492729066
29
2557
61972510
9
3
6
558516056
29
61972510
119751169
39917569
61972510
1
111583025
985418255
302561
374203141
1814561
19959167
1
186213235
118782550
1
373
151361
6
105238394
39917569
947880180
71
733
90861
45501
558516056
581277435
1
277152340
19959167
21810120
10119
17
29
5077
9
363021
2557
20199
778382809
9
315632948
3
2557
2557
5077
1
20199
3
3
558516056
656959209
558516056
1
290658966
831446598
17
17
9
181581
9979967
29
181581
733
733
831446598
9
5077
554299469
29
2557
1
239501569
946816610
795776964
733
985418255
131
3
336589933
656959209
129734809
131
3
531925454
373
131
10119
9
363021
561082094
895347750
246911245
907361
9979967
1
19959167
29
20199
374203141
181581
123637512
5077
3628961
123637512
592945796
907361
871895904
20199
740006179
817975258
733
81418665
1297
457426646
19959167
561122822
733
187283460
733950799
41
1
871895904
29
5077
592945796
6759
1
1814561
19959167
9979967
111583025
497476874
9
644471908
40359
239501569
1
71
946816610
19959167
2557
492729066
119751169
387531789
259464049
373
81418665
20199
648602386
17
90861
558516056
581277435
1
561122822
181581
131
1
5077
29
131
3
29
290658966
39917569
9
675612332
181581
29
656959209
3
9979967
1814561
10119
518923609
778382809
637700952
120310975
119751169
445240757
518923609
9
187283460
119751169
55973403
561122822
511753539
29
187263300
81418665
20199
531925454
39917569
17
363021
29
3
3
187283460
29938369
677733835
592945796
59875969
779865477
363021
119751169
4990367
745506958
90861
29
907361
656959209
3
39917569
733
131
259464409
281641605
42526355
3
395418457
172158994
453761
895347750
778382809
20199
907361
17
972551040
5077
131
40359
558516056
42163475
131
733
29
40359
90861
119751169
3
695058487
9
733
120310975
349346266
363021
71
363021
675612332
3
40359
71
19959167
123637512
131
181581
9979967
236987905
9979967
1814561
373
42526355
246911245
831446598
457426646
342380169
558516056
790473135
40359
29
733
9
907361
20199
374203141
3
181581
1
740006179
871895904
131
1
10119
5077
40359
985418255
748002183
733
907361
9979967
181581
9
23080200
512116419
733
392557147
581277435
131
561082094
9
90861
1
111583025
928412349
3
187283460
740006179
581277435
587018697
817975258
59875969
2557
340683941
29
9
3628961
41982035
453761
5077
675612332
781480247
674886572
9
733
644466868
481404224
20199
222802269
392557147
2557
29
5079
71
733
55973403
521962456
656959209
895347750
23080200
1
453761
90861
71
374203141
1
740006179
71
561122822
2557
131
10119
733
120310975
373
197891118
315632948
9
2557
745506958
1
871880784
1
131
470341765
3
17
258056672
55973403
181581
656959209
9979967
10119
908112411
9
29
29
778382809
656959209
10119
181581
123637512
9979967
340683941
19959167
45501
29
349346266
111583025
337134253
1297
558516056
3
40359
90861
3327167
1
123637512
181581
61972510
39917569
55973403
370184980
9
389194009
972551040
492729066
315632948
481404224
9
187283460
732136399
45501
19959169
20199
781480247
239501569
972551040
363021
5077
9
363021
9
1
972551040
727838105
340683941
914848081
129734809
181581
1814561
871895904
79834369
907361
302561
29938369
5077
561122822
733
914848081
831446598
778382809
4990367
907361
9979967
9
120310975
17
3
131
558516056
972551040
684396557
17
3
392557147
20199
1
1
733
387758737
290658966
907361
2557
19959169
20199
5077
131
277502829
120310975
795776964
9979969
558516056
3
781480247
6653569
972551040
3
1
5077
373
100864822
831446598
9979907
129734809
236987905
340683941
1
79834369
20199
907361
1
3
587018697
392557147
19959167
581277435
119751169
3
259464409
29
4990367
914848081
17
239501569
328500163
5077
587018697
946816610
560193485
877
1297
740006179
9
9
392557147
4990367
2557
781480247
1814561
389194009
20199
111583025
164270020
23080200
119751169
290658966
119751169
1814561
236987905
561082094
895347750
664643632
19959167
29
373
387532409
20199
90861
71
239501569
492729066
677733835
1814561
831446598
5077
131
29
551741772
61972510
1
1
39917567
3
631224779
3
684396557
561122822
733
1
55973403
695058487
3327167
196281197
946816610
778382809
664643632
644466868
119751169
3
779865477
2557
518923609
745506958
277152340
389194009
781480247
3
9979967
395418457
558516056
2557
71
9
457426646
342380169
733
470341765
151361
392557147
29
9
631224779
131
9
838201045
928412349
39917569
395398297
131
6759
20199
20199
1
29
2557
1297
1
4990367
2557
9
123637512
1814561
561082094
55973403
71
492729066
61972510
59875969
9979967
935090377
4990367
9
40359
3
81418665
328500163
4990367
1814561
29
733
40359
236987905
558516056
1
29
274780522
390742747
792410030
675612332
1
277152340
5077
581277435
90861
1814561
420463945
9
587018697
745506958
164270020
42526355
181581
656959209
340683941
9
914848081
20199
29
3
370184980
29
581277435
1
733
5077
29
561082094
3
19959167
1814561
71
181581
1814561
3
561122822
581272395
3
558516056
946816610
119751169
740006179
779865477
946816610
581277435
187222980
133
779865477
733950799
118782550
353589270
2557
19959167
907361
131
131
373
492729066
9
40359
733
2557
61972510
20199
100864822
9
71
19959167
19959167
895347750
3
907361
187283460
457424126
111583025
131
2495567
55973403
315632948
5077
5077
111583025
39917567
2557
349346266
119751169
42163475
181581
9
877
259464409
9
119751169
20199
20199
302561
42526355
512479299
20199
3
907361
664643632
781480247
492729066
3
119751169
290658966
131
1
5077
745506958
1814561
3
445240757
119751169
3
29
9
1297
71
733
733
561122824
972551040
3
181581
181581
779865477
42526355
914848081
559286285
370184980
131
795776964
60621
6
119751169
29
29
123637512
105218234
831446598
19959167
9
778382809
258056672
1663847
518923609
349346266
6
779865477
637700952
5077
9
349346266
29
187222980
193
9979967
28168592
1
3
748042503
1
907361
59875969
370184980
5077
1814561
59875969
366978023
831446598
985417635
181581
733
3
554299469
531925454
20199
684396557
9979967
19959167
1
236987905
363021
1
9
193
457426646
561122822
871895904
684396557
2557
1
258056672
3628961
1
3327167
3
745506958
895347750
779865477
9
908112411
29
59875969
946816610
131
10119
637698432
395418457
3
61972510
1814561
9979967
5077
71
20199
389194009
118782550
9
9
5077
677733835
29
131
23080200
790332015
172158994
71
592945796
71
985418255
831446598
239501569
3
9979967
1814561
29
637700952
61972510
120310975
19959167
71
374203141
9979609
60621
831446598
817975258
733
211686115
493458711
349346266
914848081
972551040
779865477
239501569
119751169
40359
831446598
914848081
29
9
71
10119
187283460
1814561
17
907361
119751169
392557147
1
5077
328500163
733
972551040
733
373
5077
9
1
131
29
1814561
164270020
370184980
558516056
831446598
2557
131
1
733
111583025
781480247
40359
29
59875969
164270020
10119
9979967
5077
123637514
370184980
1
733
29
4990307
181581
363021
9
4990367
181581
9
164270020
29
1814561
3628961
9
985417635
194599609
5077
831446598
222802269
631224779
9
3
3
30357
3
9
1
2557
9
181581
479002369
631224779
512479299
745506958
392557147
119751169
42526355
131
259464409
9
972551040
370184980
2557
2557
733
29
239501569
20199
433863161
259464409
466023198
259464409
2557
1
193
1
373
392557147
3
695058487
71
6759
131
581277435
877
17
631224779
748042503
373
123637512
6
1
664643632
39917567
363021
664643632
39917569
733
9979967
985417635
29
9
9979967
29
181581
20199
222802269
193786143
55973403
684396557
131
2495567
3
3
985417635
558516056
120310975
781480247
637700952
28168592
914848081
29
877
20199
123637512
395418457
5077
733950799
389194009
3
39597656
119751169
349346266
20199
118782550
733
10
684396557
895347750
23080200
9
222802269
246911245
733
733
9979967
29
373
946816610
895347750
181581
133
1
363021
5077
20199
5077
59875969
8653489
871895904
733
745506958
1
1
1814561
363021
733
1814561
946816610
105238394
29
817975258
131
29938369
131
81418665
17
895347750
3
151361
928412349
1
1814561
637700952
457426646
246911245
5077
123637512
29
131
131
831446598
9
946816610
740006179
257512352
748042503
187283460
363021
1663967
363021
198095597
363021
315632948
5077
9979967
745506958
19959167
40359
778382809
453761
1
60597
740006179
604961
373
5077
90861
19959167
236987905
1
61972510
29
131
604961
831446598
239501569
90837
42526355
3
2557
2557
40359
9
1663967
3
1
9979967
40359
740006179
20199
3
10119
778382809
181581
5077
3
908112411
946816610
778382809
733
392557147
29
1814561
29
20199
198095597
3
1
453761
17
61972510
181581
551371611
131
1
4990367
328500163
1
181581
123637512
792410030
675612332
637700952
40359
518923609
131
675612332
518923609
9
733
17
3
198095597
1
592945796
60621
416567
111583025
374203141
9
518923609
131
3
9
1
3
20199
733
3
40359
43248409
733
733
3327167
222802269
831446598
71
558516056
664643632
637698432
3
733
9979787
831446598
9
374203141
781480247
9979967
20199
4990367
3
40359
2557
554299469
181581
59875609
120310975
817972738
29
5077
3
277152340
907361
71
39917567
239501569
374203141
20199
374203141
19959167
3
748042503
3
363021
42526355
9
781480247
40359
373
518923609
23080200
164270020
664
5077
1814561
81418665
131
42526355
373
2557
3
3
3
181581
733
196281197
20199
19959167
972551040
9
558516056
4990367
675612332
181581
9979967
745506958
1
181581
370184980
19959169
745506958
370184980
1
71
90861
259464409
171371975
656959209
637700952
131
363021
6759
181581
745506958
349346268
453761
239501569
778382809
20199
558516056
19959167
871895904
561082502
779865477
19959167
935090377
71
395418457
20199
29
71
315632948
745506958
198095597
9
1
547596565
547594045
2557
1814561
914848081
55973403
6759
123637512
985417635
181581
453701
1
4990367
457426646
5077
131
81418665
561122822
636694327
792410030
2557
733
131
727838105
740006179
558516056
9979967
745506958
817975258
370184980
342380169
119751169
561122822
181581
1
733
90861
453761
3
3
90861
907361
131
363021
9979967
733
3
17
164270020
778382809
605410011
42526355
3
831446598
3
172158994
295326372
55973403
370184980
131
1
131
907361
9
733
131
1
20199
1109567
838745365
1
781480247
118782550
766901926
81418665
9
733
197891118
470341765
131
119751169
373
9
587018697
277152340
558516056
19959167
193
302561
581277435
5077
131
59875969
1
29
277152340
561122822
451
342380169
59875969
1
561122822
295326372
17
558516056
3628961
373
1
733
370184980
492729686
985417635
118782550
3
1814561
2557
5077
20199
29
20199
59875969
895347750
935090377
684396557
373
42526355
9979967
90861
131
512479299
239501569
120310975
118782550
592945796
946816610
328500163
17
197790318
40359
558516056
302561
187283460
340683941
181581
684396557
1814561
558516056
194599609
1814561
733950799
315632948
118782550
395337817
664643632
877
5077
131
9
111583025
479002369
745506958
2557
257693792
1814561
17
348801946
131
3
561122822
23080200
733
190
3
492729066
105238394
129734809
17
733
123637512
1
373
831446598
20199
551371611
1
60621
778382809
985417635
1814561
131
2557
39597656
656959209
20199
467565437
907361
3
558516056
363021
985417635
3
877
71
20199
733
29
172158994
118782550
71
20199
373
129734449
3
373
778382809
9979967
123637512
17
445240757
373
2557
90861
907361
733
4990307
363021
131
328500163
59875969
29
29
61972510
1
20199
187182660
1814561
131
239501569
445240757
3
9
5077
3628961
733
23080200
877
733
11
197891118
290658966
181581
3628961
2557
3
604961
656959209
90861
3
3
60621
131
392557147
778382809
817975258
3
389194009
592905476
453761
71
831446598
71
5077
55973403
9
222802269
790849741
239501569
71
558516056
19959167
684396557
198095597
561122822
119751169
3628961
831446598
79834369
946816610
3
3
972551040
315632948
817975258
29
733
914848081
39917567
129734809
172978009
1
315632948
59875969
1
581274915
20199
907361
733
9
1
558516056
3
2557
19959167
5077
9
90861
1
3
363021
123637512
733950799
1814561
914848081
531925454
3
518922889
2557
181581
733
3
972551040
392557147
13306369
790473135
100864822
779865477
582338138
914848081
9
2
236987905
518923609
457426646
90861
71
684396557
29938369
17
561122822
118782550
985417635
181581
1
363021
20199
387531789
9
40359
781480247
9
3628961
363021
71
373
778382809
1
302501
745506958
302561
492729066
907361
907361
3
3
55973403
2557
637700952
581277435
492729066
370184980
20199
328500163
60621
745506958
871895904
120310975
39917569
40359
792410030
453761
9
466023198
20199
1
197891118
558516056
9
1814561
9
236987905
745506958
831446598
5077
492729066
1291
907361
373
90861
914848081
2557
29
17
9
222802269
745506958
29
111583025
1297
2557
315632948
19959167
29
3327167
1
340683941
29
9
4990367
131
9979967
45501
531199694
479002369
29
907361
5077
914848081
118782550
19959167
497476874
561122822
9979967
9
222802269
897192548
512479299
29
2
9
946816610
60621
561122822
9
19959167
239501569
9
29
29
5077
9979967
3
373
561122822
664643632
581277435
5077
277149820
871895904
972551040
79834369
3
29
17
181581
29
120310975
631224779
373
831446598
1
17
20199
363021
554299469
561122822
895347750
111583025
392557147
40359
838745365
518923249
3
972551040
745506958
928412349
457426646
119751169
71
131
277152340
946816610
29
42526355
119751169
239501569
1
81418665
90861
684396557
29
914845561
118782550
9
20199
19959167
531925454
492729066
2557
733
1
39596936
222802269
19959169
187283460
29
226961
119751169
9
42526355
40359
9
29
781480247
2557
40359
20199
695058487
181581
457426646
373
123637512
159426256
745506958
946816610
151361
9
373
164270020
946816610
1
1814561
531925454
817975258
29
373
373
1
1
561122822
9979967
363021
1
181581
19959169
1
2495567
123637512
19959167
5077
733
512479299
831446598
831446598
457426646
3
5079
64869649
29
373
20199
29
4990367
40359
363021
181581
778382809
1814561
466023198
55973403
120310975
17
239501569
745506958
373
9
733
373
39917567
374203143
10107
512479299
928412349
9
119751169
15237
561082094
29
733
131
5077
55973403
131
5077
20199
90861
3
3
1
1
9
290653926
3
907361
120310975
19959167
492729066
789035341
159203285
592945796
239501569
5077
131
315632948
90861
392557147
131
212570458
9
1814561
733
3628961
946816610
1
181581
131
578006322
9
664643632
656959209
560981702
831446598
518923609
745506958
4990367
871895904
171371975
972551040
246911247
302501
1
363021
3
637700952
29
19959167
17
131
392557147
581277435
1
342380169
985417635
105238394
558516056
1
554299469
41437715
664643632
131
315632948
781480247
71
131
664643632
6653567
664643632
2557
9
187283460
373
71
675430892
40359
90861
492729066
90861
3
181581
457426646
29
131
19959167
733
9
871895904
733
972551040
9979967
20199
592885316
71
1814561
1
914848081
373
23080202
340683941
5077
581277435
1
29
131
778382449
581277435
19959167
246911247
131
373
1297
733
3
620152915
90861
120310975
3
17
20199
19959167
392557147
512479299
3327167
17
118782550
831446598
118782550
779865477
9
1
39917569
745506958
370184980
1814561
779865477
40359
561082502
2557
3
193786763
5077
3
479002369
779665847
907361
946816610
187283460
558516056
561122824
831446598
23080200
19959169
3
118782550
237559891
1
39917569
831446598
1
3
60621
61972510
3
4990367
684396557
17
131
745506958
17
3
373
778382809
3327047
9
5077
9979967
315632948
23080200
19959167
342380169
637700952
290648886
29
19959167
1814561
1814561
20199
512479299
236987905
71
3
1
1
551761932
5079
664643632
1814561
5077
871893384
193786143
1
779865479
831446598
3
907361
1
370184980
733950799
6759
1814561
492729066
159203285
907361
29
9979967
20199
17
29
374162821
3
19959167
907361
222802269
131
637700952
111583025
733
831446598
946816610
457426646
1814561
425135705
39917567
518923609
2557
1
631224779
123637512
20199
187283460
2557
373
781480247
29
895347750
131
187283460
9
831446598
29
907361
187283460
71
373
554299469
19959169
637700952
518923609
831446598
5077
2557
315632948
9
23080200
131
733
1
9
6
315632948
2557
914848081
733
946816610
877
368792423
90861
914848081
363021
5077
181581
392557147
745506958
90861
895347750
3
9979967
831446598
592945796
181581
198095597
6
15261
17
9
1297
946816610
745506958
10119
20199
333287
775023521
9979967
119751169
29
664643632
779865477
9
118782550
131
29
392557147
9
17
558516056
5077
29938369
6
558516056
2557
71
745506958
733
895347750
61791070
581277435
222802269
60621
131
3
9
198095597
733
558516056
1
9
3
181581
871895904
71
29
9
39917567
198095597
9
9
946816610
395418457
558516056
914848081
374203141
40359
895347750
946816610
59875969
733
733
1109507
561122822
748042503
3
561122822
23080200
9
1
9
119751169
39917569
172158994
29
45501
131
1
123637512
29
3
907361
392557147
40359
684396557
4990367
20199
373
131
10119
518923609
1814561
5077
131
481404224
466023198
41
120310975
363021
370184980
661
29
246911245
131
29
390114628
20199
907361
2557
392557147
120310975
1
1
131
946816610
187283460
90861
3
392557147
871895904
90861
733
277152340
946816610
71
29
43248409
370184980
481404224
972551040
631224779
1
479002369
181581
9
9979967
740006179
2557
581277435
328500163
467565437
71
781480247
6759
9
492729066
1
131
119751169
60883870
9
259464409
71
492729066
3
871895904
531925454
558516056
9
1
778382809
129733729
9
1
946816610
3327167
131
42526355
558516056
181581
817975258
19959167
290658966
5077
2557
392557147
5077
370184980
3628961
1814561
1
61972510
392557147
1814561
39597656
733
985417635
604961
9
832367
29
914848081
1814561
637736858
29
1814561
3399
512479299
531925454
340683941
10119
9
277152340
90861
1814561
29
172158994
71
457426646
3
111583025
592885316
518923609
111583025
315632948
9
282004485
1297
561122824
2557
1
131
368792423
187222980
1
946816610
29
340683941
197891118
470341765
85867878
914848081
3
3
733
373
1814561
5077
222802269
895347750
748042503
29
315632948
111583025
181581
131
985418255
727838105
20199
817975258
40359
59875969
370184980
675612332
637700952
3
3
9979967
1814561
779865477
75761
119751169
181581
817975258
914848081
1814561
315632948
10119
946816610
4990367
131
90861
19959167
781480247
119751169
1
637700952
29
781480247
684396557
914848081
907361
193
561122822
831446598
222802269
366978023
733
581277435
935090377
1814561
42526355
131
259463689
19959169
239501569
745506958
373
17
9
239501569
389194009
907361
246911245
10119
198095597
664643632
20199
373
20199
3
5077
29
871895904
111583025
907361
123637514
1
1814561
131
6653447
20199
373
3
1663967
370184980
1
5077
315632948
340683941
1814561
9
733
9
9
2557
779865477
29
1
349346266
90861
19959167
374203143
181581
81418665
181581
392557147
164270020
4990367
2557
907361
131
4990367
664643632
9
100864822
457426646
558516056
61972510
17
3628961
40359
985417635
3
29
119751169
1
131
90815931
131
561122822
445240757
907361
29
61972510
453761
2557
1814561
118782550
370184980
3
20199
733
310079081
778382809
581277435
45501
302501
637700952
90861
29
259462609
778382809
373
871895904
1
40359
2495567
172158994
637700952
581277435
733
1
99050422
111583025
222802269
561122824
3
664643632
10119
40359
2557
20199
9
3628961
10119
637700952
197790318
246911245
59875609
131
928412349
119751169
20199
239501569
29
592945796
457426646
131
3628961
315632948
733
374203141
9979967
71
277152340
664643632
745506958
466023198
1814561
5077
29
748042503
29
198095597
315632948
61972510
972551040
22717320
1
558516056
389194009
131
17
4990367
561122822
9979967
20199
914848081
6653567
1
831446598
111583025
561122822
389194009
181581
493458711
10119
181581
71
531925454
907361
59875969
373
561122822
39917567
644471908
363021
531925454
193
79834369
558516056
120310975
631224779
3
181581
914848081
733
1663969
9
10119
131
2557
518923609
3
9
3
9
895347750
181581
60621
1
3
3
5077
111583025
479002369
3
1814561
20199
914848081
817975258
656959209
29
20199
740006179
3628961
373
39917567
5077
71
131
9979967
187283460
373
9
1
778382449
2557
792410030
733
42526355
373
197891118
171371975
2557
1297
40359
3
181581
664643632
374203141
277152340
907361
71
512479299
832247
745506958
3
733
684396557
554299469
907361
187243140
1
3
328500163
972551040
172158994
733
100864822
10119
1663847
3327107
831446598
745506958
3
30369
664643632
656959209
328500163
1814561
1
2557
3
9
2557
181581
492729066
3
236987905
370184980
605410011
197891118
3
5077
935090377
198095597
664643632
9
656959209
5079
3
123637512
120310975
664643632
907301
972551040
664643632
831446598
373
740006179
1
81418665
1
181581
118782550
42526355
2557
1
745506958
9
558516056
907361
9979967
503793637
3628961
598209305
131
3628961
914848081
493458711
3
315632948
10119
131
5077
222802269
187243140
373
664643632
90861
5077
295326372
3
71
1
838745365
9
5077
19959167
745506958
1
745506958
985417635
3
30381
60621
733
81418665
492729066
131
9
90861
4990367
20199
370184980
9
9979967
29
363021
914848081
492729066
40359
946816610
5077
2557
9979967
363021
40359
518923609
181581
745501918
3
895347750
1
390114630
907361
664643632
29
118782550
181581
4990367
39917569
170344594
131
40359
342380169
59875969
9
3
55973403
315632948
123637512
907361
29
10107
733
740006179
664643632
222802269
181581
1
928412349
20199
3
1297
19959167
9
871895904
6759
259464409
2557
3
373
781480247
6653447
9979967
5077
3
3
59875969
118782550
821375859
90861
453761
561122822
1
871895904
9
778382809
9
187283460
561122822
907361
20199
778382809
3628961
373
131
9
895347750
656959209
131
831446598
20199
29
373
10119
677733835
9
105238394
1
79834369
2557
6653567
90861
581274915
90849
453761
9
373
2557
5077
914848081
2557
457426646
39917567
55973403
674886572
3628961
42526355
363021
90861
59875969
181581
187283460
45501
907361
907361
181581
131
733
29
1814561
453761
1814561
342380169
387531789
9
236987905
363021
781480247
159203285
17
90861
831446598
3
392557147
131
561122822
631224779
677733835
328500163
71
373
42526355
684396557
6759
637700952
20199
21626809
838382485
817975258
39917567
119751169
1
748042503
684396557
197891118
907361
363021
71
20199
1
5077
733
9
29
781480247
3
9979967
79834369
40359
3
151361
733
363021
779865479
131
792410030
781480247
518923609
373
226961
895347750
3
181581
373
745506958
71
1
9
9
733
733
23080200
111583025
5077
745506958
19959167
29938357
42526355
547599085
492729066
131
363021
637700952
31
40359
193
370184980
1
587018697
1
631224779
55973403
3628961
19959167
387532409
781480247
1814561
20199
131
90861
90849
1
187263300
20199
61972510
315632948
29
119751169
561082094
20199
59875969
733
781480247
3
9
2557
29
363021
492729686
29
90861
914848081
907361
733
20199
946816610
20199
9979967
1
3
19959167
3
39917569
587018697
61972510
59875969
1
193
561122822
29
3
1663967
985417635
29
2557
9
1
29
664643632
19959167
946816610
20199
71
1
29
363021
374203141
23080202
3
198095597
1
1
45501
684396557
914848081
340683941
695058487
620152915
656959209
2
1
629967535
392557147
733
5077
972551040
740006179
420373225
592945796
778382809
9
81418667
781480247
1
40359
28168592
792410030
340683941
239501569
368792423
2557
181581
172978009
59875969
684396557
90861
637700952
29
561122822
45501
392557147
164270640
387532409
9
9
6759
90861
40359
9
890117733
664643632
40359
9
558516056
3628961
1
6653567
3
29938369
370184980
6
778382809
118782550
817975258
907361
664643632
492729066
100901
9
133
3
119751169
29
20199
492729066
733
10119
656959209
290658966
6653567
1814561
656959209
493458711
3
181581
222802269
656959209
9
6
30369
131
111583025
2557
985417635
513388363
664643632
637700952
1
9979967
946816610
9
561122822
9979967
656939049
972551040
198095597
587018697
3992449
9979967
40359
3
181581
972551040
1
71
778382809
20199
3
29
131
29
29
831444078
181581
587018697
40359
328500163
29
466023198
928412349
5077
60621
17
561122822
6759
733
193
1
914848081
733
6653567
1
1814561
3
20199
1
3
745499398
745506958
1
581277435
17
373
29
1
187283460
481404224
29
637700952
17
118782550
59875969
119751169
119751169
39917567
677733835
492729066
733
370184980
581277435
29
20199
1
479002369
907361
9
2557
315632948
795776964
246911245
6653567
775003541
194599609
3628961
373
518923609
6
259462969
90861
29
119751169
895347750
19959167
1297
9
111583025
1
328500163
792410030
259464409
914848081
2557
561122822
29
745506958
198095597
3327167
395418457
748042503
779865477
23080200
492729686
3
40359
10119
1663967
29
3327167
2557
3
914848081
9
363021
745501918
131
259463689
29
395337817
2557
512479299
118782550
119751169
3
118782550
733
466023198
972551040
9979967
119751169
40359
1
390742747
328500163
5077
907361
9
9979967
779865477
123637512
3327167
20199
392557147
20199
740006179
111583025
907361
9979967
778382809
733
151361
159365776
90861
100864822
5077
373
29
3628961
10119
1
226961
2557
29
71
479002369
39597656
1
3
558516056
2557
778382809
29
123637512
2557
656959209
39917569
831446598
3
1
315632948
23080200
64869649
733
745506958
1
914848081
29
907361
1
29
3
895347750
123637512
23080200
19959167
581277435
817975258
1814561
5077
1814561
71
29
151361
39917569
246911245
831446598
3
119751169
778382809
877
314772525
871895904
123637514
181581
895347750
1
157763764
838745365
558516056
419919625
131
363021
3
118782550
81418665
5077
1
781480247
71
131
5077
29
1814561
895347750
131
41
111583025
3
259464409
59875969
733
315632948
181581
5077
368792423
1814561
677733835
778382809
59875969
9
946816610
236987905
778382809
277152340
133
258056672
581277435
1
164270640
373
40359
363021
466023198
29938369
20199
373
985418255
123456074
748042503
1
61428190
733
123637514
518923609
9979967
9
453761
558516056
1
389194009
328500163
181581
6
123637512
40359
1814561
1814561
558516056
239501569
373
29
212570458
151301
30381
2
6653567
10119
29
131
779865477
558516056
198095597
831446598
1814561
373
181581
2557
29
239501569
120310975
3
2
914848081
1
5077
664643632
20199
935090377
457426646
181581
340683941
5077
119751169
29
9
40359
733
123577032
9979967
181581
20199
29
181581
29
3628961
342380169
3
2557
29
29
972551040
890117733
2557
733
29
675612332
3
9
6
3
172158994
907361
1814561
131
29
45501
29
1
946816610
129734809
946816610
22354440
871895904
1814561
349346266
733
1814561
1663967
779865477
914848081
745506958
392557147
131
631224779
40359
389194009
9
9
561122822
675612332
558516056
831446598
9
985418255
664643632
1814561
558516056
123637512
1663967
20199
40359
23080200
61972510
907361
40359
1814561
1814561
831446598
10119
40359
29
1
561082094
131
172158994
29
3
39917569
3
513388363
9
3327167
631224779
664643632
733
561122822
1814561
1814561
181581
19959167
131
3399
210435671
181581
17
197891118
363021
9979967
733
985417635
3
181581
373
733
61972510
81418665
466023198
5077
42526355
631224779
518923609
9
9
119751169
187283460
392557147
6759
172158994
39917567
39917567
5077
131
2557
1
895347750
907361
19959167
781480247
646787986
29938369
2557
29
1
2557
123637512
561082094
277152340
558516056
17
373
193786143
20199
781480247
871895904
61972510
9
3327167
9
302561
131
821378379
895347750
131
131
39917569
492729066
3
9979969
684396557
592945796
745506958
631224779
907361
946816610
1
518923609
684396557
733
131
120310975
119751169
181581
198095597
71
781480247
3
831446598
119751169
29
29
3
19959167
9
9979967
2557
1
6
733950799
733
40359
19959169
212570458
907361
2557
181581
9
558516056
1
3
39917569
558516056
30381
181581
817975258
1
119751169
457426646
131
2
41
1814561
118782550
10119
1814561
29938369
6
246911245
3
895347750
512479299
2557
972551040
733
42526355
790473135
9
664643632
457426646
9979967
733
373
3
6
246911245
236987905
290658966
745506958
19959169
733
3
9979967
3628961
457426646
363021
817975258
518923609
1
9
1814561
194598889
604961
733
733
10119
19959167
29
90861
22354440
946816610
133
907361
778382809
3
123637512
90861
111583025
453761
1
198095597
20199
123637512
914848081
6653567
71
236987905
3628961
1
39917569
3
31
914848081
9
29
81418665
19959167
778382809
9
10119
315632948
558516056
131
631224779
1814561
71
3
914848081
907361
363021
42526355
181581
193
29
392557147
40359
29
740006179
518923609
1
29
3
131
946816610
29
733
512479299
181581
492729066
592945796
19959167
1
389194009
637700952
4990367
19959167
1297
239501569
20199
5077
1
3
131
20199
733
677733835
20199
20199
374203141
222802269
131
40359
9979967
684396557
40359
5077
119751169
1
246911247
42163475
2557
871895904
453761
779865477
131
907361
373
131
131
20199
120310975
119751169
733
3
119751169
90861
19959167
684396557
3
61972510
164270020
164270020
946816610
1
19959167
315632948
3
123637514
164270020
946816610
90861
9979967
5077
226961
315632948
3
363021
778382809
781480247
40359
246911245
90861
581277435
123637512
111583025
985418255
1
277152340
374203141
453761
181581
1
3
581269875
29
328480003
90837
315612788
373
895347750
9
9
1814561
684396557
55973403
512116419
695058487
239501569
23080200
581277435
29
561082094
445240757
373
17
39917567
656959209
71
1
733
17
664643632
871895904
9
40359
1
1814561
5077
9
131
6653567
1707
198095597
914848081
3
781480247
1
684396557
453761
733
20199
9979967
20199
370184980
1
1
558516056
3628961
373
79834369
3
9979967
9
3
19959169
1
392557147
20199
587018697
119751169
5077
99050422
111583025
907361
792410030
2557
3
778382449
9
81418665
139367
131
831446598
123637512
985418255
9
131
40359
492729066
644464348
387531789
17
664643632
831446598
598249625
131
373
90861
2557
604961
9
90861
370184980
4990367
1814561
871895904
9
733
644471908
370184980
29
558516056
778382809
637700952
45501
239501569
871895904
972551040
17
181581
3
1
733
907361
71
222802269
587018697
181581
193786143
3
453761
373
373
664643632
61972510
71
3
5077
118782550
239501569
745506958
29
425135705
914848081
131
3
186213235
466023198
11
1
302561
2
119751169
159203285
733
3
6
181581
181581
17
2557
914848081
792410030
1
3
19958809
239501569
781480247
10119
9
453761
370184980
119751169
2557
3
985418255
40359
151361
1814561
733
131
39917569
1814561
40359
29
733
2557
684396557
3327167
79834369
2557
118782550
684396557
71
363021
29
946816610
19959169
71
733
4990367
373
733
817975258
90837
39917569
222802269
164270020
85867878
3628961
373
779784837
492729066
831446598
1297
453761
9
17
740006179
118782550
457426646
395297497
479002369
9979967
71
778382809
1814561
2557
373
946816610
1663967
392557147
466023198
781480247
972551040
479002369
2557
19959167
748042503
466023198
1814561
1719
129734809
373
5077
302561
19959167
29
531925454
558516056
59875969
61972510
551761932
71
1
373
3
3628961
17
1
779865479
3
315632948
1
1
1
131
17
71
9
778382809
4990367
119751169
29
558516056
664643632
1814561
181581
120310975
42526355
1
2
2
3
19959167
9
20199
55973403
29
684396557
9
664643632
222802269
1
871895904
239501569
198095597
3
259464409
871895904
733
171371975
778382809
29938369
17
40359
118782550
9
20199
1
972551040
3
61246750
3
71
907361
558516056
131
778382809
684215117
131
187283460
9979967
390114628
3
172158994
479002369
181581
3
259464409
370184980
1
1814561
9
118782550
164270640
871895904
59875969
118782550
9979967
131
781480247
131
3
1
340683941
779865477
831446598
29
20199
1
389933190
3
71
9979967
239501569
373
2
237559891
664643632
40359
792410030
5077
740006179
972530880
5077
9
817975258
1663727
1
29
118782550
6
3327167
1
9
17
3
20199
9
3
531925454
558516056
90861
181581
2
1
71
9
895347750
518923609
239501569
40359
908112411
5077
90861
370184980
1297
392557147
302561
181581
86491609
3
9
972551040
131
1
748042503
675612332
9979967
181581
212570458
131
946816610
246911245
29
664643632
259464409
29
9
1
745506958
3
6759
59875969
172158994
90861
181581
3628961
133
656959209
733
1
59875969
131
972551040
9
19959169
59875969
5077
895347750
239501569
290653926
19958809
1
453701
10119
3
895347750
587018697
733
181581
373
831446598
181581
3
59875969
558516056
1814561
71
1814561
5077
264164088
3
20199
4990369
558516056
111583025
374203141
481404224
778381369
29
5077
370184980
290658966
581277435
131
389194009
164270020
779865477
732136399
40359
9
492729066
20199
3
778382809
6
3326921
1814561
20199
592945796
6
946816610
5079
740006179
3
29
518923609
9
479002369
1
20199
9
118782550
581277435
23080200
328500163
3
2495567
453761
745506958
792410030
1
727838105
3
120310975
335561773
373
19959167
937049485
64870009
71
373
29
181581
118782550
81418665
733
9979967
81418665
9
9
493458713
2557
39917567
745506958
3
778382809
2495567
239501569
28168592
373
59875969
39917569
90861
40359
561122822
1
695058487
315632948
1814561
1
5079
1814561
9
29
5077
71
59875969
2557
733
3
59875969
492729066
9
20199
9
59875969
1
79834369
492729066
3628961
2557
1
3
151361
373
1
30381
445240757
2557
42526355
3
198095597
1
19959167
492729066
656959209
9
1
23080200
19959167
19959167
363021
740006179
123637512
172158994
9
908109891
81055785
637700952
79834369
895347750
675612332
6759
17
871895904
1814561
3
90861
187283460
1
1663967
340683941
740006179
2495567
315632948
466023198
512479299
3628961
181581
29
20199
19959167
119751169
39917569
19959167
558516056
733
667
131
492729066
9
3
131
10119
181581
587018697
239501569
3
387526749
373
237559891
366978023
20199
733
222802269
181581
558516056
373
5077
373
946816610
792410030
29
302561
6653567
1814561
664643632
9
914848081
23080200
20199
29
118782550
373
123637514
1814561
71
181581
19959167
373
111583025
222802269
90861
4990367
181581
518923609
363021
740006179
29
131
181581
733
20199
1814561
19959167
5077
637700952
239501569
363021
656959209
745506958
164270020
9
1297
3
29
1814561
871895904
581277435
40359
119751169
871895904
22354440
290646366
29
71
131
5077
187243140
187283460
258056672
493458711
644471908
9
20199
19959167
315632948
733
340683941
914848081
29
328500163
3628961
181581
40359
733
10119
5077
5077
779865477
302561
3
3
561122822
1297
264164088
558516056
985418255
9
733
907361
59875969
194599609
71
29
420826825
4990367
733
587018697
19959167
684396557
20199
831446598
1
2557
1
370184980
111583025
395418457
40359
10119
246911245
561122822
5077
492729066
19959167
258056672
123637512
9
40359
928412349
5077
118782550
19959169
9
745506958
131
3
1
1
3
733
29
985417635
193
2557
181581
1814561
1
1
29
518923609
9
20199
831446598
19959169
340683941
558516056
871895904
664643632
181581
90861
29
19959167
779865477
9
5077
3
684396557
29
518923609
105238394
363021
20199
6653567
181581
187283460
2557
302561
3
1814561
727838105
733
2557
1
481404224
733
29
315632948
733
10119
19959167
637700952
172158994
1814561
9
19959167
10119
664643632
29
6653567
39917567
985417635
985417635
985418255
59875969
946816610
592925636
187283460
123456074
71
277152340
20199
9
3
119751169
972551040
392557147
370184980
9
197891118
40359
656959209
3
181581
198095597
2557
831446598
17
1297
745506958
453761
518923609
9979969
40359
518923609
3
40359
9
1814561
3
4990367
9
781480247
20199
29
1663967
9
197891118
6653567
59875969
1
631224779
29
29
19959167
5077
17
9
39917569
854946298
222802269
61972510
5077
695058487
9
1297
3
561082094
946816610
914848081
745506958
492729066
3
531925454
17
748042503
29
79834369
119751169
3
239501569
373
40359
871888344
445240757
9
9979609
1
5077
119751169
831446598
985417635
1814561
392557147
181581
1
131
373
373
20199
907361
779865477
9
1
9
631224779
277152340
733
684396557
340683941
558516056
733
187283460
637700952
1
3
123637512
19959167
75761
264164088
637700952
342380169
5077
29
831446598
836930967
778382809
9979967
340683941
684124397
373
181581
907361
1814561
9979967
3
172158994
315632948
9
29
131
81418665
119751169
664643632
493458711
363021
3628961
9
1
781480247
236987905
581274915
9
29
558516056
373
1814561
29
2557
1
558516056
561122824
1
871895904
558514976
907361
119751169
61972510
131
9
5077
181581
1
222802269
5077
17
1297
492729066
3
302561
181581
5077
492729066
733950799
3
748042503
129734089
20199
914848081
1
181581
40359
779865477
370184980
129734809
733
907361
733
561122824
1
61972510
187283460
29
9979967
277152340
9979967
131
9
181581
972551040
985417635
29
4990367
445240757
119751169
518923609
370184980
59875969
558516056
9
561122822
90861
119751169
363021
9
374102341
745506958
3
315632948
5077
733
71
6
30381
3
29
119751169
61972510
71
9979967
71
733
740006179
518923609
71
656959209
1297
1814561
1
2557
29
370184980
257330912
972551040
374203141
9979967
39917569
907361
907361
9
9
9
558516056
9
946816610
20199
187283460
9
59875969
172158994
3
1
445240757
222802269
19959167
23080202
492729066
907361
118782550
111583025
1814561
118782550
123637514
315632948
558516056
453761
1
766901926
395418457
42526355
831446598
340683941
131
19959167
42526357
20199
81418665
9
71
390114628
9
2557
946816610
29
181581
290658966
587018697
3
492729066
187182660
512479299
71
2
373
22717320
131
187283460
239501569
9
637700952
340683941
733950799
111583025
1814561
373
497476874
373
1814561
637700952
466023198
239501569
119222335
897051428
457426646
492729066
119751169
703544493
1814561
790452975
561082094
370184980
733
985418255
492729066
795776964
40359
131
817972738
907301
3
1
561122822
373
60621
1663967
907361
373
328499543
29
363021
6
193786143
123637514
605410011
605410011
259463689
3327167
6759
373
492729066
259464409
239501569
907361
637700952
914848081
259463689
198095597
684396557
373
3
90849
1
363021
20199
19959167
3
290658966
631224779
733
5077
3
1663907
656959209
587018697
9
5077
61972510
29
4990369
5077
2557
561122822
1
778382809
6
1
914848081
119751169
1
90861
181581
637700952
781480247
236987905
9
1
1
1
531925454
187283460
246911245
684396557
592945796
479002369
677733835
3628961
2495567
558516056
42526355
373
656959209
90861
277152340
29
131
479002369
637700952
740006179
290658966
172158994
592945796
118782550
374142661
512479299
277152340
3
3
985418255
40359
518923609
20199
172158994
946816610
831446598
181581
733
237559891
733
1
962444667
90861
239501569
151361
392557147
5077
71
778382809
908112411
40359
9
928412349
781480247
733
935090377
45501
592885316
1
6
17
20199
315632948
561122824
181581
392557147
740006179
558516056
131
604961
972551040
315632948
579821082
118782550
9979967
123637512
985417635
5077
239501569
684396557
1
370184980
17
131
42526355
3
90861
71
39917567
29
60621
695058487
908112411
164270020
558516056
1
395418457
246911245
9
342380169
9
222802269
5077
29938009
29
492729066
5077
5077
1
71
129734809
239501569
349346266
1
370184980
9
745506958
39596936
1814561
90861
9
781480247
558516056
592804556
20199
3
373
592885316
196281197
42526355
42526355
55973403
457
181581
3
1
6
1814561
3
914848081
928412349
119751169
197891118
315632948
71
733
120310975
373
733
6
740006179
3
531744014
392557147
1814561
9979967
19959169
2557
895347750
1297
907361
29
745506958
29
985418255
637700952
518923609
1
1
733
10119
1
733
17
9
59875969
492729066
90861
61972510
3628961
479002369
3327167
9
1719
90849
131
985417635
664643632
1
90861
1
131
17
631224779
290658966
6653567
131
740006179
781480247
61972510
315612788
19959167
748042503
131
831446598
131
3
20199
29
90861
45501
985417635
119751169
5077
745494358
28168592
123637512
39597656
9
2557
9979967
19959167
40359
71
81418665
259464409
631224779
1
895347750
2557
239501569
373
3628961
29
479002369
373
1
831446598
151361
118782550
972551040
119751169
392557147
29
778382809
551371611
181581
290658966
239501569
2557
29
985417635
19959167
1
71
3
5077
2495507
20199
9
29
778382809
181581
914848081
363021
1814561
587018697
340683941
637700952
374203141
17
9979847
733
2557
290658966
39597656
745506958
745506958
373
349346266
17
733
60621
30381
1814561
129734809
3
20199
581277435
40359
9
302561
10119
1
561122822
198095597
198095597
1814561
373
445240757
914848081
3
561062342
259464409
315632948
187283460
17
370184980
740006179
131
181581
239501569
3
664643632
531925454
3
42526355
172158994
236987905
3
466023198
5077
40359
3
340683941
684215117
181581
781480247
129733369
94923641
20199
1814561
592865156
3
2557
29
131
792410030
61972510
181581
9979967
946816610
871
3
3327167
392557147
733
90861
558516056
373
745506958
131
9
181624131
118782550
733
781480247
871895904
457426646
373
42526355
277152340
3628961
1
1
120310975
907361
19959167
237559891
3
5077
71
9
40359
302561
3
1
1
1
3
558516056
470341765
946816610
370184980
748042503
6759
775023701
985418255
907361
831446598
6
3
558516056
2557
79834369
55973403
1
29938369
1
222802269
5077
561082094
871890864
90861
558516056
290658966
3
5077
19959167
1
733
895347750
1159
656959209
81418665
131
222802269
1
9
453761
733
914848081
198095597
118782550
19959167
90861
3
928412349
1814561
1
733
1
1
20199
81418665
1
20199
123637514
895347750
1
733
61972510
373
20199
222802269
518923609
1297
131
481404224
2557
3
211867555
20199
1
1
387512249
123637512
1
9
170344594
373
972551040
3
985417635
19959167
9
831446598
340683941
392557147
131
131
9979967
120310975
181581
733
131
558516056
42526355
561122822
907361
20199
20199
181581
4990367
907361
1
29
40359
9
71
39917569
3
222802269
453761
259464049
212570458
9
877
29938369
29
748042505
1
373
9
181581
1
4990367
331037700
895347750
20199
1
181581
187182660
389194009
907361
3
71
19959167
5077
71
29
871895904
29
340683941
9
10119
817972738
4990367
9
592945796
3
637700952
90861
9
222802269
907361
28168592
131
3
9
2
119751169
131
10119
368791343
745506958
831446598
342380169
1
1814561
40359
3
656939049
258056672
370184980
59875969
1
914848081
1297
28168592
123637512
9
363021
592945796
946816610
9
29
363021
1
1
9979967
2557
131
111583025
17
9979967
551371611
39917567
133
131
29
29
19959167
59875969
119751169
9
9
3
40359
5077
9
3
518923609
592945796
972551040
3
10119
3
457426646
831446598
914848081
684396557
492729066
19959169
118782550
59875969
781480247
290658966
492729066
42526355
5077
561122822
3
531925454
733
100864822
695058487
90861
732136399
425133185
392557147
118782550
181581
3
40359
877
340683941
10119
389193649
181581
20199
675612332
29
41
123637514
81418665
277152340
946816610
3
119751169
831446598
946816610
39917569
985418255
561082094
3
5077
1
5077
29
19959167
1
119751169
561122824
1814561
131
17
59875969
61972510
733950799
561082094
392557147
172158994
370184980
740006179
29
3628961
90861
581277435
9
172158994
120285788
75761
29
20199
561082094
1
187283460
740006179
558516056
373
4990367
907361
290658966
39917567
9
1
554299469
3
581277435
664643632
61972510
370184980
637700952
587018697
531925454
3
466023198
363021
9
90861
558516056
277152340
779865479
4990367
370184980
1
604961
5077
131
111583025
363021
3
733
637700952
479002369
740006179
198095597
239501569
19959167
733
947900340
6
831446598
239501569
928412349
71
19959167
131
1814561
28168592
561042182
1
64622379
781480247
71
677733835
29938369
895347750
1
9979429
19959169
123637512
1
29
3
1
453761
111583025
1
3
131
131
3
9
29
1
328500163
9
778382809
81418665
373
733
19959167
90861
781480247
9
907361
123637514
118782550
20199
20199
111583025
558516056
946816610
29
3
3327167
895347750
210435671
39917569
733
29
740006179
457426646
914848081
40359
340683941
111583025
131
656959209
9979967
740006179
656959209
831446598
1663907
21447240
19959167
5077
29
778382809
71
389194009
131
119751169
273809711
19959167
111583025
1814561
1814561
4990369
9979967
315632948
181581
914848081
373
236987905
19959169
1
895347750
395398297
17
1814561
55973403
631224779
745506958
3628961
187283462
1
9979967
895347750
29
1663967
1814561
1
9
733
20199
6
1
778382809
318408093
1297
1
985417635
29
3
363021
1
9
19959167
1814561
972550420
181581
9
389194009
41
907361
370184980
129734809
1
817975258
374203141
907361
392557147
1297
3
781480247
895347750
3
907361
518923609
29
479002369
907361
118782550
387531789
733
131
23080200
9
315632948
363021
914848081
831446598
20199
1
20199
985417635
131
1
1814561
9
42526355
370184980
181581
239501569
778382809
1
131
9979967
29
60621
592865156
9
17
733
1
239501569
259464409
315632948
23080200
457
675249452
664643632
733
492729066
2557
561122824
9
17
9
131
3
29
831446598
9979967
5077
40359
21810120
946816610
90861
19959167
2557
740006179
164270020
817975258
373
237559891
5077
71
592925636
164270020
9
100961
20199
558516056
453761
10119
907301
831446598
778382809
656959209
733950799
315632948
684396557
123637512
59875969
5077
558516056
19959167
727838105
3
733
795776964
9979967
675612332
9
392557147
745506958
131
1
1
59875969
19959167
733
831446598
914845561
131
234108861
193781103
3
392557147
29
778382809
3
39917567
708014196
71
5077
118782550
1
259464409
656959209
342380169
1
9
10119
733
246911247
19959167
3
481404224
831446598
29
1
604961
9979967
120310975
172158994
363021
1
3
745501918
29938369
1
187283460
81418665
60621
363021
40359
453761
733
10119
492729066
3
2557
9
17
587018697
3
778382809
90861
5077
20199
985417635
733
71
373
392557147
907301
733
871895904
518923609
17
1
222802269
664643632
745506958
5077
181581
5077
10119
39917569
631224779
5077
3
131
9
389192929
131
349346266
733
40359
39917569
71
10119
131
363021
171371975
119751169
946816610
90837
914848081
42526355
1297
1297
187283460
6653567
349346266
1814561
181581
985417635
239501569
1
1
193
39917569
40359
40359
558516056
119751169
111583025
778382809
119751169
5077
1
1
732136399
17
387531789
492729066
42526355
239501569
1
907361
9
5077
20199
181581
2557
111583025
181581
374203141
854946298
778382809
9979967
264164088
558516056
733
187283460
239501569
328500163
778382809
831446598
561082094
55973403
795736644
2557
733
29
3327167
946816610
86491249
775023701
684396557
30381
9
9
3
29
9
370184980
315632948
71
3628961
733
457424126
40359
928412349
9
373
1
605410011
2495567
29
6
1
831446598
31
492729066
395378137
3
10119
19959167
131
29
2557
5077
3
151361
131
133
373
5077
561122822
592945796
3327167
29
1
42526355
3
740006179
187283460
295326372
831444078
946816610
40359
363021
187222980
9
374162821
118782550
1
29
908112411
3
111583025
1
972550420
2557
733
733
558516056
264164088
15261
3327167
29
4990367
17
29
164270020
558516056
492729066
29
481404224
914848081
512479299
3
19959167
631224779
3628961
19959167
187283460
9979967
181581
985418255
71
1663967
9
470341765
198095597
778382809
131
370184980
23080200
733
118782550
9979967
5077
29
733950799
3628961
558516056
3
592945796
29
123637512
518923609
363021
1
3
40359
561122822
29
1
9
733
181581
9
315632948
492729686
907361
733
119751169
315632948
119751169
1
946816610
29
302561
131
3
236987905
745506958
778382809
740006179
2557
946816610
349346266
2557
664643632
637700952
907361
3628961
9
907361
373
1
1
55973403
40359
745506958
985417635
779865479
20199
9979967
518923609
733
105218234
186213235
237559891
342380169
133
40359
10119
3
598249625
164270020
3
9979967
9
1
181581
1
1814561
340683941
90861
29
479002369
40359
131
370184980
3628961
373
120310975
159203285
71
42526355
831446598
373
3
29
222802269
9
985417635
790432815
131
193783623
119751169
656959209
9
6
1297
9
2
795776964
392557147
60621
390114628
20199
6
259464409
3
935090377
5077
123637512
363021
29
972551040
558516056
581277435
40359
197790318
258056672
560941384
9
1814561
561122824
604961
100864822
1
129734089
9
10119
10119
123637514
946816610
637700952
71
239501569
9979967
392557147
181581
1
20199
373
745506958
246911245
29
123637512
946816610
907361
733
745506958
193
733
1297
1
733
373
239501569
453761
3
727838105
1814561
118782550
518923609
5077
290658966
831446598
779865477
425135705
9979609
131
554299469
96913320
3327167
9979967
733
831446598
19959167
42526355
29
3628961
492729066
111583025
4990367
131
745506958
17
914848081
29
187283460
17
2557
29
172158994
445240757
6
581277435
315632948
9979967
187283460
9979967
3
331037700
61972510
10107
9979967
778382809
3628961
3
1
9
946816610
1
4990367
29
733
914848081
1
1719
349346266
733
373
340683941
19959169
492729066
118782550
558516056
656959209
1
914848081
733
27987152
2557
259464409
29
181581
239501569
29
2557
1
19959167
131
1
492729066
837293845
71
131
733
592945796
392557147
9
17
946816610
946816610
20199
733
131
1297
42526355
19959167
9
3
9979967
1
29
199638901
120310975
972551040
1
453761
466023198
9
42526355
392557147
9
10119
29
181581
23080200
9
684396557
6759
1
778382809
373
29
29
854946298
733
907361
29
781480247
1
193786143
748042503
6
1
946816610
1
373
1
172158994
871895904
373
9979969
656959209
9
781480247
1
3
131
558516056
3
302561
531925454
5077
42526355
131
3
1
695058487
3
3
172158994
9
19959167
181581
90861
907361
675612332
23080200
131
90861
9
518923609
1
1
19959167
119751169
675249452
914848081
45501
23080200
531925454
390114628
946816610
1
328500163
745506958
907361
3
363021
907361
733
40359
9
1
9
733
1814561
131
395418457
674342252
1814561
2557
23080200
832187
29
20199
239501569
71
277152340
181581
733
779865477
631224779
512479299
1814561
1297
20199
20199
71
181581
677733835
198095597
131
198095597
315632948
648602386
637700952
181581
972551040
29
3628961
9
914848081
1
9
4990187
946816610
493458713
363021
479002369
39917569
831446598
5077
373
781480247
29
914848081
119751169
79834369
1814561
2557
561122824
748002183
733
637700952
9
39597656
9
111583025
3
733
740006179
907361
119751169
9
42526355
946816610
1
119751169
315632948
181581
1814561
4990367
61972510
1
340683941
59875609
71
512479299
23080200
71
277152340
239501569
315632948
315632948
29
558516056
733
172158994
5077
9
795756804
1
675612332
39597656
29
55973403
3628961
1
118782550
4990367
871895904
17
164270020
972551040
164270020
71
29
315632948
3628961
831446598
946816610
4990367
3
39597656
5077
5077
3
631224779
1297
9
40359
120310975
581277435
39917569
1
389194009
193
71
1
17
123637512
9
119751169
1
2557
1297
561122824
778382809
86490529
389194009
1814561
561122822
236987905
1814561
5077
119751169
656959209
831446598
554299469
9
71
558516056
6
29
71
302561
29
373
23080200
131
9
119751169
790473135
290658966
492729066
1
315632948
581277435
3
389194009
29
131
895347750
9
6
3
895347750
172158994
123637512
1
302561
778382809
10119
3628961
9
302561
29
3
164270640
2495567
302561
20199
914848081
9
29
684396557
2
2495507
81418665
39597656
781480247
368792423
41
123637512
29
581274915
907361
733
193
60621
90861
1814561
914848081
39917569
445240757
20199
914848081
985418255
512479299
748042503
2557
558516056
259464049
9979967
558516056
187283460
5077
9979967
518923609
17
5077
9979967
629967535
740006179
831446598
374203141
512479299
581277435
778382809
421189705
119751169
29
290658966
123637512
71
29
592945796
373
172158994
928412349
29
239501569
6759
6653567
831446598
42526357
3
19958809
374203141
4990367
22821
59875969
9
9
370184980
28168592
745506958
20199
20199
1
831446598
181581
59875969
1
331073606
3
20199
1
9979967
907361
259464409
1
745506958
131
3628961
558516056
531925454
733
20199
684396557
29
131
972551040
3
733
1
20199
370184980
3
1814561
181581
71
71
181581
19959167
29
373
779865477
6
5077
3
363021
493458711
1814561
373
637700952
111583025
123637512
466023198
1
17
733
29
778382809
118782550
315632948
871895904
61972510
2557
30381
946816610
373
3
3
374203141
118782550
2557
17
131
733
648602386
1
193
745506958
236987905
2557
172158994
119751169
105238394
20199
193786143
895347750
119751169
3
389194009
895347750
9
9
302705091
328500163
131
9979969
111583025
631224779
733
4990247
946816610
59875969
187283460
19959169
1
778382809
373
972551040
781480247
2557
512479299
2557
778382809
907361
290658966
111583025
781480247
518923609
181581
131
363021
551371611
39917567
9979967
1297
3
928412349
684215117
131
111583025
315632948
9
20199
9
29
392557147
123637512
831446598
29
181581
129734809
15281
131
817975258
695058487
895347750
20199
3
907361
373
29
831446598
775023701
558516056
1663967
817975258
674886572
119751169
10119
492729686
907361
733
1814561
2557
558516056
2557
315632948
9979969
392557147
831446598
42526355
5077
119751169
3
972551040
10119
119751169
246911245
9
831446598
9
29
181581
181581
871895904
9
3327167
40359
914848081
466023198
1
90861
2557
3
972551040
3
871895904
131
1
511934979
172158994
370184980
395418457
17
9
5077
831446598
854946298
928412349
457426646
363021
9
664643632
3
79834369
9
198095597
1814561
3
6653567
895347750
374203141
795776964
1
3
373
914848081
1
29
9
745506958
558516056
946816610
5077
6
779865477
373
3
492729066
119751169
4990367
363021
790473135
592945796
390054148
236987905
582338138
561082094
111583025
39917569
733
558516056
3
23080200
373
239501569
55973403
677733835
363021
9
914848081
3
96908280
907361
123637512
9
29
492729066
42344915
9
551371611
781480247
733
1814561
740006179
40359
239501569
733
181581
389194009
7701
39597656
20199
39917567
29
9
277152340
3327047
181581
29
518923609
5077
2
3
131
733
373
71
39917567
733
871895904
181581
373
1
512479299
29
118782550
40359
9
111583025
733
3
1297
492729066
19959167
733
1
172158994
19959169
781480247
6
1
387758737
55973403
3
29
907361
119751169
425135705
1
907361
81418665
587018697
1663967
370184980
492729066
9
778382809
1
20199
140641985
1
3
373
19959167
19959167
561082094
239501569
656959209
131
631224779
664643632
131
733
3
779865477
392557147
457426646
373
5077
1
120310975
1
236987905
90861
119751169
558516056
3
985417635
6759
733
389194009
131
71
664643632
5077
20199
907361
581277435
907361
9
3
558516056
5077
9979967
4990367
1
370184980
3
39917567
518922889
20199
29938369
492729066
239501569
59875969
3
71
237559891
17
3
2557
3
592945796
9979967
5077
131
745506958
778382809
684396557
5077
373
193
637700952
6759
40359
5077
373
10119
561122822
3
914848081
664643632
10119
123637512
1814561
111401585
1814561
373
479002369
123637512
315632948
172158994
871895904
90861
4990367
972550420
29
9
5077
29
29
264164088
123637514
558516056
71
6
3628961
29
531925454
131
558516056
172158994
6
29938369
373
2557
733
340683941
29
914848081
9979967
340683941
935090377
29
1
20199
985418255
1
457426646
3
290658966
1814561
745506958
1
733
9979967
10119
90861
212570458
370184980
181581
277152340
120310975
492729066
9
2557
42163475
656959209
42163475
40359
59875969
9979967
29
19959167
2557
733
19959167
748042503
779724357
40359
5077
745506958
29
120310975
1814561
587018697
19959167
131
907361
3628961
10119
1
9
3
181581
131
745506958
5077
198095597
29
9
29
907361
197891118
164270020
22535880
745506958
389194009
29
131
29
29
9979967
181581
907361
1
9
1
907361
239501569
3
3
928412349
17
392557147
518923609
20199
366978023
29
9
664643632
181581
29
9
684396557
10119
9
946816610
131
907361
30381
5077
6
172158994
40359
318529053
518923609
60621
19959167
29
3
10119
373
5077
123556872
17
370184980
60621
2557
302561
745506958
71
20199
3
133
19959167
29
131
40359
5077
187283460
9
30381
4990367
3628961
745506958
733
733
551761932
23080200
467565437
373
81418665
123637512
3
1814561
19959169
40359
239501569
2557
778382809
328499543
29
561082094
9979967
239501569
871895904
119751169
96905760
914848081
558516056
181581
1
333287
832367
5077
131
684396557
637700952
454058811
907361
222802269
29
373
61972510
395418457
302561
453761
328500163
6
466023198
119751169
119751169
5077
9
3
581277435
466023198
4990367
745506958
1
370184980
581277435
587018697
733
302561
392557147
79834369
181581
1
9
2557
40359
29
684396557
39597656
131
131
9979967
745506958
9979967
664643632
187283460
222802269
561122824
315632948
733
40359
1
492729066
656959209
181581
363021
100864822
19959167
81418665
259464409
518923609
370184980
81418665
20199
972551040
9
131
831446598
19959167
55973403
9
30381
259464409
745506958
43248409
389194009
61972510
9
871895904
29
3
277152340
59875969
445240757
277152340
71
120285788
123637512
9
9979967
29
637700952
181581
1814561
40359
5077
3
19959169
373
895347750
9
10119
9
20199
1
392557147
895347750
2557
946816610
656959209
45501
531925454
239501569
445240757
29
9
131
3
733
118782550
1
90861
592885316
19959167
1297
40359
363021
1
181581
9979967
518923609
9
453761
733
745506958
181581
3
28168592
733
123637514
40359
9
187283460
120310975
745506958
119751169
222802269
779865477
181581
1
246911247
164270640
9
187263300
131
3628961
581277435
20199
71
39597656
29
518923609
373
131
29
90861
29
29
197891118
389194009
172157914
349346266
172158994
3
181581
2557
9
5077
123637512
118782550
3
187283460
631224779
733
29
3
733
4990367
3
907361
193
733
9
1
349346266
90861
181581
392557147
370184980
302561
315632948
19959169
2557
877
315632948
123556872
29
315632948
6759
907361
181581
3628961
29938369
119751169
9
1297
779865477
363021
19959167
592945796
131
871895904
531744014
31
181581
71
370184980
131
2557
733
1
946816610
131
492729066
131
1
29
342380169
17
28168592
61972510
19959167
1
3
3
181581
1
100864822
29
277152340
60621
17
3
353589270
1
3
353589270
518922169
5077
29
29
90861
946796450
466023198
40359
131
239501569
3327167
131
29
3
236987905
1663907
907361
19959167
29
4990367
131
131
197749998
59875969
42526355
745506958
9
778382809
119751169
779865479
1663721
17
349346266
2557
20199
131
1
20199
373
373
23080200
187222980
81418665
315632948
131
9979967
374203141
17
2557
111583025
6
631224779
236987905
363021
392557147
684396557
373
259464409
118782550
29
9979967
42526355
561082094
2557
29
733
246911247
259464409
1814561
19959167
9
17
1
2557
90861
733
100901
867362541
395418457
9
29
31
4990367
131
558516056
733
259464409
259464409
164270640
19959167
9
3
6759
5077
164270020
6
946816610
181581
3
90861
3628961
373
19959167
1814561
131
656959209
9
374203141
656959209
257693792
778382809
871888344
733
740006179
193786143
164270020
1
3
946816610
985418255
1814561
457426646
5077
871890864
28168592
492729066
581277435
2557
29
733
733
871895904
3
492729066
3628961
86491609
733
59875969
90861
29
695058487
120310975
131
3
1
29
123637512
368792423
781480247
558516056
90861
581277435
558516056
239501569
61972510
2557
118782550
592905476
290658966
2557
467565437
656959209
745506958
198095597
1
664643632
123637514
6759
29
290658966
9979847
604961
9
492729066
9979967
315632948
1814561
1814561
1
374203141
558516056
29
19959167
3399
664643632
561082094
1
831446598
946816610
23080200
631224779
914848081
946816610
9
59875609
222802269
9
5077
1
73
5077
5077
512479299
17
10119
3
340683941
5077
340683941
2557
9
985418255
884390162
23080200
392557147
733
60621
3628961
17
19959167
2557
236987905
2
164270020
3628961
29
518923609
1
374203141
1
29
40359
792410030
9979967
9
914845561
511209219
675612332
29
5077
363021
1
1
592865156
908112411
9979967
19959167
187283460
181581
374203141
20199
39917567
181581
946816610
1
9
17
119750809
363021
181581
831446598
1
778382809
119751169
59875969
120285788
61972510
187283460
79834369
9979967
239501569
558516056
907361
558516056
20199
656959209
5077
421189705
907361
363021
20199
745506958
246911245
831446598
781480247
5077
587018697
733
1
131
2557
131
1814561
39597656
42526355
198095597
558516056
19959167
131
79834369
131
222802269
71
492729066
5077
17
9
131
9
20199
40359
946816610
1
315632948
5077
315632948
4990367
9
29
81418665
1
277152340
592945796
198095597
100864822
656959209
29
1
23080200
119751169
118782550
677733835
23080200
9
1
239501569
727873391
181581
675430892
466023198
946816610
1814561
373
2495567
19959169
492729066
71
561122822
20199
222802269
187283460
558516056
637700952
119751169
1663847
118782550
20199
587018697
198095597
131
131
492729066
2557
9
675612332
637700952
854946298
17
907361
246870925
10119
3
246911247
745506958
19959169
9
29
5077
558516056
733
164270020
9979967
512479299
492729066
40359
561122822
315632948
42163475
907361
181581
79834369
1
239501569
733
17
363021
239501569
118782550
907361
631224779
684396557
457426646
3
374203141
733
79834369
118782550
290658966
1814561
946816610
29
740006179
236987905
656959209
3
781480247
19959167
1297
19959167
239501569
551761932
90861
831446598
118782550
40359
1297
348983386
9
561122822
6
90861
1
453761
29
637700952
81418665
1814561
340683941
587018697
664643632
4990367
23080200
389194009
29
1
29
131
6653567
2557
778382809
363021
39917569
3
29
3
71
946816610
131
277907
100864822
197891118
171
492729066
315632948
928412349
745506958
28168592
587018697
387521709
914848081
23080200
373
5077
972551040
302561
181581
131
745506958
39917569
10119
40359
119751169
1
120310975
3
9979967
19959167
131
2557
9
164270020
118782550
120310975
935087857
1814561
3
118782550
20199
236987905
9
20199
795716484
778382809
131
3327167
373
644471908
349346266
9
29
684396557
637700952
20199
246911245
133
198095597
795776964
19959167
5077
328499543
123637512
9979969
81418665
6653567
373
39917567
29
867
581277435
2557
20199
131
79834369
733
733
3
39917569
1
914848081
19959167
733
1814561
581277435
907361
512479299
131
71
1
90861
17
1814561
1
17
81418665
328500163
302561
1
733950799
39917569
236987905
9
985417635
1
363021
9
181581
9979967
119751169
895347750
4990367
3
2
19959167
111583025
212570458
131
187202820
239501569
373
745506958
3327167
3
29
453761
3
914848081
123637512
363021
733
9
236987905
10119
392557147
907361
831446598
9979967
1
1
187283460
6
15237
131
656959209
914848081
946816610
592885316
637700952
370184980
470341765
1
733
631224779
60621
547599085
71
19959169
246911247
3628961
172158994
14419609
3
363021
795776964
895347750
123637514
9
946816610
512479299
9979967
733
79834369
745506958
59875969
5077
1
1814561
19958809
644471908
19959167
733
907361
3
187283460
792410030
20199
119751169
871895904
5077
9979967
9
457426646
119751169
914848081
907361
518923609
181581
172158994
907361
59875969
119751169
1
131
779865477
972551040
1
131
40359
387531789
181581
792410030
29
9
111583025
277152340
10119
3
1
71
340683941
90861
518923609
732136399
3
457426646
392557147
395418457
581277435
2557
9
5077
60621
9979967
392557147
42526355
29
81418665
71
119751169
10119
1
454056291
40359
373
3
123597192
895347750
28168592
604961
9
5077
492729066
831446598
39917567
1
9
20199
392557147
40359
492729066
6759
2557
59875969
733
518923609
120129535
914848081
972551040
9
290658966
3628961
1
239501569
1
3
3
9
5077
123637512
492729066
561122824
4990367
6759
1297
656959209
246911247
131
9979967
684396557
831446598
10221
5077
817975258
166907
19959167
118782550
637700952
9979967
131
513388363
81418665
370184980
19959169
363021
392557147
581277435
131
181581
3628961
5077
29
1
778382809
370184980
2557
198095597
464208798
5077
290658966
120310975
29
4990367
684396557
3
664643632
1
1
