494287949
96913940
817975258
581277435
9979967
374203141
61972510
9
81418665
1814561
4990367
733
20199
389194009
222802269
3
187283460
40359
246911247
39917569
1
79834369
29
733
398954343
581277435
9
2557
1
45389611
9979967
392557147
19959167
198095597
2557
3
1814561
1814561
20199
481404224
2557
29
479002369
2557
259464409
733
457426646
151301
745506958
6
373
946816610
3
1814561
561082094
19959167
373
19959169
71
554299469
733
131
2557
792410030
181581
131
20199
2557
392557147
3628961
637700952
392557147
598249625
1
1
972551040
196281197
10119
3
9
9
3
2557
29
373
259464409
42526355
907361
373
5077
302561
781480247
1
9
1
1297
466023198
71
1
579821082
733950799
1
6
349346268
20199
795776964
123556872
727838105
3
71
19959169
778382809
131
3
20199
120310975
946816610
111583025
1
907361
733
3628961
1
29
985417635
592945796
733
3
363021
120310975
374102341
181581
457426646
492729066
1
1814561
290658966
775023701
10119
373
3
631224779
3
914848081
9979967
2557
131
197891118
677733835
1
581277435
733
1
315632948
141730625
131
129734089
3
302561
3
9
838745365
29
59875969
328500163
479002369
4990367
1
1
1814561
29
368792423
328500163
1
71
9
20199
181581
778382809
374203141
5077
246911247
5077
239501569
71
123637512
871895904
2557
9979967
972551040
119751169
90861
3
131
193771023
831446598
9
928412349
914848081
19959169
745506958
239501569
644471908
3
745506958
71
19959167
3399
1297
181581
79834369
581277435
59875969
392557147
370184980
946816610
9
656959209
1
164270020
1
1
4990367
119751169
3
3
23080200
1
395418457
29
131
871895904
42526355
131
374203141
6653567
373
9979967
2557
181581
10119
222802269
9979967
531925454
131
9
631224779
39917569
20199
684396557
558516056
19959167
302561
6653567
390114628
558516056
554299469
512479299
3
370184980
119751169
59875969
587018697
2557
2557
492729066
70
39917569
181581
481404224
907361
5077
558516056
3
453761
479002369
1
118782550
907361
290658966
745506958
778382089
1
1814561
558516056
907361
59875969
5077
20199
373
9
29
131
73
2557
531925454
42526355
20199
373
914848081
20199
928412349
20199
5077
2557
1
9979967
457426646
10119
22717320
895347750
778382809
457426646
90861
9979967
817975258
181581
1663847
778382809
19959167
41
164270020
29
131
581277435
9
373
20199
10197
914848081
119751169
481404224
181581
9
181581
118782550
907361
493458711
164267500
123637512
29
518923609
3
29
684396557
877
164250480
3
23080200
1
9
733
9979967
5077
187283460
55973403
90861
59875969
972551040
877
972551040
318529053
181581
1
120310975
3628961
3
3
581278055
19959167
733
1
2557
277152340
131
349346266
59875969
373
90861
551371611
972551040
9
5077
239501569
795776964
9
3
119751169
9
740006179
20199
2495567
131
1814561
196281197
740006179
3
1
5079
733
9
159203285
328500163
181581
340683941
946816610
3628961
1814561
457426646
831446598
907361
1
9979967
40359
831446598
6
20199
745506958
733
9
5077
389194009
745506958
1814561
518923609
71
946816610
10119
222802269
40359
59875969
39917569
1
71
914848081
29937829
3
1707
29938369
3327167
60621
19959167
164270640
79834369
29
119751169
39917569
61972510
914848081
1
59875969
492729066
733
1
10119
1814561
2557
1
1
29
907361
39917569
1
733
96913320
479002369
740006179
315632948
781480247
748042503
315632948
5077
871895904
331037700
373
236987905
748042503
3
123637512
10119
1
29
779865479
9
392557147
40359
637700952
9
90861
9
831446598
778382809
246911247
236987905
907361
664643632
20199
59875969
733
181581
39917567
637700952
40359
9
81418665
19959167
181581
123637514
19959167
9979967
20199
9979967
111583025
40359
972551040
363021
29
71
587018697
1
20199
20199
5079
5077
90861
40359
181581
246911247
733
1814561
20199
29
90861
733
781480247
17
2557
29
871895904
740006179
259464409
871895904
246911245
9
239501569
561122822
29
895347750
17
373
504337957
277152340
129734809
778382809
131
374082181
9979967
587018697
2557
5077
118782550
3
71
45501
1
193
9
29
3628961
29
363021
39917569
239501569
239501569
40359
5077
20199
1
1814561
558516056
20199
604961
871895904
29
733
1
9
29
3
39917569
3
1814561
907361
2557
985417635
96913320
373
2557
90861
558516056
972551040
193
131
131
118782550
5077
3
1109387
328500163
637700952
60621
29
29
42526355
42526355
370184980
39917569
733
745506958
71
187283460
664643632
581277435
972551040
1
120310975
363021
1
445240757
9
2557
1
363021
9
181581
131
239501569
3
1814561
246911245
1
3
558516056
193
29
373
877
119751169
29
373
1814561
131
172158994
745506958
222802269
349346266
45501
797544907
123637512
39917569
20199
748042503
119751169
3
558516056
181581
733
9
1
90861
1
5079
817975258
985418255
373
129734809
172158994
778382809
9979967
558516056
9
3
781480247
733
558516056
946816610
374203141
592784516
71
172158994
40359
3
9
985418255
315632948
373
181581
748042503
9
946816610
745506958
656959209
6
42526355
197891118
838745365
20199
3628961
453761
1814561
1
259463329
1814561
45501
236987905
29
946816610
39917569
9
172158994
61972510
40359
90861
71
133
935087857
23080200
6
40359
90861
781480247
3
3
3
3
790473135
90861
10119
779825157
3
197850798
3
373
29938369
907361
2557
9979967
895347750
1
198095597
466023198
1
4990367
3
6653567
2495567
935090377
236987905
373
40359
2557
198095597
392557147
467565437
29
20199
914848081
20199
778382809
637700952
29
328500163
29
972551040
9979967
1814561
733
1
946816610
733
871895904
181581
55973403
3
3
198095597
9
684396557
592905476
831446598
181581
3628961
328500163
29
373
733
259464409
181581
871895904
1
20199
914845561
1814561
445240757
928412349
187283460
340683941
71
3327167
40359
6653567
181581
86490505
733
181581
733
9979967
39917569
587018697
20199
59875969
239501569
118782550
13306369
58945253
349346266
111583025
592824836
29
778382809
2557
237559891
733
59875969
817975258
71
118782550
914848081
1
778382809
45501
119751169
598229465
972551040
131
740006179
2557
778382809
492729066
20199
558516056
518923609
10119
118782550
61972510
1814561
675612332
2
9
2557
20199
558516056
492729066
9
119751169
172158994
20199
1
733
745506958
20199
373
2557
29
3
111583025
2557
779865477
17
20199
190
29
5077
914848081
131
3327167
492729686
9979967
3628961
10119
236987905
90837
558516056
453761
733
119751169
373
745506958
9
29
17
592945796
656959209
5077
237559891
3628961
1814561
1
3
17
42526355
9
558516056
389194009
111583025
492729066
246729807
29
629241775
118782550
363021
631224779
181581
831446598
349346266
131
61972510
39917567
17
748042503
831446598
3
727838105
193
5077
972551040
20199
6
123637512
895347750
19959169
131
181581
3
9
470341765
302561
1
373
373
2557
374203141
1
1814561
1814561
3628961
592945796
61972510
558516056
42526355
123637512
290658966
1814561
871895904
604961
3628961
790412655
3628961
733
55973403
181581
17
3628961
586534590
22717320
90849
684396557
1
131
985417635
492729066
198095597
90861
373
395418457
119751169
733
946816610
20199
59875969
22354440
315632948
558516056
164270020
181581
778382809
198095597
29
366978023
637700952
29
131
587018697
457426646
131
181581
1
587018697
445240757
895347750
3
20199
1
19959169
23080200
631224779
2557
315632948
3
9979967
9
561122822
895347750
1
20199
558516056
118782550
395418457
40359
604961
5077
196281197
453761
631224779
5077
29
4990247
259464409
315632948
745506958
295326372
370184980
778382809
558516056
71
131
907361
246911245
684215117
561122822
328500163
792410030
9979967
733
871895904
19959167
118782550
1
9979967
9979967
123637514
871895904
9
946816610
6
234108859
457426646
3327167
29
972551040
151361
29
340683941
55973403
740006179
558516056
328500163
946816610
492729066
631224779
131
9979967
29
131
1814561
370184980
120310975
395418457
123637512
3628961
1
1
42526355
778382809
831446598
10119
59875969
733
90861
19959167
561082094
193786143
64868929
9
2557
374203141
19959167
5077
20199
55973403
258056672
946816610
328499543
684396557
492729686
9
790473135
1
29
15261
61972510
897192548
19959167
684396557
985418255
677733835
1
374203141
3
86491609
17
3
877
131
181581
457426646
19959167
6653567
795776964
895347750
29
187283460
9
581277435
90861
131
1
259462249
131
373
831446598
131
131
118782550
123637512
222802269
9
20199
40359
59875969
3
17
40359
55973403
914848081
222802269
368792423
592925636
20199
3
349346266
373
684396557
928412349
328500163
2557
871895904
29938369
1814561
779865479
388238576
19959167
1
558516056
90861
198095597
123637512
558516056
656959209
181581
481222784
1297
644471908
222802269
492729066
239501569
90861
9
239501569
239501569
781480247
373
656959209
392557147
277152340
131
2557
5077
907361
512479299
775003541
3628961
40359
637700952
1297
9979967
40359
745506958
71
604961
592945796
9979967
5077
1
9
17
9
9
1
10119
119751169
259464409
71
172158994
518923609
605407491
9
131
370184980
492729066
328499543
187283460
181581
740006179
131
2557
290658966
119751169
831446598
29
239501569
277152340
172158994
363021
111583025
172158994
778382809
1
9
492729066
373
61972510
40359
315632948
1
518923609
246911247
9
315632948
3
71
745506958
871895904
133
20199
131
172978009
946816610
656959209
985418255
10119
453761
123637512
118782550
172158994
781480247
9
781480247
119751169
9
1
778382809
3
239501569
131
71
123637512
181581
193783623
1
1
664643632
131
877
131
1
481404224
558516056
20199
9
1814561
239501569
6
914848081
1
492729066
518923609
1
907361
926597949
831446598
131
90861
340683941
29
3628961
733950799
187283460
551761932
1
39917569
118782550
453761
656959209
19959167
4990187
363021
81418665
5077
637700952
6653567
1
120310975
558516056
29
9979967
131
733
914848081
1814561
5077
9
59875969
733
42526355
9979967
598108505
19959167
3
373
3327167
19959167
19959167
1814561
779865477
492729066
512479299
9
895347750
3
1
387529269
370184980
39917567
897192548
342380169
210435671
19959167
90861
3327167
733
9979967
290658966
558516056
561122822
895347750
733
131
79834369
558516056
781480247
374203141
79834369
9
3
561122822
19959167
17
1
277152340
1
172158994
42526355
81418665
29
733
131
9
560941384
340683941
181581
518923609
778382809
90861
9
1
466023198
9979967
20199
3327167
120310975
111583025
30381
10119
29
198095597
20199
684396557
907361
895347750
164270020
118782550
3327167
181581
9
518923609
28168592
9
39597656
2557
39917569
17
3
9
23080200
19959167
105238394
9
558516056
23080200
20199
111583025
907361
374203141
7523276
131
1814561
246911245
5077
181581
740006179
29
779865477
366978023
5077
1
907361
4990367
10119
5077
877
17
775023701
2557
370184980
592945796
871895904
328500163
667
464208798
561122822
105238394
9
105238394
1
181581
29
1814561
123637512
558516056
946816610
1
277502829
123637512
29
907361
181581
1814561
5077
733
370184980
790473135
9
914848081
3
1
392557147
239501569
20199
907361
3
29
39597656
1
1
3
20199
1814561
3
29
374203141
1
159203285
40359
226961
387531789
20199
295326372
246911245
9979967
1814561
2557
131
637700952
373
3
29
29
733
531925454
1814561
766901926
164270020
5077
781480247
2557
370184980
3628961
131
123637512
492729066
656959209
29
373
907361
9
5077
23080200
3327167
2557
733
3
2557
790473135
20199
745506958
181581
29
373
363021
40359
39917569
3
831446598
9
181581
374203141
363021
389194009
928412349
9
9
193776063
781480247
733
2557
831446598
363021
17
493458711
3
19959167
40359
388238576
2557
187283460
561122822
6
19959167
19959169
5077
29
71
9
17
561122822
4990367
131
164270020
779865479
748042503
239501569
733
17
779865477
395378137
197850798
512479299
1
123637512
55973403
90861
17
2557
733
40359
800332898
3
349346266
90861
1
1
40359
119751169
1814561
1
111583025
119751169
190
20199
5077
3
392557147
492729066
340683941
1814561
592945796
40359
246911245
119750809
71
656959209
315632948
90861
315632948
290658966
817975258
9979967
1
5077
817975258
392557147
1
10119
466023198
133
592945796
895347750
1814561
637700952
778382809
6759
581277435
129734809
246911245
9
831446598
10119
1
907361
2557
340683941
392557147
5077
131
42526355
363021
1
972551040
123637512
3628961
637700952
3
239501569
831446598
370184980
131
55973403
342380169
935090377
558516056
733
985417635
817975258
1
181581
71
131
40359
105238394
1
20199
164270020
29
9
71
10119
39597656
30381
745506958
29
778382809
187283460
131
363021
9
518923249
20199
733
3
123637512
29
3
1814561
512479299
363021
29
19959167
10107
3
6759
781480247
1
492729066
3327167
561122822
302561
119751169
492729066
181581
187283460
895347750
733
119751169
907361
677733835
40359
551761932
187283460
1
637700952
17
9
20199
311893481
239501569
481404224
3
972551040
9
558516056
2557
59875969
40359
71
9979847
1
907361
3
479002369
373
29
778382809
20199
631224779
81418665
40359
9
561122822
31
373
239501569
3
363021
374203141
1663847
6759
119751169
561082094
20199
1814561
604961
1
492729066
392557147
928412349
3628961
512479299
389194009
20199
3
5077
131
315632948
1
897192548
55973403
914848081
120310975
29
3628961
637700952
9
363021
42526355
187283460
1
1814561
222802269
479002369
5077
871895904
3
907361
733
531925454
55973403
17
90861
1
1
349346266
246911245
6759
492729066
119751169
193781103
946816610
181581
790432815
59875969
17
123637512
2557
3
3
740006179
290658966
695058487
2
740006179
55973403
1
2557
561122822
5077
481404224
631224779
972551040
558516056
677733835
1
90861
20199
1814561
373
656959209
592925636
20199
466023198
914848081
5077
172158994
193756523
277152340
123637514
374203141
6
119751169
19959167
2557
492729066
39917567
558516056
19959167
1814561
745506958
914848081
100864822
315632948
1814561
29
20199
3
29
1814561
181581
479002369
5077
604961
656959209
9979967
907361
222802269
3628961
581277435
342380169
131
1814561
131
656959209
9979967
745506958
363021
9
290658966
637700952
199659061
675612334
131
131
587018697
118782550
592945796
561122822
561082502
1814561
55973403
19959169
733
164270020
29
1
29
3
55973403
9979967
457426646
6759
315632948
778382809
90861
493458713
6759
71
90861
277152340
120310975
778382809
492729066
370184980
831446598
745506958
2557
551371611
181581
118782550
561042182
481404224
9
3
20199
131
181581
914848081
9
187182660
59875969
9979969
5077
5077
59875969
733
71
187283460
3
389194009
29
3
745506958
907361
17
9
914848081
5077
1814561
373
363951904
120310975
181581
592945796
20199
59875969
29
745506958
111583025
370184980
39917569
1
90861
342380169
1
3
131
9
29
914848081
19959167
558516056
3
907361
831446598
779865479
20199
581277435
2557
733
61972510
3
9
19959167
17
29
3
9979967
6
19959167
3
71
29
935090377
290658966
73
733
479002369
17
733
3
9
1
1
10119
733950799
972551040
877
3
373
558516056
29
6
781480247
392557147
236987905
2557
779865477
1
29
373
10119
59875609
111583025
3
123637512
131
187283460
119751169
164270020
71
560941384
71
131
181581
181581
5077
246911247
29
239501569
131
831446598
61972510
340683941
17
9
184398835
1
40359
340683941
5077
328499543
677733835
19959169
131
1814561
29
373
198095597
3
131
684396557
3
9
740006179
561122822
29
118782550
129733009
972551040
733
3
5077
81418665
29
3327167
392557147
5077
684396557
581277435
2557
187283460
907361
2557
4990367
111583025
392557147
392557147
821378379
131
656959209
373
9
120129535
9
561122822
6653567
2557
19959167
290658966
40359
181581
790473135
131
331037700
90861
181581
831446598
3
17
972551040
3
4990367
236987905
119751169
946816610
151361
373
20199
5077
871895904
1814561
792410030
935090377
9
587018697
1
20199
2557
363021
740006179
10119
277152340
9
6
39597656
871895904
29
1814561
781480247
9979967
39917567
39917567
9979967
328500163
914848081
187283460
131
42526355
453761
779865479
374162821
10119
119751169
1
914848081
6759
895347750
781480247
100864822
19959167
373
29
17
118782550
604961
2557
867362541
9
340683941
733
492729066
2557
914848081
5077
1
2557
131
131
581277435
40359
131
111583025
29
695058487
1663967
1
20199
946816610
5077
29
349346266
39917569
90861
363021
348439066
246911245
871895904
838745365
908112411
131
3327167
854946298
733
1663967
61246750
733
17
733950799
29
457426646
3
733
838382485
1
907361
518923609
9
5077
558516056
518922889
637700952
2557
131
9979967
19959167
675249452
290637546
831446598
328499543
71
120310975
17
29
71
100864822
246911245
9
181581
314772525
29
9979969
29
6653447
453761
181581
29
907361
131
5079
29
2557
373
3628961
105238394
120310975
239501569
3
425133185
831446598
3
23080200
558516056
20199
4990367
151361
5077
40
831446598
3
19959167
907361
1
558516056
2557
181581
370184980
39917569
239501569
71
181581
561122824
604961
907361
492729686
222802269
895347750
9979967
5077
302561
71
1814561
181581
39917567
23080200
733
637700952
745506958
733
1814561
187283460
172158994
131
631224779
1
9
131
373
914848081
733
187283460
778382809
131
581277435
29
71
6759
1814561
778382809
457426646
71
907361
3327167
392557147
778382809
29
587018697
131
778382809
212570458
39917569
3
781480247
695058487
9
119751169
778382809
604961
363021
28168592
907361
466023198
581277435
631224779
781480247
90861
9
131
118782550
20199
946816610
694514167
518923609
129734809
131
20199
363021
105218234
9979967
61972510
29
561122822
817975258
119751169
1
907361
290648886
3
740006179
1814561
20199
1
2557
59875969
392557147
29
118782550
40359
290658966
530473934
2557
29938369
3
6653567
551761932
775023701
61972510
187283462
120310975
363021
558516056
6759
81418665
5077
29
348439066
19959169
19959167
9979967
421008265
9979967
3
5077
871895904
1
392557147
120310975
733
120310975
131
9
1297
23080200
733
290658966
986553643
9
60621
29
9
59875969
129734809
222802269
45501
6759
71
20199
733
40359
259464409
11
389194009
19959167
5077
20199
4990367
59875969
395418457
733
39917567
90861
664643632
29
131
120310975
239501569
1
518923609
3
1297
9
39917567
907361
9
3
592945796
581277435
59875969
5077
29
733
1
9
29
374203141
561122822
3
1814561
71
946816610
558516056
19959167
1814561
9
637700952
3
3
123637512
1814561
181581
656959209
20199
504700837
946816610
985417635
740006179
817975258
781480247
1
118782550
831446598
181581
1297
946816610
3
779665847
558516056
277502829
198095597
457426646
1
29
349346266
1297
20199
895347750
935090377
3
236987905
17
40359
592945796
3
3628961
187283460
4990367
9
19959167
5077
236987905
3
373
29
637700952
131
5077
90861
558516056
19959167
1
733
374203141
733
302561
3
664643632
131
259464409
164270640
644471908
120310975
9
914848081
5077
9
907361
518922889
745506958
373
151361
119751169
3
631224779
119751169
129734809
4990367
131
43248409
664643632
45501
781480247
581277435
388238576
118782550
239501569
123637512
29
59875969
5077
340683941
733
20199
131
239501569
421189705
29
748002183
733
81418665
914848081
118782550
197891118
90861
90861
2557
181581
246911245
778382809
558516056
592945796
45501
637700952
479002369
222802269
492729066
1814561
119751169
817972738
29
9
871895904
895347750
3
193
9979967
3
733
733
581277435
664643632
3
664643632
29
907361
2557
55973403
118782550
41
10119
733
42526355
479002369
55973403
2557
3
40359
907361
120310975
1
675612332
781480247
1814561
781480247
592945796
29
9979967
373
40359
9
6
831446598
946816610
131
831446598
831446598
71
236987905
3
40359
20199
1
120310975
561122822
581277435
172158994
3
9979787
17
59875969
131
946816610
985418255
181581
9
895347750
1
181581
1
3
1
181581
2557
42526355
71
779865477
181581
733
193
733
181581
907361
895347750
695058489
9
20199
664643632
3327167
1
5077
198095597
181581
123637512
453761
20199
2557
1814561
512479299
1
17
492729066
181581
656959209
871895904
90861
71
131
457426646
558516056
733
374203141
561122822
111583025
985417635
1294
1
914848081
71
363021
3
3628961
781480247
131
59875969
20199
55973403
9
164270020
389194009
20199
61972510
6653567
236987905
2557
492729066
259464409
374203141
4990367
1814561
637700952
295326372
479002369
29
871895904
17
41
561122822
111583025
2557
328499543
20199
131
40359
119751169
4990367
19959167
277152340
374203141
745506958
20199
29
5077
273819791
1
363021
561122822
871895904
131
972550420
90861
558516056
3
9
40359
778382089
181581
20199
29
907301
972551040
392557147
637700952
9
222802269
19959169
733
131
20199
40359
9
2557
392557147
9
871895904
928412349
123637512
3
59875969
9979967
9
239501569
907301
907361
1
561082502
5077
6653447
9
9
831446598
1
3
479002369
817975258
3628961
181581
831446598
392557147
3
9979969
1
745506958
123637512
684396557
1814561
373
181581
42526355
29
3327167
946816610
684396557
684396557
29
19959167
907361
5077
373
558516056
29
118782550
3
9
1297
19959167
390114628
90861
123637512
778382809
3
373
42526355
914848081
20199
197891118
373
373
40359
17
59875969
733
1
222802269
637736858
592844996
1814561
895347750
187283460
9979967
1814561
392557147
781480247
29
914848081
59875969
105238394
19959169
184398835
61972510
733
131
392557147
493458711
29
3
29938369
19959167
604961
9
100961
19959167
81418665
181581
684396557
985418255
246911245
1
39917567
781480247
518923609
733
781480247
71
3
42526355
181581
315632948
778382809
181581
363021
914848081
20199
558516056
373
96913320
259464409
871895904
675612332
349346266
181581
29
29
9979967
581277435
3
20199
631224779
282004485
631224779
40359
733
914848081
985418255
131
133
277152340
9979967
131
831446598
29
558516056
895347750
29
61972510
914848081
1
29
198095597
295326372
928412349
2557
733
740006179
187283460
373
935090377
1
3
20199
59875969
40359
181581
237559891
29
23080200
181581
561082094
907361
181581
133
71
518923609
928412349
55973403
745506958
29
29
19959167
748042503
19959167
22821
908112411
1814561
373
985417635
972550420
2557
374162821
558516056
119751169
120310975
373
748042503
193786143
20199
684396557
71
3
10119
3
71
59875969
193
656959209
29
40359
1
29
71
246911245
71
119751169
581277435
164270020
151301
395418457
592945796
745506958
40359
181581
29938369
259464409
9
131
9
9979967
259463689
181581
258056672
3
1
40359
59875969
781480247
236987905
5077
733
3
871895904
71
1
131
795776964
23080200
518923609
395418457
587018697
23080200
20199
395216857
558516056
518923609
587018697
9
6
392557147
19959167
664643632
9
871895904
781480247
637700952
131
119751169
373
123637512
733
164270020
907361
20199
733
23080200
39917569
457426646
123637512
2
561122824
3
637700952
40359
373
733
198095597
521962456
39917567
5077
946816610
151301
328499543
29
9
985417635
29
131
59875969
29
1
778382809
740006179
1297
328500163
547591525
781480247
838745365
1297
119751169
1814561
41
19959167
23080200
9
42526355
86491609
61972510
29
637700952
119751169
3
9979967
792410030
4990367
926597949
3628961
29
3
373
164270020
368792423
3
111583025
831446598
194597809
733
131
19959167
9
246911245
2557
1
29
277152340
164270020
395418457
59875969
733
1
604961
5077
90861
733
592945796
551761932
1
5077
470341765
129734089
373
6653567
6653567
2557
212570458
5077
592945796
3
561062342
3
277152340
581277435
373
31
315632948
259464049
40359
20199
19959167
2557
42526355
3
733
40359
5077
9
340683941
895347750
363021
6
17
277967
315632948
733
985417635
373
3
373
4990367
29
29
222802269
349346268
23080200
392557147
9
907361
40359
778382809
131
1
664643632
40359
445240757
1
5077
131
733950799
3327167
164270640
239501569
9
181581
61972510
119751169
2557
20199
373
972551040
90861
907361
239501569
907361
781480247
10119
3
733
111583025
17
9
1
181581
10119
1
895347750
181581
914848081
119751169
778382809
745506958
20199
6759
733
2495567
349346266
656959209
3
877
373
237559891
328500163
172158994
778382809
733
2557
100864822
373
290658966
779865479
740006179
1
164270020
181581
1814561
778382809
212230435
315632948
3
131
9
111583025
29
19959167
6
342380169
745506958
181626651
9
559467725
831446598
29
914848081
907361
370184980
374203141
373
111583025
4990367
363021
193
972551040
29
748042503
389193649
198095597
61972510
897192548
9
29
198095597
677733835
395418457
29
5077
181581
19959167
10119
9
239501569
2557
20199
9979967
558516056
118782550
40359
55973403
131
1
315632948
222802269
129734809
370184980
3628961
1814561
946816610
237559891
1814561
6653567
370184980
29
985418255
1814561
551761932
119751169
592945796
29
193786143
778382809
187182660
1
131
1
40359
1
40359
492729066
368792423
373
3
492729066
466023198
817975258
315632948
946816610
946816610
39917567
2557
23080200
17
512479299
222802269
181581
558516056
3
61972510
389194009
198095597
831446598
29
363021
5077
131
131
871895904
131
29
561082094
40359
9
831446598
3
259464409
55973403
561122822
453701
740006179
9979967
29
3
61972510
684396557
4990367
373
19959167
60621
39917569
3
20199
2557
592945796
42526355
370184980
17
518923609
172158994
29
290658966
895347750
20199
159203285
656939049
684396557
3
9
374203141
28168592
119751169
131
466023198
946816610
164270020
733
59875969
781480247
1
295326372
664643632
745506958
71
23080200
6
100961
81418665
6
745506958
425135705
656959209
237559891
587018697
466023198
453761
20199
3
239501569
10119
561122822
778382809
123637514
3
1
40359
131
3
71
119751169
1
5077
871882044
972551040
181581
592804676
745506958
561082094
9979967
1814561
328500163
10119
778382809
778382809
3
131
9979967
3
5077
733
363021
1
181581
2557
3
518923609
187283460
370184980
561122824
119751169
40359
315632948
907361
131
512479299
3
453761
1
277152340
871895904
5077
778382809
81418665
259464409
1
131
684396557
1814561
71
1
3
3628961
644471908
246911245
39917569
3
123637514
5077
733
907361
3
733
370003540
831446598
3
766901926
90861
5077
558516056
1297
644471908
1
3
79834369
315632948
40359
61972510
445240757
10119
1
561122822
9979967
19959167
20199
187283460
29
4990247
29
972550420
100864822
20199
29
2495447
2557
39917567
433681721
3
895347750
315632948
392557147
71
9
111583025
3
817975258
5077
733
131
187283460
19959167
5077
1
733
187283460
315632948
10119
19959167
558516056
733
733
985417635
71
1814561
928412349
193
733
831446598
373
581277435
123637514
985418255
733
914848081
19959167
9
779865477
781480247
59875969
2557
877
29
374203141
373
2557
123637512
6
239501569
914848081
9
9
561122822
831446598
9
581277435
831446598
363021
349346266
831446598
1814561
733
3
1
10119
664643632
181581
907361
6
20199
9
71
111583025
558516056
779865477
29
71
551761932
9
363021
518923609
17
972551040
131
3
131
2557
2557
373
733950799
558516056
9979967
10119
3
781480247
373
1
131
677733835
55973403
631224779
779865477
2557
946816610
1
374203141
1
1814561
9979967
778382809
3
587018697
172158994
778382809
90861
928412349
907361
907361
733
10119
775023701
985417635
748042505
373
9979967
9
2557
914848081
239501569
677733835
342380169
6
315632948
373
3628961
131
40359
9
5077
745506958
9
373
895347750
123637514
684396557
972551040
131
363021
745506958
492729066
131
374203141
187283460
81418665
656959209
79834369
907361
290658966
20199
733
1
17
466023198
119751169
5077
831446598
181581
9
972551040
637700952
123637514
946816610
684396557
187283460
1
29
181581
29
972551040
740006179
348439066
374203141
277152340
9979967
29
368792423
90861
193
9
1
1814561
20199
492729066
342380169
561122822
795776964
684396557
123637512
745506958
9
9979967
111583025
9979967
561102662
554299469
518923609
41
479002369
1
2557
29
131
708014196
373
256785872
71
778382809
20199
733
3
290651406
733
3327167
118782550
907361
453761
745506958
181581
985418255
561122822
164270020
5077
10107
370184980
23080200
39597656
795776964
778382809
3327167
187283460
29
370184980
29
29
914848081
23080200
1297
877
895347750
3399
186213235
748042503
3628961
277152340
29
561122822
131
79834369
9
560374925
9
3
236987905
363021
29
373
946816610
131
3
120310975
2
20199
9
733
4990367
193786143
212567938
119751169
212570458
45489
119751169
9
29
40359
5077
9
55973403
328500163
733950799
29
558516056
119751169
3
239501569
2557
302707611
29
581277435
1
73
2
1
90861
131
17
740006179
17
19959167
656959209
3
1
1814561
61972510
914848081
9
29
3
392557147
5077
656939049
795776966
457426646
29
131
59875969
3628961
9
1814561
239501569
131
778382809
492729066
561122822
389194009
71
123637512
946816610
3
29
246911245
9979967
1814561
39917569
908112411
164270020
100864822
778382809
328500163
259464409
164270640
96910800
1814561
40359
259464409
29
328499543
29
131
119751169
674523692
340683941
370184980
1814561
363021
363021
395418457
222802269
1
328480003
315612788
19959167
2557
10119
164270020
131
90861
3
1
9
277152340
733
9
656959209
79834369
20199
1
1
10119
1
10119
3327167
558516056
895347750
733
1
972551040
119751169
3
3
5079
20199
120310975
3
119751169
29
1
1
935090377
129734809
779665847
1
531925454
315632948
239501569
373
3
425135705
3
1
198095597
151361
457426646
222802269
4990367
3
831446598
740006179
656959209
295326372
363021
131
656959209
17
4990367
3
29
29
118782550
795776964
29
831446598
9
1
19959167
9
236080705
581277435
187283460
212570458
389194009
315632948
9
100864822
373
684396557
392557147
181581
42526357
340683941
59875969
181581
9
40359
187283460
453761
778382809
9
587018697
239501569
1814561
19959167
1
656959209
29
9
118782550
684215117
123637512
198095597
172978009
373
914848081
9
781480247
9979967
3
3628961
349346266
42526355
9
871895904
193
10119
17
457426646
1
9
118782550
9
457426646
1663847
493458711
131
1
1814561
198095597
39917567
315632948
1
5077
119751169
790473135
1
1
370184980
831446598
9
363021
71
466023198
181581
29
9979967
946816610
9
295326372
561122822
239501569
10119
3327167
45501
123637512
1814561
40359
389193289
558516056
118782550
935077777
9
5079
197891118
181581
2557
123637512
1
181581
119751169
29
123637512
3
656959209
40359
3
9
9
778382809
492729066
3
554299469
119751169
3
9
3
558516056
637700952
315632948
131
193786763
131
877
733
71
119751169
9979967
1814561
198095597
29
6
675612332
9979967
790849741
637700952
392557147
40359
492729066
733
29
9
29
71
740006179
551761932
40359
561122822
656959209
9
745506958
181581
395418457
831446598
2557
907361
561082094
39917569
1
123637514
1
131
41982035
10119
914848081
3
4990367
29
290658966
1109567
29
1814561
9
2557
558516056
2557
4990367
871895904
733
120310975
392557147
315632948
119751169
2557
445240757
6759
9
55973403
20199
2557
466023198
164270020
1
581277435
1
29
9979967
29
315632948
118782550
871895904
579821082
779865477
733
604961
181581
373
123637512
373
1
328500163
664643632
740006179
421189705
239501569
20199
1
1297
277152340
587018697
131
3
9979967
4990367
20199
131
935090377
1814561
877889557
907361
733
181581
972551040
1
100864822
198095597
5077
59875969
131
3
389194009
684396557
315612788
1
637700952
373
582338138
373
81418665
1
5077
164270020
985418255
972551040
664643632
187283460
9
90861
29
29
928412349
1663967
40359
1
3
3628961
42526355
453761
558516056
817975258
656959209
675612332
733
745506958
131
895347750
131
79834369
779865479
1
675612332
914848081
119751169
831446598
42526355
3
3
59875969
3
10119
3628961
1
3
239501569
193
239501569
2557
656959209
3
664643632
733
340683941
259464409
684396557
831446598
29
592945796
71
733
123637514
727838105
90861
518923609
123637512
2
4990367
3628961
17
19959167
1814561
733950799
131
1
9
28168592
20199
20199
181581
59875969
1814561
3
740006179
9
9979969
4990367
5077
1
193
197870958
290658966
181581
518923609
3327167
871895904
23080200
277152340
592945796
20199
592905476
389194009
1
9
3
131
19959169
946816610
907361
838745365
457426646
222802269
264164088
181581
373
29
61609630
895347750
9
42526355
581277435
59875609
581277435
3
745506958
23080200
181581
779865477
581277435
71
29938369
118782550
129734809
21991560
914848081
90861
733
19959167
239501569
962444667
733
1814561
854946298
907361
831446598
119751169
9
71
561082094
592945796
39597656
39917567
492729066
733
170111989
558516056
972530880
9
2557
392557147
118782550
457426646
1
1814561
71
246911245
40359
914848081
239501569
373
172158994
131
604961
558516056
389194009
42344915
1297
239501569
340683941
3628961
131
3628961
45465
9
656939049
90861
29
5077
5077
118782550
353589270
3628961
164270020
4990367
181581
20199
181581
3
222802269
123637512
90861
3
664643632
71
71
778382809
2557
373
29
373
779865477
239501569
733
374203141
100864822
470341765
131
129733009
1297
733
466023198
390114628
1814561
637700952
119751169
561122822
9
3
3
1
6
972551040
637700952
2557
5077
389194009
187283460
871895904
120310975
907361
10119
1
907301
20199
259464409
172158994
29
373
907361
5077
821378379
1
342380169
29
40359
3
5077
656959209
512479299
151361
518923609
20199
637700952
9
675612332
29
29
684396557
656959209
20199
90861
131
733
5077
3
187283460
908112411
9979967
131
39917567
3
831446598
6759
390742747
81418665
290658966
3
29
20199
20199
1
6759
3
1
5077
374203141
50561
17
3
733
71
19959167
123637512
581274915
290651406
90861
935090377
3
9
914848081
9
914848081
5077
748042503
733
1
3
581277435
363021
373
778382809
9
42526355
9
123637512
29
20199
71
914848081
561122822
561122822
9
71
481404224
172158994
3
9
29
373
5077
172158994
914848081
581277435
29
3
779865477
131
1297
579821082
962444667
558516056
656959209
29
55973403
675068012
3
733950799
79834369
479002369
111583025
5077
172158994
28168592
198095597
120310975
342198729
131
315632948
315632948
55973403
745506958
561082094
492729066
123637514
2557
119751169
131
30381
40359
1814561
9
29
181581
3
331037700
40359
181581
9
684396557
363021
1814561
123637512
19959167
631224779
29
81418665
19959169
558516056
914848081
29
561122822
59875969
395418457
3628961
914848081
20199
9
895347750
561122822
19959169
60621
779865477
9
181581
512479299
3
5077
9
3
2
581277435
3
664643632
131
675612332
40359
3
29
40359
328480003
123637514
118782550
17
9
3
29
675612332
40359
123637512
20199
5077
131
90861
71
131
1814561
733
370184980
733
972551040
28168592
373
581277435
373
302561
445240757
29
315632948
328499543
2557
733
908112411
9
61609630
64870009
151361
778382809
119751169
19959167
123637512
9
779865479
3
2557
1
745506958
3
1297
1814561
9
159203285
733
637700952
3
4990367
554299469
222802269
3
20199
9
587018697
895347750
111583025
3
40359
239501569
733
560941384
81055785
39917569
39917567
181581
1
239501569
1
172158994
20199
9
935090377
246911247
733
481404224
5077
373
9
5077
9
1
9979967
1
518923609
131
222802269
41
212570458
20199
1
558516056
1663967
9
1814561
3
131
90861
131
340683941
181581
733
9
895347750
1297
604961
59875969
512479299
4990367
373
631224779
9
2557
119751169
558516056
19959169
20199
656959209
131
631224779
795776964
778382809
29
5077
4990367
29
41800595
129734809
1
1814561
151361
29
684215117
9
9
1
733
9
3628961
90861
684396557
492729066
9979967
39917567
71
1
871895904
119751169
9979967
656959209
259464409
6759
164270020
1
677733835
748042503
328500163
733
119751169
2557
1
395418457
9
315632948
3628961
631224779
23080200
290656446
239501569
733
558516056
302707611
914848081
90861
1814561
123637514
373
831446598
733
29
29
10119
3
831446598
1814561
684396557
181581
373
2495567
314772525
3
9
9
9
9979967
5077
1
236987905
119751169
9
695058487
551371611
119751169
867362541
492729066
9
587018697
2557
373
29
445240757
246911247
328500163
779865479
779865477
315632948
531925454
1
159203285
193781103
605410011
3628961
111583025
6
19959167
9
479002369
90861
159203285
778382809
3628961
3628961
561082094
554299469
71
19959167
837838165
29
733
644466868
59875969
29
664643632
120285788
9
675612332
23080200
3
1297
3327167
105238394
172158994
1
222802269
39917569
120285788
1814561
290658966
558516056
10119
42526355
59875969
20199
3
19959167
479002369
3
558516056
246911245
131
20199
29
331053446
1
40359
492729066
1814561
9
90861
181581
9
181581
120310975
45501
3
531925454
733
42526355
914848081
3628961
259464409
39917569
779865477
457426646
457426646
558515696
159203285
6653567
778382809
907361
453761
60621
39917567
5077
45501
3
581277435
340683941
9
9
23080200
246729807
119751169
1297
370184980
9
871895904
1
9
778382809
29
119751169
119751169
29
123637512
644469388
328480003
5077
946816610
492729066
181581
561122824
561122822
131
3628961
778382809
592945796
675430892
9979967
778382809
246911245
895347750
29
119751169
684396557
1
28168592
118782550
172158994
373
492726546
1
733
3
315632948
778382809
363021
9979967
373
457426646
1
581272395
118782550
373
59875969
259464409
561082094
123637512
59875969
561082094
39917569
17
282004485
3628961
123637514
5077
373
131
9979967
71
370184980
131
972551040
871895904
131
71
111583025
23080200
581277435
914848081
172158994
111583025
342380169
311893481
131
9
733
1
131
732136399
40359
1814561
29
29
5077
30381
2557
3
6759
61972510
19959167
9
5077
466023198
1
972551040
390114628
29
111401585
745506958
733
946816610
684396557
164270020
237559891
1297
636694327
914848081
373
119751169
86491609
193786763
3
677733835
637700952
55973403
259464409
1
2557
684396557
392557147
363021
972530880
1814561
181581
19959169
131
79834369
675612332
131
131
9
42526355
3
29
28168592
733
131
946816610
17
373
581277435
5077
1
9979967
1814561
5077
792410030
239501569
1
6
373
5077
9
972551040
1
10119
9
277152340
733
131
123637512
914848081
39917569
71
928412349
39917569
129734809
29
259464409
5077
9
5077
492729066
373
9
349346266
831446598
733
740006179
4990367
120310975
29
3
561122824
131
363021
181581
2557
1
374203141
100864822
727838105
2557
39917567
466023198
1814561
907361
29
779865477
131
1
2557
871895904
1663967
9
1
71
907361
131
373
181581
4990367
9
554299469
30381
129734809
100864822
457
42526355
197850798
222802269
1
29
118782550
778382449
239501569
1
131
561122822
871895904
684396557
40359
131
5077
2557
3327167
733
457426646
779865477
118782550
3628961
733
29
29
493458711
239501569
877
373
790392495
40359
817975258
119751169
29
373
20199
464208798
1
119751169
9
3
90861
914848081
20199
9
877
181581
1
131
1
1
40359
181581
1814561
17
4990367
1814561
392557147
781480247
71
587018697
733
1
821370819
946816610
631224779
914848081
198095597
914845561
29
43247329
1
29
373
222802269
29
20199
373
342380169
290658966
315632948
561122822
71
374203141
131
100864822
733
373
1814561
20199
946816610
946816610
39917569
277152340
778382809
972551040
40359
9
1
19959167
5077
928412349
131
55973403
492729066
123637512
29
29938369
100864822
118782550
40359
290658966
907361
9979967
3
493458713
1
30381
792410030
131
23080200
551371611
290658966
492729066
9
518923609
790849741
727838105
368792423
733
20199
453761
740006179
581277435
105238394
29
119751169
2557
2557
2557
290658966
733
13306369
481404224
389194009
61791070
118782550
838745365
733950799
3
239501569
20199
29
90849
6653567
187283460
907361
181581
181581
131
1814561
373
61972510
373
985418255
1
733
1
71
29
1
29
19959167
20199
390742747
2557
29
131
29
20199
2557
907361
29
518923609
733
778382809
684396557
4990367
664643632
81418665
187283460
5077
1814561
1
3
587018697
3
111583025
392557147
20199
71
512479299
907361
193
71
732136399
164270020
6
914848081
29
239501569
6653567
23080200
315632948
781480247
123637512
3
914848081
492729066
118782550
4990367
551371611
985418255
290658966
733
60621
733
373
39597656
131
2557
6
5079
389194009
928412349
71
197749998
9
119751169
86490889
740006179
39917567
9979967
131
3
838745365
19959167
561122822
795776964
131
181581
90861
29938369
39597656
19959167
558516056
3
1
2557
914848081
373
119751169
19959167
733
239501569
29938369
3327167
363021
561122822
17
42526355
831446598
10119
373
9
3
111583025
778382449
656959209
3
2557
19959167
1
907361
39917569
531925454
222802269
20199
90861
120310975
3
838745365
71
464208798
733
972551040
946816610
1
373
71
315632948
363021
17
40359
985417635
1814561
315632948
131
1
29
59875969
1
370184980
19959169
9
1
3
131
778382809
258056672
1297
656959209
29
1814561
914848081
560941384
1
914845561
19959167
9979967
131
831446598
2557
5077
19959167
29
5077
40359
561122824
131
290658966
675612334
39917569
604961
1
81418665
675612332
985418255
558516056
131
131
22535880
907361
9
363021
5077
831446598
733
831446598
40359
374203141
3
733
695058487
1
5077
3
29
17
363021
119751169
29
29
194599609
871895904
131
854946298
29
1
895347750
9979967
131
733
3
684396557
551371611
59875969
9
90861
131
3327167
581277435
779665847
131
1
374203141
40359
907361
733
2557
81418665
5077
373
29
9
1814561
90861
17
740006179
119751169
123637512
518923609
181581
366978023
745506958
684396557
581277435
370184980
239501569
123637512
4990367
3
9
9979967
2557
10119
10119
2557
779865477
342380169
9979967
118782550
1814561
733
745506958
871895904
907361
239501569
42526355
778382809
2557
1814561
3
363021
907361
733
373
40359
29
111583025
131
373
164270020
1
20199
79834369
464208798
239501569
181581
817975258
656959209
1
131
1
907361
512479299
187283460
131
871895904
1
239501569
164270020
733
181581
105238394
210435671
187283462
1297
5077
2557
164270020
30381
239501569
19959167
9
512479299
118871452
9979967
907361
4990367
779865477
547599085
1
1
55973403
181581
817975258
181581
181581
198095597
5077
1814561
131
445240757
5077
2557
236987905
222802269
17
29
6
19959167
55973403
45501
3
581277435
3
120285788
558516056
445240757
45501
656959209
100864822
831446598
972551040
3
131
1
558516056
190
39917569
10119
40359
20199
831446598
453701
71
914848081
373
392557147
29
733
914848081
928412349
3
340683941
90861
20199
39917567
3
29
302707611
290658966
29
395418457
302561
71
302561
907361
1814561
9
838745367
558516056
373
985417635
9979967
20199
9
123637512
470341765
277152340
3
5077
9979967
131
40359
733
914848081
9
20199
259464409
581277435
9979967
131
2557
946816610
119751169
684396557
10119
561122822
373
5077
3327167
370184980
928412349
61972510
592945796
29
131
1
9
778382809
328499543
9
1
131
1
164270020
20199
733
20199
259464409
17
3
5077
17
239501569
119751169
17
457426646
604961
374182981
457426646
29
363021
1297
389194009
374203141
1
3
374162821
3
187283460
120310975
29
745506958
9
631224779
3628961
239501569
20199
29
895347750
1
493458711
3
9
5077
20199
745506958
131
29
6653567
71
733950799
71
59875969
5077
29
17
748002183
1
29
123637514
831446598
2557
9
42526355
733
5077
779865477
29
315632948
5077
29
9979967
90861
373
479002369
561122822
561122822
907361
259464409
732136399
181581
9
131
558515696
111583025
1
39917209
392557147
90861
55973403
1
6759
198095597
3
40359
3
131
817975258
558514976
9
817975258
745506958
23080200
895347750
20199
198095597
457426646
748042503
71
19959167
1
637700952
492729066
131
561122822
3628961
604961
9979967
733
111401585
1814561
656959209
118782550
561082094
3
1814561
328500163
972551040
985418255
3
131
373
29
1814561
677733835
3
259464409
40359
778382809
3
19959167
1814561
972551040
9
531925454
86491609
518923609
123637512
9
740006179
181581
20199
131
90861
733
9
120310975
531925454
985418255
181581
946816610
9
3
9
3
1814561
733
4990367
9
3327167
445240757
1814561
19959167
120310975
972551040
3
3
582338138
745506958
3
1
131
3
373
733
40359
1
373
558516056
164270020
778382809
119751169
71
59875969
19959169
3
466023198
9
778382809
9
79834369
29
664643632
131
328500163
20199
181581
131
587018697
2557
1
222802269
3
373
733950799
854946298
59875969
778382809
40359
831446598
581277435
131
28168592
90861
457426646
831446598
71
745506958
9
1297
181581
118782550
9
100011420
374203141
9979967
561122822
733
727838105
3
3
781480247
470341765
684396557
9
373
239501569
745506958
198095597
9
71
118782550
5077
781480247
151361
349346266
747901383
119751169
3
71
5077
6759
457426646
972551040
733
9
29
30381
1
29
119751169
3
370184980
637700952
9
71
373
90861
181581
895347750
581277435
20199
9
592945796
131
19959167
164270640
55973403
6
832367
79834369
733
29
1814561
119751169
315632948
6
512479299
1
17
935090377
39917567
673797934
3
3327167
29
2495567
159203285
187283460
3628961
677733835
39597656
9
181581
328500163
119751169
17
42526355
512479299
181581
29
10119
946816610
187283460
373
907361
664643632
29
733
838382485
40359
1
259464409
518923609
19959167
3
581272395
985417635
29
81418665
2557
373
246911245
40359
90861
9
110385280
42526355
20199
373
9979967
775023701
6
45501
1814561
363021
5077
581277435
778382809
118782550
479002369
778382809
5077
733
20199
370184980
831446598
373
328500163
259464409
6
871895904
2557
928412349
42526355
3
1297
831446598
631224779
972551040
17
492729066
1814561
17
181581
374203141
745506958
258056672
29
817975258
374203141
946816610
239501569
592945796
60621
3
3
907361
118782550
389194009
831446598
733
962444667
9
3
684396557
328500163
2557
55973403
302561
90861
946816610
466023198
512479299
20199
181581
120310975
29
28168592
733
928412349
40359
40359
907361
470341765
9
631224779
79834369
733950799
20199
19959167
778382809
118871452
871895904
558516056
39917567
5077
123637512
740006179
239501569
3
374203141
187283460
558516056
1
31
9
123637514
29
123637512
9
374203141
914848081
39917567
9
363021
6653567
914848081
6653567
587018697
277152340
40359
733
315632948
1
9
120310975
1814561
656959209
71
123637512
1814561
664643632
79834369
40359
9
131
3327167
779865479
90861
972551040
131
39917567
118782550
9
1
463301598
259464409
637698432
164270020
61972510
3
368792423
290658966
370184980
512479299
29
131
353589270
315632948
119751169
5077
19959167
20199
581277435
187142340
172158994
29
131
733
29
637700952
907361
123637512
778382809
181581
131
2557
9
631224779
518923609
817975258
55973403
40359
19959167
3
1814561
6653567
5077
518923609
637700952
493458711
3
23080200
3
373
733
907361
373
30381
684396557
3628961
6759
29
907361
20199
172158994
40359
9
516696173
131
6
745506958
20199
778382809
3
118782550
10119
3
831446598
914848081
972551040
363021
237559891
373
3
457426646
373
581277435
907361
100961
1
1
5077
277152340
2557
29
90861
193
2
9
40359
479002369
831446598
558516056
531925454
3
778382809
246911245
656959209
581277435
1814561
19959167
1814561
5077
29
733
222802269
6
239501569
20199
817975258
17
131
2557
1
2557
236987905
745506958
59875969
1
30381
914848081
778382809
547599085
792410030
637698432
1
946816610
277152340
5077
3
315632948
40359
9
19959167
3
3
1
946816610
592945796
39917567
9
9
877
131
4990367
1814561
3
20199
172158994
39917567
181581
3628961
5077
131
19959167
6
5077
181581
9
733
558516056
118782550
914848081
2557
111401585
302561
3
9
131
733
9
39917567
71
10119
946816610
592945796
363021
871895904
136930144
131
831446598
795776966
914848081
29
181581
239501569
745506958
604961
9979967
3
733
561122822
373
23080200
239501569
6759
29
733
831446598
29
19959167
187283460
3628961
5077
817975258
29
3
239501569
20199
239501569
373
42526355
61972510
389193289
518923609
914848081
20199
20199
100864822
42163475
392557147
19959167
778382809
972551040
895347750
193
416447
631224779
71
470341765
20199
518923609
9
745506958
59875969
684396557
71
17
3
914848081
3
1
131
349346266
198095597
831446598
733
492729066
914848081
131
315632948
1814561
15261
363021
733
71
61972510
315632948
779865477
39917569
6759
733
71
40359
40359
131
181581
1814561
492729066
363021
9
71
29
29
290658966
61972510
3
20199
29
9979967
71
604961
748042503
39597656
19959167
6653567
19959169
656959209
518923609
2557
740006179
9
389194009
554927
4990367
3
71
3
29
3628961
733
19959167
387531789
972551040
61972510
373
239501569
935090377
39917567
9
40359
3
181581
3
233745979
131
733950799
9
838745365
5077
9979967
733
6653567
9
395378137
131
9979967
3
131
778382809
1814561
392557147
29
10119
187243140
481404224
1
100864822
342380169
71
20199
2557
20199
181581
119751169
745506958
19959167
3
181581
781480247
479002369
181581
1
111583025
118782550
5077
131
131
373
17
2557
392557147
972551040
684396557
895347750
40359
10119
972551040
40359
817975258
1297
895347750
119751169
9
2557
181581
29
9
604961
2557
5077
5077
637700952
1814561
733
363021
392557147
340683941
123637512
61972510
1297
3
637700952
374203141
1
39917567
985418255
198095597
727838105
39917567
3628961
581277435
40359
831446598
907361
795776964
817975258
9979967
1
5077
239501569
4990367
9
22821
518923609
392557147
246911245
1814561
1
9979967
19959167
838745365
17
9
123637514
9979967
30381
187222980
9
239501569
29
2557
118782550
2557
3
23080200
733
29
29
353589270
40359
19959167
1
181581
395378137
561122822
740006179
164270020
40359
907361
3
193
290658966
392557147
1
9
236987905
733
29
2557
392557147
40359
90861
302561
740006179
5077
181581
181581
193783623
363021
187283460
907361
3
466023198
290658966
328500163
181581
2495567
558516056
733
59875969
193786143
19959167
331037700
748042503
20199
259464409
119751169
518923609
3
41
17
81418665
3
40359
1814561
3
664643632
457424126
29
120310975
181581
119751169
3
259464409
39917569
914848081
71
421008265
129734089
914848081
29
328500163
631224779
1297
9979967
587018697
123637512
29
907361
5077
123637512
20199
1814561
3
40359
512479299
531925454
40359
373
838745365
9979967
9
1
972551040
9
19959167
40359
908112411
561122822
9979967
3
9
71
481404224
604961
19959167
946816610
19959169
131
30381
518923609
29
19959167
395418457
740006179
831446598
561122822
985417635
123637514
2557
740006179
187283460
71
5077
1
9
193
71
558516056
871895904
733
20199
29
81418665
558516056
479002369
10119
778382809
17
172158994
19959169
29
9979967
71
123637512
2
781480247
29938369
164270020
2
370184980
1297
395418457
111583025
373
20199
29
3
745506958
733
3
531925454
181581
90861
239501569
246911245
551761932
55973403
1
123637514
3
259464409
9979967
946816610
198095597
340683941
6653447
1
733
470341765
59875969
181581
492729066
290651406
20199
373
19959167
3
592945796
239501569
9
131
6
9
9
20199
561122822
119751169
832244
3327167
111583025
290658966
118782550
9979967
558516056
328500163
340683941
374203141
631224779
946816610
39917567
914848081
71
186213235
745506958
374203141
328499543
290658966
29
363021
733
17
907361
5077
1
10119
55973403
481404224
947900340
5077
1814561
558516056
131
20199
20199
3
558516056
61972510
119751169
453761
466023198
390114630
1294
1
373
131
340683941
935090377
592945796
373
733
40359
492729066
677733835
3
198095597
3327167
733
290643846
1297
19958809
131
370184980
6653567
581277435
29
118782550
745506958
693486007
19958809
684396557
3
23080200
181581
479002369
119751169
3
131
792410030
29
119751169
340683941
20199
781480247
277152340
239501569
985417635
342380169
133
29
6653567
181581
29
9
2557
5077
20199
315632948
831446598
9979967
9979967
9
3
40359
40359
985418255
29
302561
29938369
123536712
118782550
59875969
373
4990369
2557
1
2557
151361
907361
10119
90861
9
1814561
39917567
239501569
5077
972551040
592945796
1
1
946816610
342380169
17
1
9979967
42526355
871895904
581277435
9
1
558516056
3
457426646
315632948
373
561122822
985418255
222802269
123637512
733
481404224
779865479
71
157763764
10119
90861
2557
778382809
131
745506958
9
10119
131
2557
181581
748042503
119751169
277152340
9
111583025
349346266
1
972551040
605410011
118782550
3
733
1
20199
2557
259464409
3
39597656
733
29
131
3628961
41
3
111583025
131
259464049
222802269
172158994
914848081
733
388238576
20199
181581
3
20199
40
10119
39917567
732136399
907361
558516056
3
363021
90861
61972510
1
561122822
373
42526355
1
20199
778382809
1
5077
831446598
1
370184980
237559891
10119
1
5077
20199
908109891
3628961
60621
19959169
30381
9979967
29
131
2557
328500163
9979967
9979967
1814561
854946298
1
561082094
2557
71
29
3
19959167
29
9
239501569
581277435
23080200
9
40359
246911245
637700952
492729066
831446598
131
1
9
3
1
733
664643632
181581
530655374
453701
392557147
1
592945796
71
779865477
2557
765994726
838745365
1
29
831446598
387531789
264164088
733950799
778382809
119751169
1
9979967
1
222802269
871895904
71
90861
907361
131
914848081
119751169
131
9
340683941
727838105
61972510
239501569
512479299
75761
131
897192548
9
928412349
29
20199
222802269
972551040
9
795776964
3
3327047
20199
792410030
239501569
684396557
20199
907361
1
733
531925454
181581
492729066
453761
71
581277435
9
315632948
119751169
29
581277435
363021
90861
733
554299469
315632948
181581
363021
29
3
779865477
100961
172158994
55973403
131
187283460
181581
159203285
1
111583025
3628961
817975258
582338138
368792423
79834369
1
9
1
197891118
118782550
453761
39917567
9
748042503
457426646
684396557
1
120310975
907361
17
90861
3
90861
222802269
733
781480247
20199
258056672
164270020
10119
3628961
3628961
457426646
55973403
131
9979969
781480247
181581
181581
733
697745747
290658966
111583025
781480247
9979967
831446598
20199
100864822
19959167
123637512
197891118
558516056
187283460
907361
531925454
90861
29
907361
172158994
187283460
131
1
181581
277152340
2557
946816610
19959167
935090377
119751169
388238576
29
239501569
187283460
29
1814561
55973403
198095597
3327167
172158994
1
239501569
17
644471908
3
733
45501
9
81418665
3
30381
558516056
592945796
61972510
781480247
3628961
5077
111583025
790473135
895347750
181581
837656725
778382809
558516056
733
42526355
390114628
131
1
59875969
100864822
81418665
837838165
259464409
20199
1
20199
19959167
42526355
867362541
55973403
3
1297
90861
29
164270020
90861
29
19959167
5077
40359
29
9
1814561
373
239501569
119751169
3327167
4990367
20199
363021
2557
1814561
907361
493458711
895347750
119751169
9
30381
453761
457426646
41437715
637700952
277152340
9979967
40359
831446598
6
1814561
3
59875969
9979967
61972510
90861
5077
766901926
118782550
972551040
779865477
492729066
1
1814561
392557147
587018697
119751169
908112411
1
123637512
29
1814561
55791963
19959167
395418457
19959169
5077
119751169
277152340
119751169
374203141
479002369
946816610
90861
3
172158994
3
1297
79834369
373
9
675612332
733
118782550
831446598
119751169
390114630
373
9
118782550
492729686
733
17
558516056
42526355
631224779
3
370003540
29
373
675249452
197891118
895347750
1
1
9
111583025
30381
340683941
781480247
181581
71
631224779
733
781480247
5077
1
9
370184980
1814561
1
4990127
71
733
972551040
363021
17
972551040
29
9
551761932
895347750
733950799
9979967
118782550
558516056
29
445240757
1663967
119751169
2557
2
1
23080200
684396557
2557
2557
19959167
817975258
561122822
118782550
302561
907361
363021
1
368792423
42526355
60621
119751169
871895904
368792423
17
1
656959209
3399
9
781480247
558516056
3
1
3
637700952
6759
123637514
740006179
9
512479299
3
854946298
79834369
3
131
198095597
9
561122822
1
9
198095597
181581
1
90861
19959167
2557
374203141
59875969
637700952
264164088
118782550
25950409
29
131
119751169
374203141
29
1
561122824
373
40359
111583025
631224779
59875969
2557
315632948
1
512479299
131
42526355
9
9979967
558516056
9
28168592
3
531925454
3
592945796
60621
133
131
914848081
61972510
895347750
1
1814561
1814561
20199
363021
5077
3
832307
558516056
120310975
30357
222802269
907361
838019605
2557
656959209
123637512
23080200
239501569
340683941
302561
131
3
118782550
9979967
118782550
895347750
239501569
831446598
5077
1814561
40359
481404224
9
581277435
3628961
290643846
151361
90861
239501569
363021
781480247
19959167
373
222802269
198095597
187283460
79834369
9979967
3
131
222802269
5077
374203141
19959167
30381
29
3
464208798
39917569
2557
40359
1814561
392557147
6
1814561
9979967
778382809
4990367
373
907361
792410030
445240757
19959167
457426646
3327167
531925454
1
1109567
592945796
373
259464409
20199
187263300
907361
29
105238394
119751169
5077
40359
10119
20199
10119
9
10119
1
675612332
9
363021
29
370184980
907361
13306009
9
71
100864822
592945796
3
9
558516056
131
59875969
9
20199
181581
28168592
1
561082094
259464409
581264835
592945796
181581
5077
81418665
733
733
1297
3
9
914848081
3
30381
131
561082094
9
907361
159203285
871895904
6
531925454
131
374203141
374203141
781480247
3
29
1
131
290658966
40359
392557147
181581
212570458
373
42526355
59875969
5077
29
315632948
81418665
19959169
492729066
1
9
40359
512479299
119751169
19959167
745506958
71
664643632
59875969
3
677733835
120310975
3
745496878
392557147
9979907
733950799
90861
656959209
592945796
3
946816610
740006179
1
55973403
985418255
3
111583025
159203285
392557147
558516056
29
17
604961
172158994
457
42526355
17
29
19959167
560193485
39917569
90861
9
1
740006179
778382809
3327167
914848081
4990367
778382809
328480003
561122822
131
3
1
831446598
3
5077
1
257240192
61972510
131
775023701
259464409
118782550
914848081
581274915
61972510
1
5077
2557
604961
907361
19959167
9
512479299
518923609
39917567
9
9979967
120310975
914848081
3
302561
131
3628961
2557
2557
581277435
9
370184980
9
3
20199
558516056
778382809
119751169
20199
3
561122822
131
1
3
187283460
123637514
71
6653567
123637512
792410030
374203141
61972510
637700952
19959167
492729066
71
131
512479299
9979967
340683941
512479299
17
733
17
3
1814561
1
81418665
3628961
90861
59875969
9
239501569
20199
492729066
131
31
302561
3
71
29
119751169
259464409
3
133
9
61972510
10119
637700952
29
55973403
131
637700952
181581
131
45501
1
40359
181581
40359
39917567
745506958
119751169
733
3
181581
907361
71
1
259464409
45501
311893481
389194009
972550420
29
23080200
193
181581
39917569
131
9
5077
20199
1
637700952
466023198
3
118782550
119751169
29
9
9
9
9
733
9
20199
895347750
3
558516056
558516056
30381
684396557
2557
914848081
71
1
445240757
914848081
3
373
1
20199
20199
131
131
3628961
239501569
29
1
29938369
239501569
39597656
9
40359
675249452
9979967
9
389193289
664643632
3
5077
39917569
42526355
17
20199
131
389193649
558516056
59875969
363021
90861
914848081
1
831446598
781480247
561122822
9
831446598
453761
181581
392557147
6
3
745506958
90861
9979967
492729686
558516056
29
29
3327169
457426646
181581
797544907
2557
3
745506958
3
558516056
187283460
1814561
2557
1814561
907361
181581
41800595
453761
6
370184980
29
172158994
395418457
831446598
5077
466023198
946816610
512479299
831446598
558516056
1
512479299
664643632
60621
17
549557211
119751169
733
90861
9
19959167
10119
119751169
877
193
181581
9
19959167
631224779
914848081
9979967
9
118782550
181581
733
315632948
733
592945796
20199
131
363021
159203285
9979967
20199
985417635
779865477
733
28168592
1814561
14969569
781480247
740006179
3
131
1
479002369
131
795656004
2557
2557
9979967
561082094
9
745506958
119751169
123637512
2557
41437715
6
373
9
748042503
2557
2
237559891
181581
9
1814561
17
740006179
5077
9979967
914848081
55973403
781480247
6
3
80874345
3
181581
907361
5077
9
118782550
222802269
1
740006179
29
2557
23080200
9
985417635
19959167
908112411
3
3
3
733
55973403
581277435
4990367
59875969
445240757
644471908
39917567
740006179
3
2557
55973403
295326372
19959167
20199
198095597
59875969
664643632
740006179
370184980
817975258
20199
9979967
733
187283460
181581
631224779
1
493458711
914848081
181581
656959209
71
2557
129734809
239501569
790849741
131
733
592945796
453761
123637512
373
129734809
164270020
877
558516056
466023198
1
277152340
558514256
373
239501569
302561
778382809
592945796
3
733950799
831446598
39917567
239501569
871895904
831446598
363021
193
187222980
71
3
453761
838745365
39917567
604961
45501
29
733
560374927
733
1
19959167
19959167
187283460
39917567
10119
20199
9
1
193786143
6759
120310975
123637512
105238394
1
5077
315632948
181581
1814561
118782550
637700952
302561
3
2557
740006179
3
1814561
9
119751169
71
677733835
123637512
193
342380169
1297
198095597
315632948
453761
40359
392557147
3
39597656
29
684396557
131
131
492729066
90861
9979967
17
259464409
5077
29
907361
20199
492729066
19959167
592945796
392557147
733
131
40359
907361
373
159385936
453761
29
123637514
1
131
1
395418457
3
3
733
239501569
392557147
3628961
40359
9
123637512
389194009
2557
908112411
10119
131
492729066
3
778382809
558516056
131
9
187283460
17
131
131
172158994
1
3
675612332
1814561
457426646
118782550
637700952
9
907361
914848081
3
745506958
972551040
131
9
1
42526355
31
239501569
551761932
592945796
71
907361
3
131
181581
479002369
19959167
2557
9
605410011
778382809
129734809
6759
907361
29
90861
131
9
778382809
733
778382809
40359
1814561
119751169
373
71
587018697
479002369
554299469
2557
445240757
581267355
1297
2557
118782550
1
895347750
39917567
29
119751169
29
29938369
1814561
20199
392557147
5077
871895904
3
40359
123637512
492729066
370184980
6
29938369
587018697
17
373
9
972551040
43248409
561122822
1
6
3
181581
518923609
71
492729066
733
1814561
2495567
129734089
1
492729066
656959209
733
3
311893481
370184980
664643632
79834369
131
370184980
907361
23080200
6653567
172158994
778382809
9
3
10119
119751169
831446598
239501569
172158994
60621
637698432
684396557
212411875
778382809
895347750
40359
29
23080200
181581
779865477
40359
171190535
466023198
71
19959167
118782550
3
2
6759
290658966
131
6653567
373
581277435
1814561
781480247
17
1814561
295326372
3628961
123637512
20199
246911245
740006179
10119
1
9979787
733
20199
373
3
821378379
131
831446598
363021
237559891
907361
518923609
20199
1814561
604961
3
39917569
119751169
61972510
81418665
19959169
111583025
246911245
5077
71
895347750
3
551761932
985417635
373
90861
470341765
907361
236987905
558516056
222802269
19959169
131
2557
131
363021
492729066
9
61972510
392557147
90861
290659586
871895904
29
581277435
111583025
55973403
6
1663967
644471908
6
3628961
20199
119751169
1814561
928412349
512479299
9979967
2557
131
2557
239501569
131
20199
9
61972510
5077
733
239501569
907361
779865477
105238394
123637512
29
315612788
61972510
656959209
164270020
118782550
554299469
9979967
457426646
9
914848081
59875969
581278055
587018697
3
5077
290658966
29
5077
831446598
512479299
17
29
118782550
40359
928412349
370184980
19959167
59875969
3
5077
277152340
481404224
3
90861
20199
17
373
90861
581272395
1814561
187283460
675612332
61972510
492729066
9979967
181581
2557
831446598
1
831446598
61972510
181581
181581
664643632
389192569
118782550
79834369
29
119751169
745506958
60621
246911245
20199
3
1
340683941
9
59875969
19959167
119751169
236987905
123637512
61972510
907361
373
1663967
778382809
1297
1
6
79834369
131
197891118
181581
40359
733
59875969
457426646
29
118782550
492729066
748042503
9
6
9
453761
9979847
9979967
907361
131
1
187283460
907361
60621
581277435
795776964
9
20199
9
561082094
363021
907361
3
39917567
20199
363021
832367
3
340683941
39917569
985417635
29
236987905
290658966
348983386
3
119751169
1
745506958
239501569
3
187283460
81418665
1
4990367
9
677733835
29
5077
2557
45501
637700952
131
656959209
3
9
71
3628961
531925454
3
29
55973403
21265802
3628961
3
6
604961
9
39917567
129734809
5077
39917567
3
778382809
363021
914848081
239501569
9979967
373
1
20199
745506958
3399
39917209
733
558516056
20199
1
3628961
328499543
1
972551040
561042182
370184980
118782550
561122822
9
3
315612788
181581
2557
9
778382809
131
445240757
3628961
3
55973403
19959167
2557
1
392557147
277152340
1
914848081
373
118782550
10119
373
778382809
349346266
23080200
5077
2557
20199
131
164270020
198095597
342380169
373
111583025
9
123637512
4990367
1
71
935090377
561122822
2557
1814561
733
9
907361
778382809
457426646
531925454
10119
1
20199
20199
1814561
239501569
3327167
373
778382809
90861
39917567
664643632
914848081
9
1
118782550
389194009
733
29
119751169
551761932
457426646
373
2557
395418457
745506958
2
3327167
131
1
733
131
3
20199
395418457
637700952
373
733
656959209
29
29
1
3
587018697
20199
90861
470341765
4990367
315632948
17
40359
20199
363021
118782550
20199
374203141
5077
19959169
389194009
733
23080200
6
151361
1
131
558516056
457426646
1
748042503
237559891
40359
40359
1814561
9
389194009
29
838745365
20199
1
492729066
20199
17
19959167
656959209
518923609
123637514
831446598
239501569
131
181581
781480247
1
9
1
277152340
370184980
197891118
914848081
637700952
71
9
81418665
373
119751169
5077
71
370003540
972551040
29
20199
558516056
9
363021
85867878
123637512
1297
131
914848081
637700952
3
20199
778382809
1814561
9
5077
466023198
131
512479299
733
740006179
187283460
19959167
867362541
71
733
3
854946298
9
10119
55973403
131
1814561
3
9
1
105238394
895347750
3
561122822
131
59875969
838745365
1814561
42526355
558516056
61246750
5077
9979967
55973403
17
637700952
29
2557
23080200
71
21
90861
656939049
131
3
9979967
71
328500163
198095597
985398095
10119
1814561
60621
872220572
59875969
733
373
1663967
558516056
20199
740006179
3
302705091
119751169
29
457
795776964
831446598
20199
131
558516056
9
373
745506958
59875969
637700952
895347750
972551040
684396557
392557147
1814561
374203141
1
20199
445240757
29
20199
733
745506958
342380169
315632948
373
914848081
561122822
9979967
71
914848081
81418665
3
946816610
985417635
9979967
779865477
831446598
745506958
946816610
29
4990367
733
560374925
123637512
119751169
61972510
1
871895904
129734809
1
9
946816610
90861
518923609
9
561122822
392557147
131
5077
667
733
374203141
90861
3
29
29
561122822
3
3
187283460
1
119751169
664643632
20199
90861
328499543
745506958
581277435
795776964
907361
40359
2557
778382809
17
55973403
3
71
1297
164270020
779865477
558516056
748042503
3
370184980
656959209
3992449
551761932
237559891
29
733
3
745506958
5077
28168592
10119
61972510
131
9
20199
561082094
17
907361
181581
3
61972510
492729066
5077
259464049
631224779
492729066
2557
4990367
131
551761932
790473135
194599609
733
2
1
55973403
131
745506958
10119
392557147
745506958
778382809
9979967
118782550
554299469
558516056
10119
19959167
315632948
61972510
1
512297859
123637512
9
492729066
131
342380169
373
512479299
3
29
778382809
42526355
9
3
258056672
871895904
198095597
1663967
131
3327167
637700952
315632948
9979967
914848081
90861
831446598
340683941
946816610
745506958
9
871895904
29
512479299
1
479002369
42526355
3
246911245
558516056
907361
3
3
907361
895347750
718786760
181581
778382809
392557147
368792423
395418457
39917569
512116419
40359
2
1814561
3
779865477
40359
9
39597656
20199
105238394
907361
684396557
5077
374203141
9
895347750
61972510
972530880
551371611
131
895347750
181581
392557147
29
3
42526355
71
6
3
775023701
838745365
745506958
39917567
19959167
1814561
9
466023198
9
727838105
3
81418665
9
20199
40359
656959209
20199
664643632
1663847
3
740006179
1
1297
831446598
119751169
9979967
71
187243140
29
328500163
3628961
187283460
19959167
3628961
733950799
733
172158994
90861
895347750
733
9
131
290658966
39597656
631224779
302561
119751169
9
5077
2557
492729066
684396557
363021
9979967
914848081
492729066
9
363021
71
131
453761
778382809
123637514
3
39917569
895347750
187202820
914848081
29
5077
457426646
453761
466023198
457426646
1814561
3
733
9
198095597
9
29
733
181581
71
120310975
778382809
71
23080200
222802269
133
928412349
907361
40359
3
118327132
29
684396557
3
5077
9979967
42526355
239501569
239501569
29
151301
779784837
733
656959209
55973403
1
1
29
1
373
5077
9
745506958
119751169
677733835
1
20199
5077
9979967
733
6
374203141
733
3327167
733
551371611
59875969
779865477
907361
457426646
29
118782550
1
531925454
118782550
392557147
131
581277435
3628961
9
1
29
3
9
29
6759
518923609
20199
453761
39917567
9979967
157763764
131
111583025
17
3
181581
71
10119
131
181581
6
29938369
985418255
3327167
118782550
1
817975258
457426646
3
39917569
470341765
2557
587018697
9
558516056
17
3
373
745506958
23080200
9
373
5077
733
40359
370184980
733
315632948
547599085
733950799
3628961
733
373
895347750
3
29
119766655
29
479002369
40359
914848081
733
9
181581
972551040
187162500
181581
3
1
