10
100
0 0 0 0 0 0 0 0 0 0 0 0 0 0 0 0 0 0 0 0 0 0 0 0 0 0 0 0 0 0 0 0 0 0 0 0 0 0 0 0 0 0 0 0 0 0 0 0 0 0 0 0 0 0 0 0 0 0 0 0 0 0 0 0 0 0 0 0 0 0 0 0 0 0 0 0 0 0 0 0 0 0 0 0 0 0 0 0 0 0 0 0 0 0 0 0 0 0 0 0 
100
1 0 1 1 1 1 0 1 1 0 1 0 0 0 0 1 0 1 0 1 1 1 1 0 0 1 1 0 0 1 1 0 1 1 0 1 1 1 1 1 0 1 1 1 1 0 1 1 0 0 0 0 1 1 0 1 1 1 1 0 0 0 0 0 0 0 0 0 0 0 0 1 0 0 0 0 1 0 0 0 0 1 0 0 0 1 0 1 1 0 0 1 0 0 1 0 0 0 0 0 
100
1 3 1 3 0 1 2 0 3 3 2 3 0 1 2 2 1 1 3 1 3 2 0 3 0 2 3 0 1 0 0 1 0 2 1 2 3 1 1 1 0 0 0 1 2 1 0 0 3 3 3 1 0 1 3 2 2 2 1 2 1 2 2 1 0 0 1 3 2 2 3 1 0 3 2 0 1 2 2 0 0 0 3 3 2 2 1 3 1 0 3 3 2 3 1 2 0 0 1 3 
100
3 3 4 3 5 0 4 5 6 2 1 1 3 4 5 3 3 1 3 1 3 4 6 0 0 3 5 6 3 0 3 0 2 4 4 3 1 3 3 6 5 3 0 0 4 2 3 6 5 6 0 6 5 2 6 4 4 2 1 0 2 5 2 2 5 4 0 6 6 3 5 4 4 1 2 6 5 2 2 0 6 1 6 4 3 5 2 3 6 3 4 0 5 2 4 1 3 4 0 2 
100
1 10 0 5 10 2 7 8 9 5 2 6 7 8 10 1 6 11 1 1 11 4 2 7 1 5 4 6 8 1 7 6 3 4 11 0 6 11 11 0 8 1 7 11 6 4 10 9 6 1 9 1 1 7 10 8 10 4 6 1 9 9 11 11 1 9 3 1 2 1 11 10 7 11 4 11 9 11 10 0 2 1 8 11 11 5 10 3 11 2 3 2 10 10 3 7 11 8 2 1 
100
2 17 11 8 12 6 21 16 0 15 8 8 7 8 21 12 13 5 15 0 14 2 8 8 18 1 11 22 4 17 6 18 4 8 24 5 3 18 23 8 13 10 11 9 18 21 12 14 24 24 18 6 17 10 12 4 2 8 20 1 7 18 5 12 21 0 20 15 10 18 8 14 17 3 8 9 12 17 18 1 8 24 13 5 11 11 5 7 9 14 15 0 20 11 2 16 12 0 1 3 
100
10 14 5 32 20 3 21 8 14 14 37 14 43 0 21 5 7 1 36 19 26 15 30 12 11 10 20 41 14 42 42 1 3 32 20 19 12 37 34 38 23 25 22 16 10 21 18 7 21 42 11 28 0 4 36 31 6 8 21 19 36 26 24 0 7 7 27 0 37 41 3 42 33 30 23 32 10 5 24 16 40 9 18 26 11 3 1 0 34 24 14 20 9 25 5 42 32 21 42 40 
100
32 13 15 20 53 28 14 2 48 20 13 11 53 24 2 54 32 34 45 49 38 31 1 13 6 50 47 8 45 30 50 14 3 47 57 3 49 43 36 4 50 12 4 30 30 15 51 41 43 26 9 31 33 52 29 41 48 11 40 24 51 50 17 15 29 14 16 43 15 17 34 12 19 47 52 37 20 49 9 2 57 34 26 1 47 39 17 24 40 40 14 13 48 21 31 10 28 23 10 48 
100
18 82 6 81 7 37 21 77 18 86 5 22 29 78 14 23 64 16 49 46 39 6 75 15 58 20 22 56 68 18 87 35 77 70 32 64 24 56 47 80 62 52 14 59 33 28 33 59 73 44 68 46 10 52 66 64 28 9 54 71 42 52 30 53 60 9 11 25 14 81 67 22 70 33 39 83 65 73 5 42 38 21 30 17 66 72 17 59 19 68 63 24 21 11 29 1 24 42 22 85 
100
19 20 30 11 66 79 91 49 66 55 96 6 96 2 61 13 41 34 53 37 37 74 76 23 55 69 53 35 75 5 33 67 49 90 9 53 23 32 21 1 30 21 36 13 10 40 8 32 25 11 92 36 68 22 17 72 50 57 97 75 95 94 16 71 43 69 49 94 64 83 10 0 19 44 60 79 48 45 72 25 73 74 64 86 11 36 95 16 78 56 9 97 16 62 44 81 13 3 89 5 
