400 114
270 301
320 53
343 288
152 163
392 9
171 41
42 79
358 207
223 146
391 103
110 171
62 247
286 266
386 134
259 87
230 304
357 92
214 389
33 254
350 120
239 138
111 304
139 131
190 64
76 175
295 189
225 372
244 369
107 364
101 331
201 256
26 387
283 306
170 148
134 398
298 266
210 49
377 280
104 36
103 235
302 75
202 174
351 397
2 220
373 234
281 116
61 282
164 257
48 194
379 222
231 228
325 28
380 312
109 66
149 236
180 262
259 242
364 205
317 212
290 253
35 206
378 55
132 314
183 180
10 322
361 214
258 215
371 203
308 296
9 167
292 321
241 56
273 65
19 293
162 341
395 31
61 30
23 380
181 80
187 170
166 69
285 115
13 197
182 120
342 73
20 139
78 340
64 72
107 376
275 325
172 384
149 318
275 95
244 349
59 44
135 172
132 105
22 207
211 337
382 251
110 308
217 48
371 273
65 186
43 196
141 288
142 229
286 353
100 90
126 38
84 17
204 135
269 213
144 127
333 186
289 111
91 366
199 47
188 102
238 225
237 355
177 360
71 143
351 253
211 264
168 83
63 38
166 196
393 178
135 86
32 329
1 156
154 12
246 129
216 208
254 73
153 185
109 106
30 255
265 260
15 330
136 5
396 51
350 276
114 43
326 206
292 215
108 136
324 100
97 144
300 118
396 260
272 279
309 368
169 356
159 244
21 169
296 4
117 381
384 336
354 45
104 388
258 299
234 353
332 317
250 91
148 14
367 89
331 272
333 267
294 174
339 147
245 224
390 294
383 297
46 375
124 239
94 213
151 44
81 70
85 220
75 25
252 84
365 201
39 58
176 8
67 125
399 191
121 2
347 251
127 60
205 142
309 140
71 119
146 187
374 161
394 340
28 271
345 194
189 24
265 158
294 359
295 357
250 314
83 338
184 229
157 57
98 118
82 278
231 179
173 283
352 90
255 108
365 270
291 113
25 217
128 78
93 302
123 397
237 164
203 306
137 341
210 252
278 102
167 130
344 8
372 67
395 261
77 276
45 247
7 237
312 385
87 60
291 348
298 10
116 246
184 160
263 109
6 363
137 301
313 310
311 11
156 112
372 54
349 118
57 40
70 173
352 370
31 165
274 114
391 366
305 285
57 175
138 245
99 264
358 140
179 388
199 369
320 208
88 34
204 27
101 362
248 293
182 147
24 85
367 310
343 209
115 112
311 387
33 39
89 146
21 355
18 337
160 222
13 145
16 119
392 37
163 285
347 345
315 354
291 242
343 361
99 279
324 219
221 150
181 50
74 168
36 227
150 230
29 50
74 363
356 328
300 335
227 193
281 332
346 284
299 287
240 164
88 344
19 97
228 326
22 243
38 381
123 96
269 267
241 268
297 114
370 68
376 348
68 263
248 316
393 398
154 378
218 383
193 292
130 49
188 42
34 385
185 327
245 93
260 319
232 105
92 389
59 336
262 226
271 218
195 384
161 232
96 5
128 62
377 300
41 35
368 46
248 18
190 346
212 382
40 121
236 162
233 80
363 323
122 309
177 52
16 257
322 235
51 379
165 47
192 72
327 233
17 329
315 400
79 155
4 125
141 277
323 143
342 131
200 284
178 126
362 82
77 221
129 95
14 20
303 387
313 216
83 373
238 3
152 318
58 106
256 400
29 243
374 3
145 124
52 311
32 249
198 55
111 44
15 226
334 117
390 330
287 219
94 198
334 183
192 280
27 133
328 12
399 307
307 249
158 360
277 56
176 153
386 133
241 155
303 23
53 282
290 399
197 200
340 37
76 261
174 81
375 339
