5 500
45
82 83
79 80
51 52
3 4
88 93
77 78
29 30
87 92
36 45
59 60
72 73
53 63
37 38
55 56
63 64
15 16
52 58
87 88
4 13
21 22
2 9
84 93
80 87
44 46
20 24
46 47
49 50
4 28
86 87
27 28
35 44
70 71
39 40
27 29
7 15
66 67
40 41
73 78
64 74
19 20
41 42
76 84
17 18
36 44
20 26
31
46 53
30 31
12 15
4 5
63 64
34 35
24 25
40 41
15 17
57 63
30 34
52 60
47 55
47 49
27 31
22 23
26 27
5 7
18 19
42 43
38 43
2 5
7 13
13 17
35 37
57 58
46 47
59 60
43 49
8 9
20 21
16
60 64
51 60
54 63
25 31
51 52
74 81
47 48
45 46
49 50
67 72
80 81
71 75
62 67
22 23
67 68
69 70
17
23 24
17 18
25 26
56 57
36 37
44 45
21 22
48 49
46 47
19 20
40 41
50 51
38 39
15 16
42 43
54 55
52 53
19
46 47
41 42
52 53
49 53
32 35
77 78
39 45
75 76
24 25
48 49
70 77
38 42
79 81
25 33
32 33
22 23
25 32
36 38
28 29
16
40 41
69 70
71 73
21 24
81 82
74 76
27 28
32 33
21 22
73 79
30 38
29 30
83 84
79 80
38 39
36 37
18
40 41
42 43
60 65
20 21
60 61
33 34
68 69
64 65
14 15
15 19
27 31
66 67
38 39
27 28
16 17
31 32
25 26
44 45
23
19 20
24 30
41 45
29 32
20 27
7 14
33 35
35 36
8 15
11 18
21 22
3 4
22 28
7 8
25 26
40 42
46 47
16 18
1 6
4 6
13 17
37 38
44 45
20
19 20
50 58
17 18
49 56
28 34
63 64
48 49
23 24
57 58
67 68
65 66
31 32
11 15
5 12
27 28
61 62
33 34
59 60
21 29
15 16
30
40 41
44 45
46 47
28 29
48 49
26 27
4 5
6 7
32 33
24 25
34 35
19 20
13 14
36 37
60 61
2 3
69 70
56 57
50 51
63 64
8 9
11 12
15 16
30 31
58 59
42 43
54 55
65 66
52 53
67 68
14
20 21
63 66
21 28
60 61
65 66
26 27
29 30
19 20
21 26
24 25
62 63
62 68
15 23
31 32
18
11 12
17 18
28 29
2 6
32 39
26 27
10 15
18 25
4 8
30 31
21 25
20 21
41 42
15 16
1 3
9 11
1 8
38 44
31
4 5
2 3
28 29
26 27
6 13
30 31
60 61
40 41
42 43
56 57
66 67
62 63
52 53
6 7
16 17
32 33
8 9
14 15
64 65
34 35
24 25
50 51
56 62
10 11
13 21
20 21
22 23
35 43
47 49
38 39
54 55
24
72 74
80 81
68 69
16 22
45 46
57 60
41 42
59 61
61 62
53 61
82 83
85 86
39 40
17 18
63 64
74 75
70 71
37 38
61 70
78 86
15 16
51 52
49 50
43 47
35
31 32
79 81
39 48
23 24
39 40
54 55
78 79
19 20
72 75
17 18
71 72
62 66
47 48
85 86
58 59
37 38
61 67
12 13
4 9
10 11
45 46
60 61
50 51
29 30
14 15
52 53
69 70
5 6
25 26
35 36
27 28
21 26
3 4
43 44
29 34
38
7 8
39 42
16 23
24 25
67 72
54 55
46 55
24 28
14 15
83 84
30 31
87 88
75 77
75 81
72 74
58 64
45 47
61 62
3 5
51 57
32 33
12 13
42 43
26 32
36 37
5 8
38 45
76 82
38 39
17 26
51 57
33 37
50 51
15 22
3 11
18 19
63 67
84 86
44
50 52
57 61
11 17
80 89
63 72
42 52
30 39
1 2
64 73
38 46
40 49
25 28
91 92
37 38
17 23
50 55
83 91
21 29
71 80
71 72
58 63
35 41
52 56
79 87
55 65
84 90
67 72
25 34
45 51
70 79
5 14
5 15
7 12
41 42
40 49
77 78
3 4
63 64
83 85
81 82
3 10
7 8
19 23
20 30
22
35 43
27 28
44 45
42 43
60 66
35 36
13 14
66 70
71 72
25 26
67 68
19 20
46 47
31 32
68 77
16 21
21 22
14 22
61 62
65 66
19 28
29 30
30
46 47
36 37
28 29
68 69
64 65
6 7
34 35
60 61
72 73
74 75
22 23
50 57
44 45
52 53
36 42
48 49
50 51
32 33
11 12
38 39
62 63
66 67
20 21
76 77
24 25
26 27
18 19
70 71
42 43
30 31
33
52 53
28 29
13 18
23 31
4 5
9 15
40 47
18 23
14 21
34 35
61 67
1 5
38 43
3 10
22 23
32 33
54 55
60 65
68 69
9 14
50 51
48 56
8 9
12 15
36 37
46 47
29 32
60 61
39 44
33 41
61 69
25 30
51 57
5
4 13
3 4
4 6
13 14
13 14
5
2 3
4 6
4 8
1 3
2 14
5
5 6
12 14
5 12
12 14
4 8
5
6 7
5 10
7 13
13 14
2 8
5
7 8
5 13
12 14
7 11
6 13
5
4 6
10 14
6 8
9 11
12 14
5
10 13
9 10
1 2
10 14
6 12
5
1 5
7 8
11 13
7 9
4 14
5
6 12
7 13
5 7
4 14
4 6
5
7 13
9 13
8 11
12 14
13 14
5
8 12
6 10
13 14
9 13
4 7
5
7 9
11 14
5 8
7 9
7 11
5
3 7
2 5
8 14
3 5
10 12
5
12 14
9 13
10 13
8 10
8 11
5
3 9
13 14
11 12
1 10
1 7
5
6 13
3 9
6 8
12 14
6 7
5
5 12
10 14
1 2
1 3
5 8
5
7 10
4 6
6 14
6 13
6 7
5
2 8
4 14
8 9
3 4
4 14
5
2 5
12 14
7 14
12 13
3 10
5
9 10
5 7
8 14
5 7
6 13
5
3 8
5 6
12 14
3 4
6 7
5
3 14
6 12
8 9
6 10
9 10
5
7 12
12 13
2 3
12 14
1 10
5
12 13
10 11
4 11
9 11
7 14
5
10 14
10 12
10 11
9 11
8 11
5
7 8
6 14
12 14
10 12
11 12
5
5 9
6 12
1 2
4 5
3 14
5
3 5
12 14
9 10
3 14
7 8
5
11 12
13 14
3 4
5 11
9 12
5
10 13
9 11
10 13
3 7
12 14
5
4 14
5 8
1 4
1 3
2 6
5
9 11
13 14
12 13
1 3
6 7
5
8 14
1 2
2 5
8 13
1 3
5
13 14
8 12
8 9
8 10
5 9
5
9 10
6 13
9 14
7 12
9 12
5
5 12
7 10
8 9
13 14
8 9
5
10 14
5 7
10 12
7 13
10 12
5
12 13
10 14
10 13
4 7
7 8
5
5 6
5 10
8 10
8 14
10 11
5
5 8
10 12
6 9
7 14
10 13
5
5 6
12 14
7 11
7 10
9 13
5
7 9
4 12
13 14
7 8
3 14
5
11 12
5 10
10 12
8 12
7 14
5
11 12
5 14
2 7
11 12
8 10
5
7 10
2 3
7 11
8 9
4 14
5
7 14
5 10
1 2
13 14
4 5
5
7 14
4 5
11 12
2 4
10 13
5
7 8
7 13
1 6
3 12
13 14
5
6 8
6 12
2 5
4 10
13 14
5
9 10
6 14
6 7
7 12
7 14
5
8 12
6 9
12 14
4 10
6 8
5
2 4
9 14
3 10
5 10
2 12
5
13 14
13 14
10 13
9 14
5 14
5
1 5
6 13
12 14
9 12
4 8
5
4 8
10 14
10 11
3 6
6 8
5
6 12
3 8
10 14
9 10
12 14
5
1 10
5 8
13 14
4 8
4 11
5
10 11
8 13
10 14
11 14
6 7
5
8 14
5 6
7 9
10 12
4 14
5
12 14
5 6
9 14
11 13
8 9
5
3 11
13 14
8 12
5 6
9 13
5
5 6
10 14
6 11
13 14
7 8
5
13 14
6 7
6 10
11 13
3 4
5
10 14
11 14
4 7
10 11
10 13
5
5 8
3 4
10 11
8 9
4 14
5
10 14
4 5
8 10
3 4
4 11
5
4 7
8 11
10 14
4 8
5 8
5
1 6
12 14
3 9
4 11
6 12
5
7 11
4 9
8 12
9 14
10 14
5
10 12
6 14
1 2
1 10
7 8
5
12 13
6 8
12 14
11 12
6 13
5
5 14
10 13
7 10
9 11
12 14
5
11 13
6 9
7 13
6 14
4 11
5
8 9
7 11
5 13
13 14
5 10
5
4 7
12 14
13 14
3 6
8 9
5
8 12
5 6
8 12
12 14
13 14
5
4 5
11 14
9 14
9 11
4 14
5
4 5
9 12
2 3
13 14
6 13
5
10 13
11 12
3 4
4 9
12 14
5
6 11
5 11
12 13
8 12
12 14
5
7 8
3 4
12 14
7 8
3 13
5
1 8
4 9
7 9
9 14
10 12
5
7 10
12 14
13 14
9 10
8 10
5
5 7
4 6
13 14
6 14
4 8
5
3 13
9 11
11 14
3 5
11 12
5
6 10
11 13
2 7
12 13
9 14
5
7 8
7 14
11 12
8 10
11 13
5
10 12
12 14
6 14
5 13
5 7
5
8 14
5 8
1 12
8 10
4 7
5
1 5
11 13
1 10
8 11
9 14
5
6 9
2 6
9 10
2 14
8 14
5
1 7
2 3
8 10
12 13
4 14
5
5 7
6 9
4 11
6 11
12 14
5
12 14
4 11
7 8
12 14
3 5
5
8 14
8 12
6 8
4 6
7 8
5
3 10
10 13
11 12
13 14
12 14
5
2 6
4 9
2 14
8 9
6 7
5
5 9
7 11
13 14
8 12
2 14
5
12 14
11 12
7 12
2 12
3 11
5
3 14
3 5
11 12
9 13
4 10
5
8 10
7 14
7 8
7 13
8 11
5
6 13
3 5
4 5
6 8
10 14
5
12 14
7 9
7 9
7 8
7 14
5
9 12
4 8
10 11
8 9
11 14
5
7 9
6 8
13 14
9 10
6 14
5
9 14
13 14
6 13
12 13
13 14
5
11 14
3 4
9 12
8 12
5 11
5
4 7
4 7
8 10
13 14
7 9
5
12 13
11 13
8 10
3 5
3 14
5
13 14
1 2
8 10
8 12
7 13
5
10 14
5 7
5 8
9 10
12 14
5
3 4
3 11
3 4
7 9
6 14
5
9 11
7 12
5 12
12 14
5 13
5
5 6
12 14
8 11
10 12
10 11
5
9 10
3 6
2 6
5 7
9 14
5
10 12
8 9
12 14
8 10
10 11
5
5 10
7 11
5 6
1 14
1 10
5
7 8
10 11
8 11
8 10
9 14
5
4 6
13 14
10 13
2 3
3 8
5
13 14
9 10
9 10
10 12
8 13
5
9 14
11 13
10 14
6 7
9 10
5
7 12
4 7
10 14
10 13
8 9
5
8 9
6 8
3 14
1 4
7 12
5
13 14
12 13
11 13
5 14
10 12
5
12 14
5 14
4 6
2 6
11 13
5
11 12
12 13
4 7
2 3
12 14
5
5 7
9 14
6 11
8 13
7 8
5
9 10
7 13
8 14
10 13
11 12
5
8 14
9 12
3 6
6 7
9 14
5
6 9
5 11
10 14
4 6
2 3
5
4 12
13 14
5 7
10 12
1 3
5
7 9
10 11
3 4
5 7
6 14
5
4 5
7 8
4 5
11 14
5 9
5
10 11
8 10
7 12
4 5
13 14
5
5 14
11 12
5 9
12 14
5 8
5
9 10
7 8
3 5
1 12
6 14
5
1 4
10 14
11 12
9 11
8 11
5
7 8
1 7
1 14
13 14
5 10
5
13 14
11 14
2 4
1 5
6 7
5
11 13
7 9
7 8
10 14
5 10
5
9 10
6 12
5 7
12 14
3 4
5
5 7
7 12
8 11
7 14
13 14
5
9 14
5 7
1 2
4 8
3 14
5
12 14
1 3
2 3
1 2
6 7
5
5 6
9 14
9 10
4 7
10 14
5
6 12
4 10
8 10
2 8
13 14
5
6 8
13 14
6 9
1 12
11 13
5
11 14
4 7
3 14
12 13
2 3
5
6 7
7 12
6 14
2 13
8 11
5
4 6
13 14
5 8
10 13
3 7
5
10 14
4 5
13 14
8 10
6 7
5
5 10
5 13
11 14
9 11
9 13
5
9 13
10 14
3 6
4 8
2 6
5
7 8
9 14
10 13
7 9
9 14
5
6 13
1 4
13 14
5 8
2 3
5
12 13
6 10
10 14
9 11
11 12
5
13 14
2 4
3 9
7 8
13 14
5
2 7
3 6
7 9
8 9
7 14
5
6 9
4 7
9 10
6 9
11 14
5
4 6
6 14
3 8
7 10
10 13
5
13 14
1 3
4 5
5 14
10 12
5
3 6
1 3
11 14
7 8
9 14
5
3 14
2 8
8 11
11 12
7 10
5
13 14
10 12
5 7
6 9
6 9
5
11 12
6 10
8 12
13 14
9 11
5
11 12
11 14
2 3
5 11
4 6
5
6 8
10 14
11 12
8 13
6 10
5
8 10
3 4
5 6
5 7
7 14
5
5 6
5 10
6 14
5 8
7 9
5
7 8
13 14
1 8
4 10
6 10
5
5 8
4 7
5 7
1 7
10 14
5
5 7
3 4
8 14
9 12
2 10
5
8 9
6 14
6 8
13 14
4 5
5
4 8
5 11
13 14
3 11
3 13
5
8 10
10 11
7 14
7 13
8 9
5
5 12
8 12
2 14
4 12
5 11
5
6 8
13 14
4 5
5 9
3 6
5
4 5
7 12
7 10
5 7
1 14
5
2 8
13 14
7 13
4 5
3 6
5
4 10
5 10
13 14
2 7
7 11
5
11 13
9 10
12 13
10 14
9 10
5
6 8
4 14
8 11
8 10
5 12
5
6 14
7 11
3 4
2 13
7 10
5
5 7
4 6
12 14
3 4
5 10
5
10 14
5 11
3 5
5 7
10 11
5
13 14
5 13
4 7
3 5
7 14
5
5 14
12 14
12 13
6 8
9 11
5
3 8
8 10
5 13
11 14
1 8
5
6 14
1 2
12 14
13 14
3 4
5
4 10
6 7
9 11
3 14
9 12
5
4 6
12 14
9 12
6 11
10 11
5
9 11
9 14
5 8
7 11
10 11
5
5 6
9 10
6 9
8 10
5 14
5
11 14
9 10
3 4
1 14
6 12
5
4 6
10 14
4 5
9 10
3 14
5
2 6
2 8
3 5
7 8
13 14
5
6 14
9 12
6 7
10 13
8 11
5
5 6
5 6
6 7
11 14
6 12
5
2 14
11 14
11 13
5 7
3 5
5
7 9
2 4
6 11
6 11
13 14
5
5 9
12 14
6 14
6 8
10 12
5
3 7
1 11
6 14
4 8
10 13
5
9 10
12 14
11 14
9 10
7 10
5
1 2
1 5
10 14
4 8
7 9
5
4 6
4 5
4 14
8 13
10 14
5
7 8
5 7
7 12
4 6
13 14
5
9 10
9 12
12 14
8 11
13 14
5
3 7
7 8
10 12
7 14
9 10
5
2 5
7 10
5 7
12 14
6 14
5
6 14
11 14
2 4
7 10
4 10
5
4 8
9 14
2 14
9 11
5 13
5
3 12
7 14
11 12
10 13
5 6
5
11 14
4 6
4 5
2 6
1 2
5
6 10
1 14
7 12
3 6
12 13
5
4 12
6 9
9 10
10 12
6 14
5
11 12
12 14
7 8
3 5
3 8
5
9 12
12 14
2 4
6 8
8 13
5
7 8
10 11
5 7
10 14
10 12
5
6 10
4 5
4 10
9 13
4 14
5
6 9
6 8
5 14
4 8
5 8
5
11 12
12 14
7 13
13 14
10 14
5
9 11
10 12
9 12
12 14
10 13
5
4 7
4 7
7 12
6 14
6 8
5
11 13
12 13
11 12
9 14
12 13
5
7 11
5 7
4 8
3 10
13 14
5
1 9
10 14
12 13
9 11
5 6
5
3 11
1 3
6 11
10 14
8 9
5
5 7
9 12
6 9
1 8
13 14
5
6 7
10 12
9 12
11 14
2 3
5
8 13
9 14
10 12
9 10
5 7
5
13 14
3 8
3 4
9 12
5 6
5
12 14
5 10
7 8
11 12
9 14
5
11 12
9 14
8 11
9 10
7 8
5
6 7
5 11
11 12
5 14
2 11
5
7 13
5 6
2 12
2 6
12 14
5
4 5
11 14
7 13
7 8
7 10
5
9 10
3 14
6 7
10 11
2 3
5
4 5
4 7
10 13
12 14
11 14
5
10 14
6 8
7 13
6 7
7 9
5
1 10
11 14
8 10
9 14
4 6
5
5 7
8 10
9 14
11 12
11 12
5
5 6
5 7
9 14
2 12
10 12
5
2 8
9 12
9 14
1 6
1 2
5
4 9
3 14
6 10
4 5
5 7
5
9 11
13 14
9 10
8 9
7 9
5
12 14
8 13
10 11
10 14
13 14
5
7 14
8 9
7 11
12 13
6 10
5
7 14
7 12
5 10
6 7
1 3
5
9 13
4 6
11 13
6 9
9 14
5
12 14
4 5
5 14
4 8
1 2
5
6 7
2 14
13 14
9 10
5 13
5
10 11
3 6
6 14
9 10
4 14
5
9 10
9 14
2 3
12 13
4 5
5
4 7
5 6
8 14
6 8
10 11
5
5 7
3 4
3 14
6 7
2 13
5
6 7
8 9
6 9
13 14
7 11
5
9 12
9 10
6 7
9 12
12 14
5
10 13
11 12
4 6
10 11
11 14
5
7 10
5 11
2 4
4 7
12 14
5
6 7
2 10
13 14
4 5
11 12
5
6 7
1 4
7 14
2 5
5 7
5
8 14
7 8
9 11
9 10
7 8
5
8 9
12 14
3 10
3 13
6 7
5
7 13
8 9
6 14
8 9
4 8
5
10 11
9 13
4 6
6 13
13 14
5
10 14
6 10
1 2
8 13
7 8
5
11 14
10 13
6 13
7 9
6 9
5
12 14
5 13
7 12
9 10
6 8
5
2 7
2 11
6 8
6 11
7 14
5
11 13
10 11
4 5
4 14
2 3
5
8 9
8 9
9 14
10 13
4 7
5
11 14
6 7
5 10
2 3
6 9
5
5 8
6 8
10 14
2 9
4 6
5
7 8
9 14
7 13
6 11
7 9
5
3 10
3 12
5 8
7 8
13 14
5
8 10
10 13
10 14
3 11
8 9
5
12 13
6 8
6 14
4 11
9 12
5
9 10
6 11
13 14
7 8
9 12
5
6 10
3 11
8 13
13 14
4 7
5
11 14
8 13
2 5
8 9
11 12
5
13 14
4 9
1 12
5 8
9 12
5
2 8
5 7
11 14
6 9
3 5
5
4 14
7 8
4 11
6 8
4 5
5
10 14
8 11
12 13
6 14
7 12
5
9 10
8 14
5 7
7 14
10 12
5
12 13
7 8
8 11
5 6
13 14
5
13 14
8 12
10 13
5 6
1 3
5
11 12
8 13
11 14
7 8
9 11
5
6 11
13 14
10 11
5 6
5 13
5
6 9
3 12
6 7
4 9
12 14
5
8 10
7 10
2 11
11 14
2 3
5
4 9
1 4
3 9
7 14
3 4
5
8 14
2 5
1 8
9 10
10 11
5
13 14
7 10
4 12
4 5
8 11
5
4 6
7 8
6 14
12 14
12 14
5
7 8
12 14
8 10
1 2
6 8
5
8 10
5 7
1 4
12 14
7 8
5
5 8
12 14
4 10
2 7
5 7
5
5 9
10 13
2 14
4 10
12 14
5
4 11
3 4
3 6
5 7
12 14
5
3 9
6 12
12 14
5 12
2 3
5
4 9
11 13
8 13
9 12
7 14
5
9 11
8 12
2 14
3 4
6 12
5
7 9
1 3
1 2
10 13
12 14
5
10 13
10 12
13 14
3 14
9 13
5
8 12
5 8
10 11
7 9
8 14
5
2 3
9 11
10 14
9 12
8 13
5
5 8
10 14
3 4
10 14
9 14
5
7 12
2 4
1 5
11 14
6 9
5
11 12
7 12
5 6
9 14
9 13
5
7 14
5 6
6 7
7 11
6 10
5
11 14
8 9
7 8
6 7
10 11
5
13 14
11 12
5 14
9 10
10 14
5
7 8
4 7
7 8
2 3
3 14
5
10 13
10 14
7 10
6 7
3 4
5
5 7
8 14
6 10
3 10
3 10
5
8 14
6 9
12 14
5 12
8 9
5
7 8
9 14
10 13
6 7
3 14
5
4 11
13 14
5 12
5 11
10 13
5
8 14
7 9
10 13
3 5
7 8
5
6 9
10 11
9 12
6 11
13 14
5
3 13
6 8
10 11
7 12
8 14
5
5 6
6 11
9 10
7 8
10 14
5
5 9
6 10
3 12
5 8
12 14
5
2 3
6 7
4 14
13 14
4 5
5
8 11
7 10
8 14
5 14
9 14
5
10 14
6 14
8 9
9 14
3 6
5
9 10
10 14
10 13
6 8
11 12
5
4 7
4 12
4 6
6 7
2 14
5
4 5
4 6
13 14
3 9
9 11
5
7 10
11 14
8 9
11 12
4 13
5
5 6
4 7
5 9
5 14
11 14
5
6 8
10 14
5 10
7 9
5 11
5
11 14
5 6
9 14
4 5
7 9
5
13 14
8 14
7 13
7 8
13 14
5
9 12
11 12
2 8
10 11
11 14
5
7 9
2 3
7 11
13 14
3 8
5
4 13
10 11
12 14
4 7
5 12
5
9 11
8 13
4 5
13 14
9 10
5
6 8
1 7
1 10
6 14
9 10
5
11 14
2 6
7 11
7 12
10 12
5
1 9
6 7
1 6
2 3
13 14
5
9 12
7 14
12 13
5 6
4 13
5
2 5
4 6
4 5
10 11
12 14
5
10 14
11 12
7 9
4 5
10 13
5
5 13
5 9
13 14
5 7
11 12
5
9 10
11 14
9 14
8 9
4 5
5
8 9
3 4
13 14
5 7
4 5
5
5 6
4 6
4 5
8 14
5 9
5
6 7
5 14
5 8
9 11
2 13
5
13 14
6 10
11 13
2 9
2 5
5
5 6
7 11
5 6
11 14
5 13
5
11 14
3 11
2 9
3 13
6 11
5
8 12
8 9
2 14
12 14
9 11
5
9 10
7 13
7 11
2 14
3 7
5
10 11
7 14
1 6
4 8
10 11
5
4 7
7 10
13 14
10 12
9 10
5
7 12
3 5
4 7
4 14
2 4
5
9 14
5 6
7 14
9 10
9 10
5
5 10
4 11
10 11
12 14
6 7
5
6 14
12 13
11 13
2 3
5 13
5
5 6
9 12
6 9
7 10
12 14
5
5 8
7 11
12 13
8 12
10 14
5
8 14
2 8
11 13
10 13
3 7
5
7 12
9 14
6 7
2 3
5 9
5
5 13
5 7
9 14
4 12
5 7
5
13 14
1 5
9 13
8 9
4 9
5
4 7
5 14
11 13
4 7
4 8
5
4 8
3 14
7 12
6 8
3 14
5
5 13
4 6
9 12
13 14
10 11
5
4 13
12 13
3 5
4 9
10 14
5
2 3
12 13
12 14
7 10
3 11
5
11 12
10 13
8 12
8 11
9 14
5
8 12
13 14
6 14
11 12
10 12
5
4 5
13 14
2 3
5 10
11 13
5
12 14
10 11
12 14
5 7
9 10
5
8 14
5 13
4 5
2 4
4 12
5
10 11
2 5
3 7
11 13
11 14
5
7 14
7 9
8 10
8 14
3 9
5
10 14
7 8
12 13
5 12
7 10
5
1 12
6 8
7 10
8 14
6 8
5
3 4
12 14
2 11
10 11
8 11
5
12 14
8 14
3 12
2 4
11 13
5
12 13
2 10
6 7
13 14
2 5
5
10 13
3 10
2 9
4 7
13 14
5
8 10
8 10
3 12
10 14
8 11
5
7 12
13 14
10 13
10 13
4 14
5
7 10
5 10
3 7
6 10
12 14
5
6 14
12 13
5 11
3 4
7 8
5
11 14
13 14
5 11
13 14
10 14
5
7 14
10 11
1 14
1 3
4 5
5
6 13
5 8
8 14
9 10
6 14
5
6 14
5 9
9 11
9 12
4 5
5
3 5
2 8
11 12
5 14
6 7
5
6 8
9 10
3 14
3 5
2 12
5
4 14
4 5
6 9
13 14
5 10
5
4 14
4 6
11 12
1 14
3 4
5
3 4
2 3
12 14
4 5
8 10
5
7 8
6 11
6 10
8 13
5 14
5
13 14
7 8
4 8
10 14
6 8
5
13 14
7 13
4 11
1 3
6 10
5
6 8
2 13
2 4
1 4
8 14
5
5 9
2 14
10 12
6 7
9 13
5
8 10
1 3
5 14
5 12
3 9
5
13 14
10 13
7 13
8 14
12 13
5
9 14
1 3
1 2
2 10
7 14
5
13 14
8 10
10 11
9 11
6 10
5
7 11
13 14
3 14
3 4
3 10
5
8 9
8 14
3 8
12 13
4 6
5
9 14
8 11
3 9
3 7
3 4
5
5 7
2 9
11 14
13 14
8 9
5
6 12
2 7
5 8
13 14
5 7
5
4 14
5 8
6 9
10 11
3 5
5
10 14
10 12
7 11
1 14
8 10
5
5 7
11 14
2 3
12 14
6 13
5
13 14
2 10
4 6
3 6
4 5
5
8 9
3 7
10 11
2 4
9 14
5
5 9
8 10
12 14
3 5
3 14
5
7 8
11 12
4 9
5 7
13 14
5
2 3
1 7
3 6
11 14
9 13
5
7 12
3 4
5 10
12 14
3 13
5
3 14
5 9
1 7
8 9
1 5
5
2 8
11 14
12 14
11 12
3 5
5
10 11
9 14
4 13
3 8
5 8
5
7 10
8 12
4 12
13 14
10 12
5
6 7
3 10
3 14
3 13
8 9
5
11 12
2 3
7 14
3 8
6 7
5
6 10
9 12
10 13
12 14
9 13
5
6 14
6 8
6 13
5 7
7 8
5
2 10
6 7
2 7
12 14
1 2
5
7 14
7 9
2 7
4 6
6 11
5
9 11
2 10
10 14
6 8
7 11
5
4 5
13 14
10 12
6 12
10 13
5
6 10
5 7
11 13
4 14
2 6
5
13 14
5 8
11 13
4 8
8 11
5
11 12
8 12
8 13
12 14
6 8
5
3 5
8 12
8 9
1 3
1 14
5
4 5
2 11
9 14
4 9
4 6
5
2 13
4 7
1 2
13 14
4 7
5
9 12
11 12
13 14
8 9
9 13
5
5 10
8 12
5 6
5 14
4 10
5
7 9
2 7
10 14
5 7
12 13
5
3 6
7 14
13 14
6 8
9 12
5
1 3
2 14
9 10
3 13
10 11
5
4 5
5 6
2 9
10 13
12 14
5
9 10
10 13
3 14
9 14
4 8
5
5 14
3 4
1 2
8 9
4 8
5
5 9
3 9
11 12
2 14
8 9
5
4 12
3 5
8 14
3 7
7 12
5
9 10
3 4
13 14
12 14
10 11
5
4 9
3 14
5 6
3 6
6 7
5
3 9
1 6
7 8
9 14
6 7
5
10 12
7 13
6 9
12 14
11 13
5
6 9
2 10
3 14
10 13
5 7
5
12 14
4 8
5 9
6 10
1 7
5
9 11
10 12
13 14
10 11
10 11
5
12 14
2 4
6 9
11 13
10 13
5
8 13
9 11
3 12
5 7
4 14
5
5 7
4 11
9 10
4 8
12 14
5
4 9
10 13
2 9
7 8
5 14
5
4 9
9 13
5 8
7 14
7 8
5
4 6
12 14
9 14
5 9
6 7
5
3 4
3 5
7 9
12 14
2 11
5
12 13
6 14
2 3
8 12
3 8
5
5 6
5 6
6 9
2 11
11 14
5
4 10
11 13
5 6
13 14
8 9
5
3 4
1 5
3 6
6 10
5 14
5
8 9
9 13
3 10
4 6
3 14
5
9 11
3 14
6 10
2 3
2 3
5
6 14
10 11
1 2
3 8
1 5
5
11 14
7 9
11 12
8 10
9 11
5
4 11
3 8
3 8
8 14
3 8
5
10 14
4 5
10 12
4 6
1 12
5
8 10
11 14
3 5
3 4
6 14
5
1 9
2 5
3 5
6 9
11 14
5
9 13
5 14
3 5
2 4
11 12
5
4 9
8 12
5 6
2 4
7 14
5
9 11
8 10
6 13
9 14
4 5
5
7 9
7 10
2 14
13 14
10 12
