4 500
19
333158 333159
333188 333189
333164 333165
333186 333187
333175 333176
333171 333172
333179 333180
332462 333370
333181 333182
333162 333163
333156 333157
333152 333153
667037 667038
333160 333161
333154 333155
333173 333174
333169 333170
333166 333167
333184 333185
29
666171 666172
666165 666166
666179 666180
666205 666206
666211 666212
666213 666214
666221 666222
666198 666199
666224 666225
666167 666168
666215 666216
666181 666182
666185 666186
666159 666160
666175 666176
666163 666164
332570 332571
666196 666197
666207 666208
666200 666201
666187 666188
332575 332576
332568 332569
666173 666174
332566 332567
666183 666184
666177 666178
666192 666193
666219 666220
30
666384 666532
332975 332976
666467 666645
666343 667047
665922 666507
666230 667056
666130 666601
666348 666532
666373 666980
666403 666539
665760 666681
124323 983738
666281 666806
666455 667002
665883 666542
666466 666496
666127 666832
666143 666840
666463 666556
666390 666593
666014 666661
163790 375887
666169 666817
665984 666699
332925 333350
666517 666518
666390 666516
666469 666820
666053 666996
332940 333062
18
666182 666183
333330 333331
666176 666177
666045 666199
666188 666189
666160 666161
666169 666195
666165 666664
666172 666173
665710 666547
666164 666165
665651 666423
666018 666989
333334 333335
666174 666175
666162 666163
665853 666694
666180 666181
28
667264 667265
667216 667438
333493 333788
666993 667324
667119 667743
667011 667388
666885 667396
333333 333648
667039 667413
667206 667830
667186 667757
666923 667868
667250 667983
667076 668063
666496 667352
667270 667353
333635 333636
333618 333864
333628 333629
667096 667636
667303 667304
667284 667285
666369 667340
333640 333641
666902 667869
666700 667675
667276 667277
666782 667671
19
665654 665655
332533 332534
665652 665653
665672 665673
332544 332545
332537 332538
665656 665657
332546 332547
332384 332732
332548 332549
665674 665675
332522 332523
665663 665664
665665 665666
665650 665651
332021 332831
332542 332543
332535 332536
665670 665671
29
333769 333770
333746 333747
333669 334516
666985 666986
333762 333763
667007 667008
667019 667020
333744 333745
333504 334144
333776 333777
666983 666984
666981 666982
667017 667018
333754 333755
666576 667291
666654 667542
667005 667006
667015 667016
333764 333765
666987 666988
333760 333761
666991 666992
333750 333751
333758 333759
333748 333749
333621 334082
666915 667019
666923 667549
333752 333753
15
332061 332734
331854 332762
332621 332622
332597 332598
332613 332614
332185 332787
332601 332602
332538 332843
332505 333104
332605 332606
667254 667255
667252 667253
332457 333451
332148 332724
332132 332870
28
667451 667531
667506 667507
667490 667491
333189 333190
667490 667708
666990 667569
667492 667493
667496 667497
333083 333225
333199 333200
667284 667591
667476 667477
333193 333194
667500 667501
667049 667718
667470 667471
667502 667503
667488 667489
332824 333261
667478 667479
667468 667469
667472 667473
333165 334086
667431 667577
667404 667579
667365 667574
667244 667635
667482 667483
20
665693 666483
333361 333362
666435 666436
333377 333378
666005 666928
665739 666480
666228 666702
665538 666475
333046 333556
666452 666453
333056 333422
333323 333407
333356 333371
333372 333373
665674 666665
333235 333420
666431 666432
333376 333525
332903 333766
666368 666859
16
666532 667050
333751 333752
667046 667047
333761 333762
333754 333755
667048 667049
333758 333759
667038 667039
333756 333757
667028 667029
667032 667033
667026 667027
333763 333764
667022 667034
667040 667041
667036 667037
31
333442 333447
666639 666640
666459 666942
666630 666631
333453 333454
666341 667168
666547 666656
666508 666853
666634 666635
666606 666607
333449 333450
666620 666621
333441 333442
333447 333448
333443 333444
666612 666613
666522 666777
666643 666644
666566 666742
666232 667029
333439 333440
666622 666623
666602 666603
666618 666619
666628 666629
666071 666689
666637 666638
666604 666605
666645 666646
666600 666601
333451 333452
18
333158 333976
332855 333739
333479 333759
666728 666989
333478 334273
333506 333507
666652 667132
333024 333904
333371 334136
666326 667184
333340 333649
333453 333941
333527 333528
333218 333890
333056 333957
666382 666979
666818 667088
666503 667472
31
666709 666710
666744 666745
666491 667050
666211 666818
666720 666721
666578 666752
666711 666712
666741 666742
666686 666809
666731 666732
666556 666964
666729 666730
666564 666961
666739 666740
666711 667168
666744 666745
666731 666732
666718 666719
333174 333175
666556 667248
666695 666696
666673 666758
666699 666700
666743 666744
666448 667046
666727 666728
666475 666845
666526 667157
666698 666699
666457 667196
332602 333452
19
666927 666928
666938 666939
332762 332763
332764 332765
332760 332761
332766 332767
666920 666921
332758 332759
666936 666937
666912 666913
666918 666919
666925 666926
666934 666935
666916 666917
666910 666911
666929 666930
666931 666932
666914 666915
666923 666924
29
332595 333278
332635 333255
332965 332966
332967 332968
666228 667011
332968 332969
332606 333556
666221 666265
332431 332997
332957 332958
332363 333218
665741 666354
666021 666331
332802 333433
332376 333015
666215 666265
332963 332964
332950 332951
666235 666236
666047 666331
665694 666321
665555 666424
332916 333264
332870 333156
666231 666639
666239 666240
332711 333510
332949 332950
666247 666248
26
333247 333248
333234 333235
666803 666804
333245 333246
333270 333271
333238 333239
332766 333377
333240 333241
666747 667199
666799 666800
666310 667070
666376 667324
666759 667332
332508 333383
333262 333263
666743 666830
332639 333544
333255 333256
332834 333281
333264 333265
332925 333371
666807 666808
332761 333738
666809 666810
332629 333593
666793 666794
30
333447 333803
667226 667227
333609 334032
333623 333726
333567 334361
667214 667215
666930 667566
333137 334045
333400 333715
667075 667749
333738 333739
333695 333696
333740 333741
666394 667237
333631 334015
666397 667368
333172 333899
333343 333779
333566 334197
333136 333756
333589 334082
333710 333711
333539 333795
333484 334460
333411 333984
333717 333718
333132 333722
666819 667436
333730 333731
333594 334372
30
666531 666875
666877 666878
666642 667307
666855 666856
666827 666828
666824 667429
666863 666864
666845 666846
666441 667391
666879 666880
666834 666835
666703 667297
666853 666854
666777 666933
666832 666833
666829 666830
333563 333564
666812 667045
666869 666870
666715 666888
666851 666852
666522 667344
666715 667016
666859 666934
666857 666858
666825 666826
666859 666860
666823 667068
666602 666978
666841 666842
29
668196 668197
334283 334284
668182 668183
668174 668175
668166 668167
334277 334278
668168 668169
668157 668158
668204 668205
668186 668187
334281 334282
668192 668193
668180 668181
668188 668189
668200 668201
667748 668368
667891 668410
668164 668165
334279 334280
668202 668203
668184 668185
668178 668179
334275 334276
668190 668191
668194 668195
668170 668171
668172 668173
668159 668160
334285 334286
5
320112 320115
320115 320116
320108 320115
320112 320115
320111 320113
5
954403 954406
954402 954404
954398 954405
954403 954408
954399 954401
5
533877 533878
533876 533878
533883 533885
533882 533885
533876 533884
5
527531 527532
527525 527527
527529 527532
527524 527528
527536 527537
5
887886 887891
887883 887884
887887 887894
887889 887891
887885 887894
5
991635 991636
991635 991644
991635 991640
991639 991641
991634 991636
5
808991 808992
808988 808990
808994 808997
808995 808996
808991 808998
5
293654 293659
293649 293650
293655 293656
293650 293653
293649 293656
5
365119 365124
365117 365120
365118 365121
365121 365125
365115 365120
5
550365 550366
550363 550366
550359 550370
550366 550370
550359 550360
5
538564 538567
538564 538572
538568 538571
538569 538573
538562 538568
5
286810 286811
286811 286812
286808 286810
286809 286810
286808 286814
5
445024 445031
445033 445034
445029 445036
445027 445035
445024 445025
5
491100 491103
491100 491104
491093 491099
491100 491101
491104 491106
5
621646 621650
621643 621644
621644 621651
621648 621651
621649 621650
5
359351 359353
359349 359352
359357 359358
359357 359358
359346 359356
5
218734 218738
218735 218738
218731 218733
218729 218730
218738 218739
5
554423 554426
554423 554425
554428 554433
554428 554432
554431 554432
5
856751 856752
856744 856749
856743 856749
856743 856749
856746 856750
5
255688 255692
255694 255698
255686 255691
255688 255698
255689 255690
5
762889 762891
762881 762892
762881 762884
762886 762889
762885 762889
5
636671 636672
636662 636664
636671 636673
636666 636673
636671 636673
5
142910 142913
142916 142918
142916 142920
142911 142918
142916 142917
5
222298 222307
222296 222299
222304 222307
222297 222307
222306 222307
5
849289 849299
849294 849300
849292 849298
849289 849294
849298 849299
5
824571 824572
824571 824574
824569 824573
824565 824568
824572 824574
5
305186 305192
305180 305181
305179 305181
305184 305187
305182 305183
5
637093 637098
637094 637102
637094 637096
637098 637100
637102 637103
5
167067 167069
167067 167072
167068 167069
167069 167070
167078 167079
5
1087 1090
1090 1091
1090 1095
1093 1095
1090 1093
5
191111 191116
191105 191106
191106 191115
191105 191114
191111 191114
5
248163 248164
248164 248168
248160 248164
248161 248172
248172 248173
5
606222 606226
606229 606233
606225 606228
606227 606229
606231 606232
5
681721 681726
681729 681730
681728 681729
681725 681732
681720 681722
5
182332 182333
182338 182341
182335 182339
182331 182332
182331 182334
5
187768 187774
187768 187771
187770 187771
187778 187779
187769 187773
5
852381 852387
852387 852388
852384 852386
852389 852392
852384 852386
5
659521 659524
659521 659522
659521 659522
659516 659523
659518 659519
5
194630 194634
194629 194630
194627 194633
194622 194628
194630 194631
5
124020 124024
124017 124020
124022 124024
124018 124019
124020 124023
5
864047 864051
864044 864047
864041 864052
864049 864050
864042 864044
5
166003 166007
166009 166011
166010 166012
166003 166011
166009 166012
5
774085 774095
774087 774088
774087 774088
774086 774096
774089 774091
5
734426 734434
734424 734431
734430 734434
734434 734437
734430 734431
5
217257 217258
217247 217250
217247 217254
217251 217254
217255 217260
5
62874 62875
62870 62871
62863 62872
62863 62866
62866 62868
5
21589 21595
21587 21592
21598 21599
21590 21594
21588 21596
5
779207 779208
779211 779213
779212 779214
779211 779212
779209 779218
5
753489 753490
753478 753480
753483 753484
753477 753478
753487 753489
5
438755 438761
438755 438756
438756 438757
438758 438762
438760 438762
5
660427 660433
660429 660430
660423 660426
660429 660431
660424 660425
5
316718 316719
316714 316716
316726 316727
316718 316722
316717 316723
5
924661 924665
924664 924670
924664 924674
924672 924673
924672 924674
5
7494 7495
7502 7504
7499 7504
7497 7501
7495 7503
5
865806 865808
865802 865803
865804 865806
865805 865806
865807 865812
5
876378 876380
876372 876373
876370 876373
876369 876373
876380 876382
5
495889 495895
495886 495889
495888 495890
495888 495889
495886 495891
5
668648 668650
668648 668655
668648 668651
668648 668652
668647 668660
5
230844 230850
230848 230850
230843 230845
230852 230855
230851 230854
5
925994 925998
925997 925999
925992 925993
925993 925994
925992 925993
5
954341 954344
954341 954349
954347 954349
954343 954344
954337 954345
5
481351 481352
481351 481352
481353 481357
481352 481360
481353 481358
5
663091 663092
663084 663091
663086 663087
663084 663085
663091 663092
5
858060 858063
858058 858060
858055 858056
858063 858064
858058 858059
5
915174 915175
915172 915173
915179 915182
915175 915184
915172 915173
5
774768 774770
774777 774779
774770 774772
774773 774774
774772 774775
5
105569 105573
105562 105569
105563 105567
105561 105567
105560 105561
5
711236 711238
711240 711246
711245 711246
711237 711241
711240 711242
5
209229 209235
209229 209231
209228 209237
209233 209234
209228 209237
5
887113 887115
887115 887116
887117 887122
887113 887121
887119 887120
5
595505 595506
595496 595499
595500 595507
595504 595507
595498 595502
5
34257 34258
34263 34265
34254 34259
34254 34266
34261 34262
5
871922 871926
871921 871922
871921 871932
871920 871925
871928 871929
5
91999 92006
92005 92007
92004 92005
92004 92008
91999 92000
5
954978 954979
954986 954987
954980 954982
954976 954977
954983 954984
5
279736 279740
279737 279742
279733 279738
279738 279742
279732 279736
5
437367 437370
437368 437372
437369 437374
437367 437368
437366 437373
5
783783 783786
783780 783789
783777 783785
783786 783787
783781 783782
5
222818 222820
222818 222819
222816 222817
222816 222819
222811 222812
5
76881 76882
76886 76887
76884 76886
76880 76885
76883 76885
5
467459 467464
467457 467462
467461 467462
467453 467456
467453 467465
5
936442 936444
936450 936451
936443 936446
936442 936445
936441 936446
5
758766 758770
758765 758768
758765 758774
758768 758769
758774 758775
5
43659 43660
43659 43662
43655 43661
43655 43658
43659 43668
5
258960 258967
258963 258968
258965 258966
258959 258969
258965 258967
5
644452 644458
644453 644457
644448 644452
644446 644449
644448 644458
5
407178 407182
407174 407179
407184 407185
407179 407183
407177 407181
5
771327 771328
771337 771338
771332 771336
771336 771340
771327 771330
5
942178 942179
942166 942167
942171 942173
942171 942172
942177 942178
5
650789 650790
650791 650796
650790 650795
650791 650792
650785 650790
5
365237 365242
365239 365240
365237 365238
365242 365247
365239 365243
5
467227 467230
467236 467237
467230 467231
467225 467227
467224 467225
5
940689 940695
940691 940698
940691 940699
940690 940691
940690 940691
5
635053 635063
635052 635054
635052 635053
635057 635059
635056 635059
5
590816 590820
590822 590824
590821 590822
590818 590827
590817 590826
5
468901 468912
468905 468908
468911 468912
468905 468906
468901 468908
5
398734 398742
398741 398744
398736 398740
398736 398740
398734 398740
5
342354 342356
342350 342353
342355 342358
342356 342357
342348 342352
5
583298 583301
583294 583298
583293 583300
583299 583300
583291 583297
5
906592 906593
906588 906591
906584 906587
906584 906594
906588 906593
5
254015 254018
254015 254017
254014 254022
254020 254023
254016 254021
5
312631 312640
312637 312638
312641 312642
312641 312643
312640 312641
5
742818 742821
742826 742827
742818 742819
742816 742818
742825 742829
5
615780 615782
615778 615779
615774 615776
615774 615776
615785 615786
5
868198 868199
868205 868206
868196 868201
868196 868197
868200 868205
5
866951 866955
866944 866945
866953 866954
866952 866955
866947 866950
5
139323 139326
139325 139328
139326 139332
139328 139329
139323 139325
5
387315 387316
387310 387313
387310 387311
387309 387314
387313 387316
5
959990 959994
959993 959994
959991 959996
959992 959996
959987 959994
5
224917 224926
224914 224915
224915 224921
224918 224923
224922 224927
5
177990 177992
177987 177992
177998 177999
177996 177998
177995 177999
5
922278 922281
922274 922278
922275 922281
922274 922278
922273 922274
5
906624 906625
906619 906621
906618 906623
906619 906626
906620 906621
5
163612 163620
163612 163617
163617 163618
163614 163615
163614 163619
5
798381 798384
798382 798394
798391 798393
798386 798388
798387 798388
5
437409 437410
437410 437411
437400 437403
437410 437412
437404 437406
5
927158 927159
927151 927153
927152 927164
927153 927164
927152 927153
5
37265 37274
37264 37269
37270 37273
37270 37272
37262 37263
5
61255 61261
61263 61264
61258 61266
61264 61266
61261 61263
5
234114 234116
234107 234117
234114 234116
234110 234114
234110 234113
5
853441 853444
853443 853445
853440 853448
853439 853444
853439 853440
5
581948 581953
581946 581947
581947 581955
581952 581956
581949 581958
5
243754 243761
243748 243750
243748 243749
243748 243754
243751 243760
5
649255 649258
649251 649252
649253 649260
649248 649261
649250 649252
5
130595 130598
130598 130600
130597 130606
130596 130606
130594 130603
5
732748 732749
732751 732757
732751 732752
732749 732751
732746 732747
5
639098 639105
639101 639104
639104 639107
639097 639106
639102 639104
5
287313 287316
287320 287321
287314 287315
287311 287315
287315 287320
5
925079 925080
925085 925086
925085 925086
925078 925080
925088 925089
5
422657 422658
422662 422663
422659 422662
422658 422663
422655 422656
5
462237 462240
462231 462233
462233 462238
462234 462235
462229 462232
5
458517 458519
458512 458517
458513 458514
458513 458514
458507 458518
5
773447 773451
773448 773451
773451 773457
773448 773450
773447 773450
5
105184 105185
105188 105189
105182 105188
105182 105185
105180 105190
5
326874 326877
326879 326883
326875 326876
326879 326880
326877 326879
5
926740 926741
926742 926746
926735 926738
926745 926746
926734 926737
5
932080 932081
932077 932078
932072 932074
932073 932078
932075 932080
5
491242 491251
491242 491248
491250 491253
491246 491248
491250 491255
5
839608 839611
839612 839620
839618 839619
839618 839619
839609 839612
5
189193 189199
189196 189203
189200 189201
189198 189201
189199 189201
5
830805 830806
830801 830806
830800 830801
830806 830809
830804 830809
5
562579 562580
562585 562587
562588 562590
562581 562588
562579 562585
5
706329 706334
706330 706333
706334 706337
706328 706333
706330 706332
5
607038 607040
607031 607034
607034 607039
607033 607039
607038 607040
5
451317 451318
451321 451323
451319 451322
451312 451315
451318 451319
5
379397 379405
379392 379400
379403 379405
379398 379403
379400 379405
5
993361 993363
993367 993368
993359 993362
993359 993365
993361 993365
5
509351 509352
509346 509348
509346 509354
509356 509358
509348 509349
5
338368 338369
338370 338372
338359 338360
338365 338366
338360 338361
5
250930 250931
250935 250939
250930 250932
250935 250939
250934 250936
5
956696 956708
956700 956708
956702 956707
956704 956705
956702 956707
5
718206 718207
718212 718213
718212 718213
718207 718209
718203 718207
5
249274 249275
249279 249280
249269 249280
249268 249269
249275 249280
5
318665 318673
318666 318677
318671 318672
318671 318674
318667 318668
5
338603 338606
338605 338608
338606 338608
338600 338605
338610 338611
5
948633 948641
948634 948640
948633 948634
948636 948638
948640 948642
5
448636 448644
448638 448645
448634 448635
448636 448643
448635 448636
5
103722 103724
103722 103723
103724 103725
103727 103730
103722 103725
5
163535 163536
163534 163538
163534 163536
163534 163537
163534 163542
5
618585 618588
618587 618591
618583 618586
618591 618592
618591 618594
5
423104 423105
423109 423111
423112 423114
423109 423110
423104 423115
5
519906 519907
519903 519910
519901 519905
519903 519910
519898 519899
5
761836 761841
761838 761843
761833 761834
761840 761843
761837 761838
5
541366 541372
541364 541372
541374 541377
541365 541372
541367 541369
5
660365 660368
660365 660366
660359 660366
660366 660372
660360 660361
5
720564 720565
720563 720569
720568 720571
720567 720574
720570 720572
5
303159 303167
303156 303157
303158 303163
303155 303163
303157 303158
5
826485 826487
826483 826486
826484 826485
826474 826476
826480 826481
5
111817 111819
111814 111815
111815 111821
111811 111816
111818 111822
5
546819 546820
546814 546818
546819 546820
546823 546824
546812 546822
5
23540 23544
23534 23536
23543 23545
23537 23540
23541 23544
5
415051 415058
415051 415054
415054 415056
415051 415055
415055 415058
5
881046 881050
881044 881049
881042 881046
881041 881044
881046 881050
5
650143 650145
650144 650148
650138 650141
650139 650142
650141 650142
5
467539 467542
467540 467541
467535 467544
467539 467540
467539 467543
5
403664 403665
403662 403664
403665 403670
403661 403664
403663 403664
5
718691 718692
718691 718703
718694 718700
718693 718698
718695 718701
5
255939 255940
255937 255941
255942 255943
255932 255934
255936 255937
5
373667 373668
373660 373665
373662 373663
373658 373662
373659 373661
5
772192 772199
772188 772190
772190 772193
772189 772194
772193 772196
5
476867 476872
476865 476867
476861 476873
476865 476867
476864 476867
5
27294 27297
27290 27298
27289 27291
27291 27298
27295 27297
5
942847 942856
942848 942851
942846 942850
942851 942852
942846 942847
5
472347 472348
472346 472352
472344 472352
472351 472353
472344 472354
5
240518 240530
240525 240526
240527 240530
240521 240527
240525 240531
5
285133 285139
285136 285137
285134 285143
285142 285143
285142 285144
5
973210 973212
973209 973210
973207 973219
973214 973215
973214 973218
5
299453 299455
299448 299451
299446 299447
299448 299449
299445 299454
5
59496 59497
59497 59499
59498 59501
59504 59506
59500 59503
5
116177 116178
116175 116176
116175 116179
116176 116180
116170 116174
5
711600 711602
711607 711608
711603 711604
711603 711605
711604 711608
5
152466 152469
152464 152466
152467 152472
152469 152474
152467 152468
5
124859 124866
124865 124868
124861 124862
124866 124872
124866 124870
5
864089 864095
864092 864094
864086 864093
864094 864095
864094 864095
5
419264 419270
419270 419271
419265 419271
419259 419267
419264 419265
5
282338 282340
282341 282343
282340 282344
282339 282340
282343 282349
5
677060 677063
677051 677055
677057 677059
677053 677058
677053 677055
5
798789 798790
798790 798793
798792 798793
798792 798794
798793 798794
5
787886 787887
787884 787887
787882 787888
787878 787885
787880 787883
5
884425 884426
884431 884434
884427 884431
884430 884436
884425 884426
5
30972 30974
30975 30980
30968 30970
30971 30979
30967 30972
5
497906 497910
497899 497906
497903 497909
497901 497902
497903 497906
5
464962 464967
464964 464967
464968 464969
464962 464966
464966 464970
5
230634 230641
230641 230642
230632 230634
230635 230641
230638 230640
5
288124 288126
288118 288128
288117 288118
288121 288122
288119 288121
5
335336 335343
335337 335348
335345 335346
335345 335347
335340 335343
5
350340 350343
350334 350335
350338 350344
350341 350345
350338 350339
5
361664 361666
361665 361667
361661 361664
361666 361668
361659 361670
5
500576 500579
500584 500587
500586 500588
500587 500588
500576 500584
5
512116 512117
512114 512115
512113 512120
512107 512109
512114 512119
5
845987 845989
845994 845995
845992 845999
845988 845995
845997 845999
5
430129 430130
430119 430125
430120 430127
430120 430123
430118 430124
5
729800 729801
729794 729801
729801 729802
729796 729798
729799 729800
5
404700 404701
404693 404702
404700 404701
404693 404698
404694 404696
5
337065 337066
337066 337072
337065 337068
337074 337075
337071 337072
5
962935 962938
962934 962947
962938 962939
962935 962947
962941 962943
5
834319 834322
834321 834325
834323 834325
834320 834325
834328 834329
5
693911 693916
693915 693917
693912 693913
693915 693918
693912 693914
5
950978 950982
950982 950986
950978 950983
950987 950988
950981 950982
5
166527 166530
166521 166524
166522 166529
166527 166534
166531 166533
5
45960 45966
45964 45966
45963 45967
45971 45973
45967 45968
5
917501 917506
917504 917505
917502 917503
917496 917497
917503 917506
5
112372 112373
112372 112373
112365 112367
112367 112371
112367 112372
5
657055 657058
657050 657061
657050 657052
657055 657056
657052 657057
5
812863 812865
812866 812868
812869 812871
812869 812873
812863 812870
5
369267 369269
369270 369271
369272 369274
369267 369272
369272 369280
5
252352 252354
252346 252348
252348 252351
252350 252354
252348 252353
5
756258 756260
756259 756263
756263 756268
756261 756262
756261 756268
5
373858 373866
373864 373866
373867 373868
373865 373866
373860 373865
5
911337 911343
911333 911335
911333 911338
911336 911341
911337 911339
5
110746 110749
110747 110749
110744 110751
110755 110757
110744 110747
5
762364 762365
762368 762369
762367 762368
762363 762375
762367 762370
5
637698 637699
637696 637703
637701 637702
637700 637706
637695 637700
5
38352 38359
38348 38351
38355 38356
38354 38355
38355 38356
5
649191 649202
649191 649198
649200 649201
649202 649204
649199 649201
5
726921 726928
726927 726929
726919 726929
726918 726920
726919 726920
5
563625 563630
563626 563628
563630 563631
563627 563631
563622 563624
5
112582 112583
112581 112582
112582 112584
112577 112580
112580 112581
5
38280 38289
38280 38282
38281 38289
38286 38290
38282 38284
5
461897 461898
461897 461901
461902 461903
461898 461900
461895 461898
5
238015 238017
238016 238022
238021 238023
238021 238022
238013 238016
5
364251 364254
364244 364255
364254 364255
364251 364255
364256 364257
5
399649 399650
399647 399648
399639 399643
399640 399644
399647 399649
5
199878 199879
199876 199881
199879 199881
199870 199875
199872 199874
5
138267 138272
138276 138278
138266 138277
138273 138274
138269 138275
5
60196 60198
60194 60199
60193 60194
60198 60204
60194 60198
5
791933 791934
791927 791931
791927 791929
791931 791932
791934 791937
5
144271 144278
144269 144278
144276 144278
144271 144273
144269 144277
5
620225 620227
620221 620230
620223 620230
620225 620229
620223 620225
5
287208 287211
287207 287209
287208 287209
287207 287209
287206 287213
5
355921 355922
355917 355920
355918 355929
355926 355927
355927 355928
5
898842 898844
898845 898847
898840 898842
898841 898846
898845 898848
5
727752 727755
727746 727749
727747 727749
727752 727757
727749 727753
5
58546 58549
58541 58551
58543 58545
58545 58546
58543 58544
5
245200 245202
245196 245201
245197 245202
245195 245198
245191 245200
5
525054 525055
525054 525055
525044 525049
525046 525054
525048 525052
5
620531 620538
620539 620540
620540 620542
620539 620541
620538 620540
5
990534 990535
990530 990540
990534 990535
990540 990541
990533 990537
5
771174 771176
771174 771176
771175 771176
771173 771176
771163 771165
5
803132 803136
803135 803138
803132 803138
803134 803136
803140 803141
5
264215 264219
264212 264214
264213 264216
264209 264210
264214 264216
5
316840 316843
316834 316835
316835 316837
316839 316844
316834 316842
5
60930 60934
60935 60936
60928 60938
60933 60938
60928 60929
5
1679 1689
1681 1684
1688 1690
1682 1683
1683 1688
5
579200 579205
579193 579205
579195 579198
579201 579202
579195 579206
5
399464 399467
399459 399466
399461 399464
399459 399460
399460 399464
5
698847 698848
698843 698845
698841 698843
698843 698844
698843 698847
5
285304 285309
285306 285307
285306 285310
285311 285314
285304 285309
5
947294 947296
947295 947296
947297 947304
947297 947303
947301 947303
5
817749 817750
817744 817745
817742 817744
817747 817748
817744 817747
5
577659 577660
577654 577660
577657 577660
577657 577659
577656 577659
5
345479 345480
345478 345479
345474 345476
345477 345482
345477 345485
5
226023 226025
226013 226014
226013 226016
226015 226024
226020 226025
5
742720 742723
742713 742715
742715 742723
742715 742722
742719 742721
5
577910 577917
577918 577919
577919 577920
577908 577910
577913 577919
5
653239 653244
653250 653252
653244 653250
653239 653250
653240 653242
5
750888 750889
750889 750890
750892 750896
750888 750889
750889 750892
5
52462 52464
52468 52471
52459 52461
52466 52470
52463 52468
5
131908 131912
131916 131919
131910 131914
131909 131914
131911 131912
5
478044 478049
478047 478048
478049 478051
478049 478050
478042 478043
5
908349 908350
908342 908348
908352 908354
908349 908350
908342 908353
5
828536 828540
828536 828537
828533 828540
828535 828541
828539 828541
5
125489 125490
125481 125482
125485 125487
125483 125486
125480 125482
5
619068 619069
619064 619066
619062 619068
619066 619073
619066 619072
5
927875 927878
927877 927878
927876 927879
927873 927876
927873 927880
5
791632 791645
791634 791635
791636 791640
791643 791645
791636 791638
5
703797 703798
703805 703808
703807 703809
703807 703808
703796 703803
5
909157 909158
909163 909164
909156 909165
909159 909167
909161 909163
5
655663 655664
655666 655667
655660 655661
655660 655672
655664 655668
5
310861 310864
310865 310870
310869 310871
310860 310866
310869 310870
5
887780 887781
887772 887776
887778 887782
887778 887783
887780 887785
5
858058 858059
858065 858066
858061 858066
858066 858067
858059 858068
5
335027 335033
335036 335037
335027 335029
335024 335031
335028 335035
5
87248 87251
87251 87254
87252 87253
87248 87253
87258 87259
5
685721 685725
685722 685727
685721 685723
685729 685730
685725 685727
5
425214 425215
425217 425222
425216 425218
425215 425216
425213 425217
5
785122 785124
785113 785114
785119 785122
785120 785124
785122 785124
5
558294 558299
558299 558300
558291 558298
558290 558294
558290 558292
5
48290 48296
48297 48299
48301 48302
48292 48302
48290 48292
5
930982 930992
930989 930993
930982 930989
930989 930990
930989 930991
5
48598 48605
48595 48599
48598 48600
48600 48606
48600 48601
5
230855 230858
230856 230863
230857 230861
230863 230864
230864 230868
5
171179 171181
171177 171179
171170 171172
171181 171182
171173 171180
5
340646 340653
340652 340655
340651 340652
340656 340658
340650 340651
5
927585 927586
927586 927588
927586 927592
927582 927586
927590 927594
5
761655 761657
761662 761663
761655 761657
761655 761663
761650 761658
5
736597 736598
736588 736591
736589 736596
736588 736596
736592 736594
5
395909 395920
395917 395918
395912 395913
395919 395920
395917 395918
5
351635 351637
351626 351631
351630 351633
351628 351630
351626 351628
5
95467 95468
95470 95472
95466 95467
95461 95467
95463 95466
5
306677 306681
306672 306677
306678 306682
306674 306677
306672 306681
5
66659 66662
66657 66658
66654 66656
66660 66663
66650 66652
5
451983 451986
451987 451988
451979 451980
451976 451980
451980 451984
5
800515 800518
800515 800519
800525 800527
800520 800527
800520 800522
5
643024 643025
643029 643030
643031 643033
643030 643031
643020 643021
5
923425 923427
923417 923423
923420 923421
923422 923424
923426 923428
5
795872 795874
795867 795878
795867 795869
795874 795879
795867 795871
5
805335 805342
805342 805345
805344 805345
805340 805341
805337 805339
5
851503 851508
851507 851514
851504 851505
851505 851509
851506 851507
5
676575 676576
676572 676575
676568 676576
676575 676577
676571 676577
5
299175 299182
299175 299177
299172 299178
299179 299182
299174 299175
5
729651 729664
729652 729660
729651 729657
729655 729659
729660 729662
5
980323 980330
980321 980334
980322 980323
980327 980332
980322 980326
5
367505 367508
367507 367508
367502 367505
367502 367504
367507 367508
5
521519 521529
521521 521524
521519 521526
521528 521532
521524 521528
5
195089 195090
195092 195095
195084 195096
195092 195096
195084 195090
5
776805 776809
776804 776809
776808 776810
776806 776810
776812 776814
5
928220 928224
928218 928219
928217 928219
928215 928223
928212 928214
5
740239 740240
740244 740246
740238 740239
740239 740241
740248 740249
5
68658 68661
68658 68661
68659 68663
68659 68668
68662 68663
5
13498 13501
13495 13496
13496 13497
13488 13490
13493 13495
5
381913 381916
381911 381913
381912 381914
381907 381913
381909 381911
5
879870 879872
879868 879872
879866 879873
879869 879870
879871 879872
5
319963 319964
319967 319968
319967 319968
319959 319962
319962 319965
5
393472 393473
393473 393480
393470 393473
393478 393480
393474 393477
5
413060 413066
413060 413063
413062 413063
413055 413058
413055 413057
5
258562 258565
258561 258562
258555 258557
258557 258560
258562 258566
5
406541 406547
406542 406546
406542 406543
406541 406553
406546 406547
5
538626 538630
538631 538632
538627 538636
538628 538632
538630 538631
5
466781 466788
466783 466785
466786 466790
466784 466786
466786 466788
5
322320 322326
322320 322322
322320 322323
322315 322317
322317 322328
5
681590 681592
681584 681588
681583 681584
681582 681585
681586 681587
5
483300 483302
483306 483307
483296 483303
483299 483309
483303 483308
5
236351 236352
236348 236356
236352 236353
236347 236349
236349 236359
5
146149 146151
146150 146155
146148 146155
146149 146152
146147 146148
5
828337 828343
828332 828335
828332 828335
828335 828340
828331 828334
5
381413 381414
381414 381419
381415 381421
381414 381416
381412 381414
5
869642 869644
869643 869644
869643 869644
869645 869652
869643 869644
5
163452 163457
163458 163459
163461 163463
163464 163465
163456 163459
5
183897 183898
183901 183902
183902 183905
183896 183898
183903 183909
5
182546 182548
182542 182547
182539 182543
182539 182543
182540 182542
5
103655 103659
103658 103659
103657 103662
103652 103663
103652 103659
5
998486 998489
998495 998496
998494 998495
998489 998493
998484 998492
5
672106 672107
672102 672111
672114 672115
672105 672109
672110 672112
5
259006 259010
259002 259005
259003 259010
259004 259005
259003 259007
5
357434 357439
357437 357439
357432 357435
357438 357441
357434 357436
5
733958 733962
733952 733953
733954 733963
733956 733957
733957 733961
5
51358 51359
51349 51354
51351 51358
51349 51352
51349 51351
5
857499 857507
857500 857505
857499 857505
857502 857505
857496 857498
5
351635 351636
351635 351644
351631 351632
351642 351643
351643 351644
5
816223 816229
816218 816225
816227 816230
816229 816230
816220 816224
5
348718 348724
348721 348730
348717 348719
348725 348730
348721 348722
5
534394 534396
534395 534399
534398 534400
534393 534396
534387 534393
5
64400 64403
64393 64394
64395 64397
64395 64398
64391 64395
5
692497 692499
692501 692505
692500 692506
692501 692510
692498 692502
5
386168 386169
386158 386170
386167 386168
386163 386164
386160 386162
5
837753 837754
837744 837750
837749 837754
837746 837747
837753 837755
5
198578 198580
198583 198585
198582 198583
198582 198586
198578 198581
5
829958 829960
829955 829958
829951 829955
829954 829958
829954 829958
5
616413 616414
616411 616416
616419 616420
616414 616419
616418 616419
5
328861 328862
328859 328860
328853 328854
328856 328859
328855 328862
5
18470 18471
18474 18477
18480 18481
18477 18479
18472 18474
5
959972 959979
959979 959980
959967 959977
959969 959970
959976 959977
5
183336 183337
183334 183338
183338 183341
183329 183339
183330 183331
5
463489 463491
463481 463490
463479 463480
463489 463491
463480 463484
5
524569 524572
524573 524574
524577 524579
524570 524573
524566 524577
5
726583 726584
726587 726589
726580 726585
726582 726586
726579 726590
5
938717 938718
938713 938717
938711 938719
938706 938708
938718 938719
5
926064 926069
926064 926067
926063 926065
926065 926066
926065 926071
5
226966 226975
226974 226975
226971 226976
226970 226974
226970 226975
5
811009 811010
811016 811021
811018 811020
811008 811015
811014 811017
5
374237 374238
374238 374248
374242 374243
374242 374243
374238 374243
5
295178 295182
295179 295181
295178 295185
295179 295180
295183 295186
5
296129 296135
296126 296135
296127 296131
296131 296136
296129 296130
5
34410 34415
34407 34408
34406 34418
34415 34417
34412 34414
5
331934 331937
331924 331932
331924 331925
331935 331937
331931 331932
5
828214 828216
828218 828223
828214 828216
828221 828227
828218 828226
5
42918 42921
42909 42911
42909 42913
42915 42918
42908 42909
5
121873 121874
121873 121874
121877 121881
121877 121881
121877 121878
5
208165 208175
208167 208172
208165 208167
208163 208165
208163 208165
5
969172 969174
969163 969164
969165 969167
969170 969171
969172 969174
5
395544 395546
395536 395538
395544 395547
395541 395543
395545 395548
5
87958 87961
87954 87958
87959 87961
87957 87958
87952 87959
5
353201 353205
353203 353204
353202 353206
353202 353203
353205 353214
5
253007 253008
253007 253008
253002 253009
253011 253013
253008 253010
5
904721 904724
904719 904726
904727 904728
904720 904722
904719 904720
5
474421 474424
474429 474430
474424 474426
474421 474427
474424 474428
5
309187 309194
309185 309186
309193 309194
309184 309194
309188 309197
5
557810 557811
557807 557809
557810 557813
557802 557804
557811 557812
5
794659 794662
794654 794657
794654 794659
794655 794661
794653 794660
5
892116 892118
892111 892112
892115 892121
892114 892115
892113 892118
5
657497 657501
657499 657501
657489 657491
657494 657496
657497 657498
5
103779 103781
103768 103780
103770 103775
103780 103781
103779 103781
5
585263 585267
585265 585268
585258 585265
585259 585260
585262 585266
5
862815 862825
862820 862825
862818 862822
862816 862817
862821 862822
5
500611 500613
500603 500604
500603 500612
500609 500612
500609 500613
5
969202 969208
969203 969212
969206 969207
969204 969207
969210 969212
5
318925 318929
318935 318937
318927 318928
318932 318934
318924 318925
5
826213 826216
826218 826223
826218 826221
826213 826215
826220 826222
5
804337 804344
804345 804347
804342 804345
804338 804339
804349 804350
5
307272 307273
307276 307278
307278 307279
307278 307282
307275 307276
5
968126 968127
968127 968134
968127 968128
968126 968127
968131 968132
5
206225 206227
206228 206229
206219 206224
206220 206226
206225 206227
5
796684 796687
796683 796688
796676 796677
796678 796679
796676 796677
5
415612 415620
415611 415618
415608 415609
415609 415611
415617 415620
5
510067 510077
510073 510077
510074 510076
510064 510066
510072 510073
5
418618 418619
418608 418613
418613 418614
418617 418618
418612 418613
5
563871 563873
563865 563866
563867 563869
563865 563866
563867 563871
5
429114 429123
429116 429121
429117 429120
429123 429124
429114 429126
5
844033 844040
844035 844039
844036 844042
844030 844034
844036 844042
5
357720 357724
357719 357720
357719 357726
357718 357722
357723 357727
5
18987 18989
18985 18986
18979 18983
18979 18987
18978 18980
5
304278 304279
304277 304279
304281 304282
304277 304280
304280 304282
5
779035 779040
779031 779035
779030 779033
779034 779036
779040 779042
5
604471 604475
604463 604469
604466 604470
604467 604473
604466 604472
5
114069 114070
114060 114065
114058 114060
114057 114062
114069 114070
5
898405 898411
898402 898410
898399 898400
898406 898411
898404 898409
5
885587 885590
885586 885589
885581 885591
885580 885585
885592 885593
5
368736 368743
368732 368734
368741 368742
368736 368740
368737 368742
5
874020 874021
874025 874031
874028 874029
874021 874022
874025 874029
5
897289 897293
897295 897296
897291 897292
897297 897298
897289 897296
5
903943 903945
903942 903950
903941 903942
903949 903950
903944 903950
5
141281 141286
141274 141275
141275 141284
141278 141279
141276 141277
5
102000 102007
101998 101999
101999 102007
102002 102007
101999 102000
5
38232 38233
38238 38239
38231 38240
38239 38242
38236 38240
5
268342 268353
268344 268347
268353 268354
268344 268346
268346 268347
5
743276 743279
743276 743288
743287 743289
743279 743286
743283 743287
5
899410 899414
899412 899413
899407 899415
899415 899416
899406 899412
5
963477 963478
963473 963482
963474 963475
963473 963474
963478 963482
5
154939 154949
154941 154944
154939 154946
154943 154944
154945 154951
5
426350 426352
426343 426350
426348 426351
426342 426350
426348 426352
5
2515 2516
2516 2520
2523 2524
2512 2513
2511 2521
5
119036 119042
119035 119038
119037 119041
119035 119036
119034 119038
5
154195 154200
154200 154201
154191 154193
154198 154200
154192 154200
5
288846 288854
288841 288852
288850 288851
288846 288847
288845 288854
5
467612 467617
467605 467613
467607 467610
467616 467618
467612 467613
5
753888 753890
753881 753882
753882 753883
753892 753893
753880 753885
5
913022 913026
913022 913034
913029 913034
913029 913034
913031 913033
5
300487 300489
300485 300490
300485 300486
300486 300488
300485 300486
5
982971 982973
982980 982982
982972 982974
982972 982980
982974 982975
5
980937 980947
980939 980948
980941 980943
980944 980948
980941 980945
5
861135 861140
861130 861138
861129 861130
861134 861138
861131 861133
5
643739 643746
643744 643745
643733 643735
643741 643744
643737 643738
5
775439 775446
775440 775442
775445 775449
775437 775438
775440 775443
5
872698 872701
872701 872708
872706 872708
872696 872697
872703 872707
5
224450 224451
224456 224462
224455 224460
224449 224459
224461 224462
5
371898 371909
371901 371902
371905 371909
371899 371900
371903 371906
5
885259 885260
885267 885268
885260 885261
885263 885268
885256 885263
5
171899 171900
171900 171901
171893 171895
171894 171896
171889 171891
5
525327 525332
525336 525339
525331 525335
525328 525331
525335 525337
5
612983 612990
612977 612978
612979 612989
612980 612983
612981 612982
5
958845 958846
958845 958848
958836 958839
958840 958845
958842 958845
5
976392 976394
976392 976394
976387 976389
976392 976396
976390 976397
5
561027 561028
561025 561029
561024 561025
561028 561029
561025 561031
5
129485 129490
129485 129492
129484 129491
129483 129484
129483 129484
5
773680 773684
773688 773689
773680 773681
773678 773688
773679 773681
5
308628 308635
308622 308626
308628 308635
308622 308628
308631 308632
5
420670 420676
420674 420679
420679 420681
420678 420679
420681 420682
5
450201 450209
450208 450209
450202 450204
450200 450202
450198 450209
5
810715 810716
810726 810727
810721 810724
810714 810726
810716 810718
5
240168 240172
240169 240170
240168 240176
240177 240178
240174 240178
5
929750 929755
929746 929747
929745 929746
929748 929751
929754 929758
5
340072 340075
340083 340085
340079 340085
340083 340085
340078 340080
5
922662 922663
922661 922666
922661 922665
922663 922668
922671 922673
5
262521 262523
262518 262521
262518 262524
262520 262521
262523 262528
5
838458 838462
838459 838460
838452 838456
838456 838460
838456 838461
5
744568 744570
744559 744560
744559 744561
744560 744569
744559 744562
5
323489 323494
323499 323500
323489 323491
323489 323495
323495 323498
5
566702 566703
566693 566697
566697 566698
566703 566704
566699 566704
5
263734 263736
263727 263728
263736 263737
263730 263734
263726 263727
