6 500
75
249534 249535
750006 750419
249529 249530
249539 249540
750114 750115
750088 750089
750071 750072
499099 499870
750120 750123
499008 499712
750136 750137
750088 750089
750134 750135
750148 750149
249532 249533
750092 750093
750007 750324
750095 750543
750062 750063
499383 499384
750006 750316
750075 750271
249548 249549
750102 750103
750093 750094
750068 750377
499384 499385
724779 835601
750138 750139
750074 750075
499378 499379
749592 750369
750060 750061
750129 750130
749810 750150
499366 499955
749862 750176
750069 750097
749501 750444
334940 966695
750089 750333
249528 249529
499339 500228
750060 750355
750120 750121
750152 750256
749990 750570
749433 750414
750029 750912
749726 750333
499360 499454
499374 499375
750085 750086
750131 750132
499370 499371
749229 750119
499352 499392
499232 499669
249550 249551
749926 750449
249532 249533
249530 249531
750098 750099
750109 750110
499385 499386
750077 750078
499245 500100
249541 249542
499365 499366
249543 249544
750104 750115
750073 750245
749948 750154
750149 750150
749875 750118
92
499337 499338
749424 749425
499269 499270
499065 499191
499350 499351
749212 749503
499297 499298
499200 499201
499239 499594
499246 499566
749415 749416
749339 749604
749433 749434
499321 499951
499291 499292
499235 499236
749397 749462
499327 499328
749093 749619
499167 499548
249342 249821
498448 499220
499000 499396
749438 749439
499299 499300
499119 499579
749426 749427
749442 749443
749458 749459
499209 499457
749102 749515
499261 499262
749055 749732
499180 500146
249482 249483
249484 249485
498611 499423
249491 249492
498564 499331
499195 499282
499141 499286
499246 499247
498710 499432
499192 499694
498414 499351
249495 249496
499177 499178
499215 499216
249462 249636
499197 499198
498952 499725
498486 499399
499335 499336
499171 499387
499290 499388
499280 499281
749360 749620
499184 499185
499205 499206
498903 499619
749193 749518
499311 499312
499313 499314
749444 749445
499250 499251
33978 538701
749077 749978
498581 499468
499124 499515
749410 749411
498759 499428
749427 749649
499295 499296
498648 499301
499278 499279
499189 499267
498648 499581
498626 499341
499341 499342
499301 499302
499263 499264
749451 749452
498857 499670
749422 749423
249486 249487
499222 499223
499271 499272
499352 499353
499265 499266
499348 499349
499231 499232
51973 916480
64
250562 250563
500265 500948
250574 250575
250395 250871
749681 750188
500502 500503
749792 749793
500520 500521
749706 750069
749812 749813
749753 750121
250537 250624
749810 749811
500524 500525
250544 250545
749790 749791
500529 500530
250560 250579
250550 250551
250005 250589
250546 250547
500510 500511
749833 749834
250548 250549
250560 250561
500500 500501
749797 749798
749620 749905
749847 749848
250540 250541
749079 749925
749737 749854
749831 749832
250525 250609
749743 750706
749856 749857
749801 749924
250325 251239
500144 500762
500383 500731
500506 500507
749794 749795
250063 250934
500236 500608
749823 749999
250319 250879
749841 749842
749788 749789
500533 500534
749739 750236
250570 250571
250240 250647
500403 501028
250214 250707
250521 250760
749800 749801
749819 749820
749786 749787
250572 250573
749823 749824
749788 749937
500516 500517
749781 749782
749641 750065
66
500620 500709
500579 500580
499867 500644
250174 250374
750526 751419
750552 750553
249928 250348
250175 251013
250009 250433
500505 500742
500637 500638
500601 500602
750413 750668
500574 501169
749961 750721
250202 250290
250225 250226
500453 501092
250122 250467
500628 500629
750506 750610
750550 750789
500630 500631
250247 250248
500128 500856
750410 751035
750488 750610
249992 250395
500575 500657
250238 250239
250080 250510
500325 501233
750531 750532
750464 750624
750292 751044
750544 750545
500060 500625
500526 501280
500426 500620
750569 750570
750565 750566
500622 500623
500429 500685
250053 250308
750412 751179
749988 750646
750198 750779
250170 250801
750539 750540
249881 250694
500185 500818
750186 750585
249935 250600
250251 250252
250251 250508
500177 500936
750554 750555
750399 750585
750561 750562
500344 500774
500473 500884
250240 250338
500345 501120
250056 250404
750179 750572
250229 250230
92
750041 750042
248763 248764
499737 499738
499765 499766
750007 750008
749972 749973
750054 750055
499745 499746
248788 248789
750013 750014
499143 499874
750039 750040
248776 248777
248783 248784
248792 248793
749790 750410
248800 248801
499743 499744
749982 749983
750073 750074
750003 750004
750030 750031
749963 750384
750011 750012
749991 749992
749975 749976
248660 248972
248803 248804
248805 248806
499728 499729
248758 248759
248772 248773
749963 749964
499779 499780
749977 749978
750047 750048
499741 499742
749965 749966
750071 750072
750021 750022
499725 499726
499730 499731
499767 499768
248812 248813
248790 248791
749984 749985
749572 750280
248786 248787
750035 750036
248769 248770
750043 750044
499758 499759
248778 248779
749969 749970
750069 750070
750045 750046
749979 749980
248814 248815
499762 499763
499620 500006
749961 749962
499760 499761
749789 750212
499574 499803
750063 750064
749988 749989
750037 750038
750051 750052
750067 750068
750049 750050
749997 749998
248754 248755
248796 248797
749986 749987
750026 750027
750058 750059
499777 499778
499766 499788
248767 248768
750075 750076
248798 248799
248765 248766
499751 499752
750056 750057
499774 499775
750077 750078
248794 248795
248816 248817
750028 750029
248234 248962
499747 499748
248742 248844
63
249299 250090
249649 249756
249413 249683
249538 249714
249422 249789
249577 250513
249565 250436
749241 749242
249572 249756
249410 249736
249580 249809
249452 249651
249672 249673
749114 749599
249693 249694
249653 249885
249650 249723
499597 500487
249629 249667
249612 249613
248945 249844
249581 249640
249675 249676
249649 249710
249572 250297
499855 500243
249653 249654
500063 500064
249675 249676
249430 249793
749238 749239
500020 500219
249650 249673
749093 749505
249312 250164
249664 249665
249709 249710
249620 249621
249225 250187
500061 500062
249660 249661
249280 250183
249665 249666
249535 249635
249591 249622
249669 249670
499912 500458
249692 249693
500065 500066
249625 249626
249649 250057
249636 249637
249572 249725
249617 250233
249630 249631
749240 749241
500064 500065
249044 249875
249706 249707
249628 250236
249597 249772
249617 249618
249500 249793
20
333608 333643
205819 828522
333453 333798
666654 666900
666602 666936
333600 333601
333371 334092
333276 333920
666610 666743
333616 333627
333578 333654
666510 666777
333494 333708
333101 333840
333598 333599
333495 333872
666568 666779
333254 334129
333337 333942
666660 666661
85
750439 750440
750422 750423
750412 750413
250123 250124
250070 250071
750404 750405
249993 250227
750314 750871
750242 750486
250111 250112
249672 250168
250072 250073
749921 750716
250039 250040
750410 750411
250134 250135
500384 500385
250050 250051
750402 750403
249812 250218
250103 250104
250143 250144
249740 250235
750367 750401
250048 250049
250109 250110
749989 750674
250101 250102
250117 250118
249350 250225
250002 250221
250115 250116
249768 250562
250060 250061
250147 250148
250143 250343
250130 250131
250090 250091
250145 250146
250074 250075
250085 251064
250161 250162
249559 250375
250105 250106
250153 250154
500390 500391
749889 750738
500386 500387
250092 250093
249460 250198
500396 500397
750430 750431
250076 250077
750428 750429
750426 750427
249967 250096
249936 250331
250119 250120
249596 250131
250062 250063
750424 750425
249896 250225
250099 250100
250058 250260
250041 250042
749957 750896
249946 250681
500394 500395
250056 250057
250136 250137
249702 250202
249500 250173
500392 500393
250111 250305
101227 819160
250020 250129
250080 250081
500306 500720
250155 250156
250132 250145
250029 250030
250046 250047
250159 250160
500382 500383
750435 750436
91
499780 499781
499782 499783
250038 250039
750336 750337
250000 250001
250068 250069
250012 250013
250042 250043
249991 249992
750345 750346
249796 250347
250060 250061
250058 250059
750343 750344
250084 250085
250050 250051
750326 750327
249512 250156
250004 250005
250024 250025
250016 250017
499759 499760
499761 499762
250078 250079
750330 750331
250086 250087
249963 249964
250032 250033
249961 249962
249895 249973
750349 750350
249973 249974
250044 250045
249915 250827
750351 750352
249813 250245
249969 249970
499765 499766
249975 249976
250008 250009
250036 250037
250080 250081
750338 750339
250095 250096
249996 249997
250014 250015
499784 499785
750334 750335
250048 250049
250020 250021
499763 499764
250054 250055
499767 499768
750347 750348
249990 250024
250093 250094
250097 250098
750332 750333
249965 249966
250076 250077
249959 249960
249989 249990
250028 250029
250072 250073
499771 499772
249585 250094
249947 250311
250074 250075
250006 250007
250066 250067
499778 499779
250034 250035
249852 250173
250082 250083
750324 750325
250052 250053
250064 250065
249998 249999
499773 499774
250091 250092
249981 249982
250022 250023
499769 499770
249942 250335
249977 249978
250070 250071
249836 250424
249955 249956
250030 250031
249967 249968
750328 750329
106
750043 750205
749964 750159
499766 499767
749848 750456
249940 250024
499738 500095
249991 249992
749594 750103
749694 750259
749661 750392
749791 750158
499647 500307
249600 250202
749865 750144
499602 500437
750074 750075
749568 750231
750057 750058
749953 750640
749680 750284
749824 750112
750132 750175
749964 750627
750053 750365
749401 750369
749556 750360
750020 750666
749371 750180
749842 750302
749552 750120
750144 750145
499750 499838
499700 500446
750069 750280
499219 499994
499447 500287
499598 500230
749857 750249
749494 750483
750146 750147
750033 750034
749747 750057
499750 500002
499114 499906
749992 749993
750035 750127
499619 500465
749952 750363
750059 750060
749847 750232
749977 750644
749765 750136
749782 750386
499657 500220
749825 750744
749941 750376
750019 750254
750084 750085
499682 500636
749338 750125
749555 750293
749835 750215
749730 750673
749987 750317
750084 750913
249982 249983
749794 750657
749805 750412
749415 750051
749980 749981
749532 750246
249834 250338
749397 750092
749666 750107
750090 750091
749721 750549
499103 499901
749550 750077
749809 750274
749668 750574
749752 750106
249813 250059
499760 499761
749923 750029
499650 499802
749934 750555
749978 749979
749936 750088
749573 750282
750096 750097
499771 500424
749872 750112
749831 750105
750076 750136
750092 750093
749235 750165
749446 750044
749402 750210
749610 750451
749955 750415
749984 750059
749971 750971
749593 750194
749841 750343
749915 750663
499542 500469
83
249531 249904
499876 499877
499205 500159
249818 249819
249376 250076
749339 750152
748967 749677
249769 249817
249764 249765
749340 750263
249633 249944
749445 749446
499771 499854
499622 499868
748761 749475
249085 249806
749474 749475
340819 694033
499850 499851
499475 499954
249687 250026
499790 499853
248995 249860
499854 499855
249578 249934
749339 749598
499802 500284
249459 250296
249416 249841
499026 499963
749303 750112
748991 749691
499715 499936
249134 249839
499813 499814
249696 250014
499268 500250
249433 250352
249798 250126
499856 499857
749363 750289
249774 249775
499705 500227
249416 249856
249738 250200
499813 500035
499815 499816
499841 499984
249724 250477
498974 499932
249820 249821
249605 250354
249705 250576
499823 499824
499745 500154
249585 250218
749269 749713
498967 499852
749389 749502
749319 749493
249828 249829
499838 499926
499402 500097
499566 500027
249041 249973
499821 499822
249745 249887
249352 250185
499332 499921
249837 249838
249542 250373
249500 250358
499752 500189
249762 249763
249748 249986
249770 249771
249806 249807
499533 500113
499643 500264
249471 249843
499571 500385
249637 250449
249349 249853
94
750071 750072
500309 500310
250386 250387
250480 250481
750065 750066
250490 250491
750083 750084
250492 250493
250376 250377
250414 250415
250482 250483
750053 750054
250484 250485
250486 250487
250442 250443
250404 250405
250472 250473
250422 250423
750067 750068
500307 500308
750075 750076
250357 250358
250365 250366
750051 750052
250466 250467
250464 250465
250390 250391
750059 750060
250432 250433
250428 250429
250367 250368
250488 250489
250369 250370
750049 750050
250478 250479
250454 250455
250470 250471
250398 250399
750057 750058
250462 250463
250458 250459
250406 250407
250392 250393
500299 500300
500305 500306
250361 250362
500301 500302
250402 250403
500297 500298
250434 250435
250363 250364
750055 750056
250353 250354
250416 250417
250436 250437
750063 750064
250388 250389
250430 250431
250355 250356
250456 250457
250371 250372
250444 250445
750079 750080
250394 250395
250460 250461
500303 500304
250408 250409
250412 250413
250410 250411
250382 250383
750073 750074
250384 250385
250440 250441
250396 250397
250378 250379
750077 750078
250359 250360
750069 750070
250400 250401
250418 250419
750061 750062
750081 750082
250426 250427
250450 250451
250468 250469
250446 250447
250452 250453
250476 250477
250448 250449
250380 250381
250420 250421
250494 250495
750047 750048
250424 250425
72
250194 250195
250103 250503
250196 250197
250261 250262
250245 250246
750030 750031
249928 250650
749754 750025
249406 250385
750021 750022
250162 250173
250202 250221
250210 250211
250263 250264
749792 750095
749981 750412
749591 750480
250083 250487
250042 251023
250192 250193
750009 750010
250243 250244
750005 750006
250184 250185
250182 250183
250049 250335
250093 250211
250011 250457
749986 750436
249747 250338
749991 750430
250052 250188
250251 250252
499871 499872
749962 750041
750038 750039
250014 250587
749978 750934
250186 250187
250223 250224
499877 499883
499873 499874
250187 250249
749139 750013
749599 750493
750028 750029
749378 750120
249613 250437
250237 250238
250204 250205
249872 250438
499275 499952
749988 750125
749987 750386
250220 250221
250208 250209
250173 250174
250123 250897
249779 250251
749972 750083
250212 250213
499793 500161
250170 250171
499248 499950
250032 250282
499723 500595
250231 250232
250225 250226
750019 750020
250249 250250
250255 250256
250192 250709
72
750833 751108
249716 250032
249820 249957
750247 751049
750769 750770
750771 750772
249796 250208
750815 750816
750792 750793
750360 750916
750817 750961
750683 750816
98863 983687
249797 250389
750397 751393
750759 750760
499826 500728
750658 750987
249894 249937
500110 500129
750803 750804
750751 750752
750718 750870
750811 750812
249918 249919
750835 750836
750829 750830
249884 250050
750798 750799
249849 249931
750020 750835
750781 750782
249474 249967
750309 751186
750658 751054
249841 250784
249707 250541
750845 750846
750833 750834
750790 750791
750638 751244
750260 751074
750617 751172
750715 750949
750849 750850
750246 751172
500110 500111
750771 750944
750580 751123
249910 249977
750753 750754
750453 751000
499919 500153
750841 750842
750794 750795
249930 249931
750775 750971
750774 750822
499843 500483
750796 750797
249718 250182
750664 751588
249936 249937
750627 751015
750859 750860
750737 751016
750805 750806
750798 750877
750650 751189
249649 250223
750813 750814
750529 751246
73
249904 249905
750287 750288
499538 499539
749907 750596
750264 750265
750273 750274
750248 750249
750222 750223
249906 249907
750322 750323
749697 750503
249884 249885
750079 751077
750243 750244
249880 249881
750147 750267
750277 750278
499543 499544
750235 750236
499555 499556
750251 750507
750189 751084
750209 750210
249882 249883
499244 499660
750291 750292
750318 750319
249898 249899
499561 499562
249902 249903
749924 750411
750076 751043
750316 750317
750257 750258
750329 750330
750205 750206
249894 249895
750289 750290
750216 750217
249878 249879
249797 250098
750241 750242
750311 750312
249869 250013
750313 750314
499435 500323
750271 750272
499559 499560
499545 499546
499553 499554
249876 249877
499551 499552
750331 750332
750293 750294
249874 249875
750218 750219
750237 750288
249456 250283
750320 750321
750207 750208
750281 750282
750296 750297
750210 750311
249611 249992
750285 750286
249594 250185
750250 750251
749585 750231
750324 750325
499278 499664
249890 249891
249888 249889
750232 750233
81
249888 249889
750157 750158
249775 249862
249739 249819
749739 750182
249890 249891
750142 750143
750149 750150
500529 500585
500546 500547
500540 500541
248959 249812
249796 249797
249851 249882
249512 250122
249848 249849
249873 249874
249875 249876
750155 750156
249846 249847
249865 249866
249291 250016
249794 250068
500547 500553
749436 750217
249844 249845
249655 249882
749912 750189
249787 249788
249820 249821
750100 750451
249820 249997
249816 249817
750132 750133
749793 750487
249894 249895
249826 249827
249842 249843
500550 500551
249834 249835
249830 249831
249771 249828
750126 750127
249861 249862
500485 500614
249892 249893
750128 750129
249778 249779
249886 249887
249457 249992
500536 500537
249563 249865
249118 250114
249792 249793
249536 249920
750018 750285
249851 249852
249818 249819
249676 250088
249836 249837
749753 750610
249828 249829
249798 249799
249863 249864
749859 750306
249736 250324
249800 249801
249880 249881
249510 250133
749206 750148
249802 249803
249781 249782
249812 249813
500544 500545
249767 250006
249755 250382
249806 249807
750147 750148
249857 249858
249884 249885
249855 249856
94
750411 750412
250637 250657
750380 750381
250618 250619
250651 250652
250630 250631
250741 250742
750389 750390
250342 251269
250653 250654
750417 750418
250632 250633
750425 750426
500615 500616
250628 250629
750037 750498
250611 251145
750387 750388
250641 250824
250732 250733
750393 750394
749581 750435
250722 250723
250657 250658
250642 250643
250599 250600
250471 251455
750405 750406
250730 250731
250728 250729
500613 500614
249867 250791
250578 251220
250610 250611
750395 750396
250671 250672
750264 750410
250685 250686
250312 250804
250707 250708
250716 250717
250661 250662
750409 750410
250703 250704
250720 250721
250721 251237
250593 250594
250608 250609
500611 500612
250616 250617
250626 250627
750413 750414
250595 250596
250640 251328
250638 251023
250737 250738
250633 250658
250663 250664
250601 250602
250667 250668
750382 750383
249901 250814
250636 250637
750213 750458
750254 750658
750423 750424
250612 250613
500609 500610
250486 251264
250665 250666
250743 250744
250624 250649
250644 250645
250212 250710
750399 750400
250659 250660
250701 250702
250669 250670
250718 250719
250714 250715
250597 250598
750403 750404
750397 750398
250647 250648
250638 251373
250620 250621
250261 251021
250726 250727
250389 250890
250254 250982
250696 250697
250591 250592
250739 250740
750355 750438
37
249403 249404
749983 750838
750047 750048
749856 750208
750086 750087
750084 750085
749685 750342
750090 750091
749607 750192
749821 750655
749467 750420
749808 750789
749504 750151
750039 750040
749841 750819
249271 249641
749999 750042
749757 750086
749657 750116
749406 750271
750054 750055
750056 750057
749084 750084
750027 750028
750067 750068
750010 750646
749942 750313
750078 750079
750045 750046
749975 750090
749939 750063
749639 750516
249405 249406
249407 249408
500067 500742
750037 750038
750058 750802
48
249646 249647
499727 499728
749761 749762
249650 249651
749738 749739
499719 499720
249656 249657
749725 749726
499703 499704
749748 749749
749740 749741
499723 499724
249661 249662
249663 249664
499711 499712
499713 499714
499721 499722
749764 749765
249648 249649
749759 749760
499731 499732
499739 499740
499733 499734
499735 499736
749757 749758
749750 749751
499698 499699
749746 749747
749727 749728
249654 249655
499741 499742
499705 499706
749723 749724
499737 499738
749752 749753
249652 249653
499707 499708
749731 749732
499725 499726
749729 749730
499717 499718
499709 499710
749744 749745
749742 749743
499729 499730
749736 749737
749734 749735
499715 499716
80
250078 250079
499599 499600
499649 499650
250063 250064
499637 499638
499641 499642
250067 250068
499635 499636
499585 499586
250053 250054
750003 750004
499587 499588
250094 250095
499603 499604
250082 250083
750011 750012
499623 499624
250011 250213
499627 499628
499611 499612
250061 250062
250102 250103
250022 250930
250045 250046
499597 499598
250047 250048
499617 499618
499631 499632
499223 499749
749998 750069
250104 250105
250074 250075
250090 250091
250055 250056
499605 499606
750013 750014
750001 750002
750015 750016
749903 750432
499647 499648
250088 250089
749934 750152
499595 499596
750019 750020
250106 250107
499625 499626
250086 250087
250051 250052
499643 499644
499645 499646
499601 499602
250050 250104
499593 499594
250096 250097
749999 750000
499621 499622
499609 499610
499619 499620
750017 750018
499583 499584
499589 499590
250071 250072
749782 750344
499651 499652
250069 250070
250065 250066
749997 749998
249835 250378
499613 499614
499615 499616
250100 250101
250098 250099
499539 500217
250084 250085
250080 250081
499633 499634
499607 499608
250049 250050
499629 499630
749993 749994
5
260041 260042
260044 260045
260043 260046
260046 260048
260037 260042
5
771370 771371
771370 771377
771371 771373
771374 771375
771374 771376
5
597496 597497
597497 597498
597497 597498
597506 597507
597500 597502
5
992561 992565
992558 992569
992567 992568
992561 992562
992559 992561
5
544058 544061
544054 544059
544058 544061
544053 544065
544062 544064
5
819823 819824
819826 819827
819817 819827
819820 819822
819821 819827
5
180110 180114
180107 180109
180109 180110
180104 180108
180110 180111
5
723868 723870
723871 723874
723867 723868
723862 723864
723865 723866
5
953713 953714
953710 953713
953710 953713
953717 953718
953711 953712
5
383565 383568
383559 383567
383564 383565
383558 383562
383556 383560
5
751116 751120
751110 751120
751117 751119
751115 751116
751113 751117
5
692634 692643
692633 692635
692634 692639
692635 692639
692635 692638
5
316548 316549
316549 316553
316549 316552
316545 316548
316551 316556
5
146847 146857
146847 146848
146850 146852
146845 146847
146851 146855
5
446991 446996
446987 446994
446994 446996
446987 446989
446991 446995
5
893965 893967
893962 893967
893960 893962
893969 893971
893965 893966
5
17560 17562
17563 17565
17555 17563
17554 17560
17561 17562
5
125352 125362
125353 125362
125360 125364
125359 125362
125354 125360
5
608431 608434
608432 608433
608425 608429
608424 608430
608430 608432
5
101148 101157
101149 101157
101150 101151
101151 101155
101150 101156
5
577261 577266
577260 577266
577259 577261
577253 577254
577258 577260
5
567560 567567
567567 567570
567561 567565
567561 567566
567564 567567
5
458355 458362
458359 458362
458357 458362
458355 458356
458358 458359
5
355975 355979
355974 355976
355977 355979
355971 355976
355969 355971
5
478199 478200
478195 478199
478196 478201
478192 478200
478202 478203
5
385921 385928
385927 385930
385922 385929
385918 385930
385926 385928
5
975767 975771
975766 975768
975766 975767
975762 975767
975771 975773
5
295295 295298
295299 295302
295293 295301
295294 295296
295292 295293
5
115646 115647
115636 115643
115637 115646
115643 115648
115641 115644
5
431293 431295
431292 431299
431292 431296
431299 431300
431301 431302
5
360878 360883
360877 360888
360884 360886
360881 360886
360883 360886
5
229029 229032
229020 229022
229020 229033
229021 229030
229028 229029
5
269527 269539
269530 269531
269531 269535
269530 269539
269528 269533
5
8240 8241
8238 8239
8239 8241
8246 8249
8243 8248
5
424383 424387
424381 424391
424388 424389
424388 424389
424388 424389
5
197469 197470
197465 197472
197471 197472
197467 197470
197469 197472
5
584377 584385
584384 584385
584378 584381
584378 584380
584378 584380
5
365076 365080
365075 365080
365072 365081
365075 365077
365070 365072
5
802031 802032
802032 802035
802029 802034
802032 802038
802030 802035
5
6843 6850
6846 6851
6842 6845
6843 6848
6845 6848
5
894639 894641
894642 894644
894635 894636
894638 894639
894639 894640
5
168402 168404
168402 168403
168409 168412
168403 168405
168410 168412
5
625188 625191
625191 625193
625192 625193
625188 625196
625189 625191
5
266311 266312
266319 266320
266321 266324
266316 266318
266312 266315
5
738116 738120
738109 738113
738113 738118
738112 738114
738110 738113
5
183508 183517
183506 183515
183514 183515
183506 183509
183510 183513
5
207179 207182
207184 207186
207182 207183
207176 207186
207176 207181
5
290303 290308
290311 290313
290313 290315
290314 290315
290302 290304
5
193779 193781
193777 193780
193777 193778
193777 193784
193782 193783
5
948147 948156
948154 948155
948149 948152
948153 948155
948154 948156
5
125702 125706
125701 125706
125710 125712
125702 125703
125707 125708
5
102158 102162
102158 102160
102152 102160
102155 102158
102156 102159
5
939202 939203
939199 939204
939193 939196
939195 939200
939194 939195
5
75251 75255
75250 75253
75246 75248
75247 75256
75243 75256
5
898623 898628
898624 898631
898625 898630
898623 898624
898627 898632
5
356284 356291
356293 356295
356285 356292
356293 356294
356286 356291
5
44895 44905
44903 44906
44896 44902
44905 44906
44901 44902
5
444243 444244
444232 444235
444237 444242
444238 444242
444235 444236
5
773800 773802
773800 773804
773796 773799
773796 773804
773798 773800
5
234495 234497
234493 234494
234494 234499
234486 234488
234488 234498
5
250270 250275
250264 250266
250268 250276
250271 250275
250269 250274
5
63761 63763
63754 63762
63760 63761
63754 63756
63763 63765
5
877307 877308
877303 877306
877295 877304
877295 877297
877302 877303
5
956452 956453
956456 956457
956462 956463
956452 956461
956450 956461
5
309250 309252
309249 309251
309255 309257
309245 309247
309253 309257
5
23570 23571
23572 23574
23564 23568
23564 23571
23567 23574
5
358954 358956
358956 358957
358956 358959
358953 358957
358946 358947
5
122300 122304
122306 122309
122304 122307
122301 122307
122307 122310
5
436863 436864
436870 436871
436862 436871
436859 436868
436868 436869
5
328945 328948
328945 328948
328955 328956
328950 328956
328952 328953
5
829774 829779
829771 829774
829770 829771
829774 829778
829768 829776
5
519353 519358
519351 519359
519360 519361
519359 519363
519350 519351
5
344575 344578
344572 344580
344577 344579
344575 344578
344574 344582
5
689260 689266
689262 689268
689266 689268
689262 689266
689265 689266
5
841311 841312
841307 841310
841311 841313
841304 841308
841311 841312
5
976922 976927
976926 976932
976928 976930
976921 976925
976922 976924
5
825881 825884
825881 825883
825877 825878
825877 825878
825882 825886
5
140353 140354
140354 140356
140354 140355
140351 140359
140357 140362
5
213051 213053
213052 213053
213047 213049
213047 213048
213051 213055
5
984097 984098
984102 984103
984096 984097
984098 984101
984100 984101
5
312301 312304
312309 312312
312303 312307
312307 312312
312310 312311
5
512196 512203
512198 512199
512195 512198
512204 512205
512196 512202
5
80086 80087
80091 80095
80087 80094
80093 80097
80093 80097
5
480956 480958
480957 480958
480950 480957
480955 480958
480953 480956
5
615771 615777
615768 615770
615770 615771
615767 615771
615769 615778
5
896767 896769
896767 896773
896764 896773
896765 896767
896762 896763
5
623513 623515
623510 623514
623518 623521
623510 623512
623512 623513
5
513478 513480
513467 513469
513476 513479
513468 513480
513469 513470
5
787031 787039
787039 787042
787033 787034
787034 787040
787038 787041
5
997109 997116
997103 997109
997107 997109
997110 997111
997111 997113
5
288508 288512
288501 288509
288501 288510
288509 288512
288511 288512
5
709913 709915
709916 709925
709918 709923
709915 709917
709921 709923
5
912124 912136
912129 912135
912134 912135
912126 912131
912130 912135
5
300161 300170
300162 300169
300169 300171
300172 300173
300165 300171
5
201859 201860
201847 201851
201853 201858
201852 201856
201849 201854
5
180179 180185
180177 180178
180180 180184
180176 180180
180175 180176
5
808500 808502
808503 808504
808505 808509
808501 808503
808502 808506
5
962166 962167
962160 962166
962166 962168
962161 962165
962160 962166
5
388022 388024
388021 388023
388026 388029
388025 388027
388026 388031
5
711960 711968
711959 711963
711956 711966
711962 711964
711962 711967
5
195351 195356
195353 195354
195356 195357
195349 195351
195356 195359
5
409034 409040
409034 409035
409041 409043
409034 409042
409036 409041
5
516824 516826
516816 516822
516824 516829
516817 516824
516821 516828
5
722959 722960
722965 722967
722968 722970
722959 722964
722967 722970
5
904169 904172
904173 904175
904176 904180
904175 904180
904170 904173
5
964087 964088
964095 964097
964084 964085
964087 964095
964085 964088
5
782912 782919
782908 782920
782911 782913
782908 782909
782909 782913
5
624196 624200
624190 624200
624192 624194
624193 624195
624189 624191
5
22643 22645
22646 22649
22640 22646
22643 22644
22645 22647
5
239393 239396
239390 239397
239391 239394
239395 239402
239392 239393
5
585627 585629
585626 585627
585627 585630
585634 585636
585629 585632
5
410015 410026
410020 410023
410017 410021
410022 410023
410015 410024
5
447148 447150
447156 447157
447153 447157
447158 447161
447148 447156
5
915057 915060
915056 915057
915057 915059
915055 915056
915061 915064
5
178485 178487
178481 178485
178480 178485
178480 178481
178483 178485
5
157475 157478
157475 157482
157484 157486
157483 157484
157474 157476
5
967825 967826
967821 967822
967820 967823
967820 967828
967822 967823
5
857965 857973
857970 857972
857969 857971
857971 857974
857970 857971
5
182605 182606
182608 182610
182599 182601
182597 182607
182601 182608
5
154838 154843
154831 154836
154832 154833
154831 154841
154834 154835
5
380818 380821
380825 380827
380828 380829
380823 380829
380818 380819
5
12973 12974
12977 12978
12966 12971
12966 12971
12973 12978
5
165617 165618
165620 165624
165617 165620
165619 165624
165621 165628
5
750862 750863
750858 750869
750862 750864
750861 750866
750858 750859
5
126950 126953
126944 126950
126946 126950
126952 126953
126942 126945
5
173119 173121
173118 173119
173118 173119
173115 173116
173113 173115
5
29818 29822
29811 29812
29811 29813
29819 29823
29816 29822
5
441759 441760
441753 441756
441759 441761
441754 441755
441760 441761
5
798880 798881
798874 798876
798882 798883
798874 798885
798881 798887
5
586786 586787
586780 586790
586784 586790
586791 586792
586790 586791
5
164082 164084
164089 164091
164080 164083
164083 164084
164084 164085
5
374320 374324
374322 374326
374325 374328
374320 374323
374319 374328
5
758502 758503
758505 758506
758499 758502
758494 758500
758500 758502
5
126543 126546
126539 126540
126541 126543
126543 126549
126546 126548
5
536791 536793
536791 536792
536787 536793
536795 536797
536794 536796
5
350859 350868
350864 350866
350862 350866
350859 350864
350867 350870
5
78608 78609
78607 78609
78608 78612
78609 78611
78608 78615
5
551114 551117
551115 551118
551118 551121
551109 551110
551114 551116
5
790013 790019
790017 790021
790013 790023
790010 790011
790021 790022
5
676597 676601
676594 676596
676595 676596
676592 676604
676601 676603
5
596855 596860
596855 596856
596856 596866
596860 596861
596857 596860
5
779336 779338
779340 779346
779338 779340
779344 779346
779336 779345
5
883952 883956
883950 883952
883956 883957
883956 883958
883950 883954
5
443840 443842
443848 443851
443840 443842
443840 443842
443845 443846
5
247076 247077
247074 247080
247068 247069
247067 247070
247070 247074
5
509019 509024
509017 509028
509016 509017
509024 509025
509022 509024
5
482019 482022
482009 482015
482018 482019
482016 482017
482010 482022
5
177974 177984
177976 177977
177981 177983
177980 177981
177985 177986
5
822587 822588
822581 822584
822579 822585
822579 822587
822587 822588
5
306086 306090
306090 306092
306088 306094
306086 306091
306089 306095
5
976384 976390
976386 976388
976385 976392
976393 976395
976384 976385
5
736008 736009
735999 736000
736002 736007
736001 736002
736002 736011
5
404100 404105
404099 404103
404097 404101
404098 404100
404102 404104
5
556396 556399
556394 556396
556391 556393
556390 556398
556392 556395
5
219532 219539
219530 219531
219533 219536
219529 219537
219535 219536
5
199518 199519
199525 199526
199523 199524
199518 199525
199513 199521
5
633538 633543
633546 633548
633539 633540
633545 633548
633542 633545
5
286494 286496
286501 286504
286499 286502
286491 286497
286492 286504
5
82099 82101
82097 82098
82094 82098
82090 82095
82099 82101
5
218362 218365
218359 218361
218357 218360
218361 218364
218359 218365
5
523340 523347
523335 523338
523343 523344
523341 523344
523341 523346
5
126559 126562
126561 126563
126565 126570
126566 126567
126560 126564
5
326557 326559
326554 326559
326559 326560
326551 326563
326558 326560
5
466163 466164
466171 466172
466172 466173
466163 466170
466162 466163
5
259083 259087
259076 259082
259081 259083
259081 259085
259078 259084
5
876149 876151
876145 876154
876150 876152
876145 876154
876144 876145
5
669565 669574
669574 669575
669570 669573
669570 669575
669565 669570
5
300144 300149
300142 300150
300144 300153
300145 300148
300147 300149
5
119088 119091
119087 119089
119089 119095
119086 119097
119090 119093
5
55187 55188
55185 55188
55191 55197
55188 55194
55196 55198
5
553198 553203
553205 553207
553204 553205
553205 553207
553198 553199
5
236811 236816
236813 236816
236820 236824
236814 236816
236812 236820
5
538116 538117
538121 538122
538114 538123
538115 538118
538114 538115
5
177124 177127
177115 177119
177114 177116
177115 177116
177122 177123
5
247834 247837
247831 247833
247829 247832
247838 247839
247828 247830
5
914062 914063
914059 914062
914070 914071
914059 914069
914069 914070
5
858536 858538
858537 858540
858532 858539
858537 858540
858537 858541
5
459870 459875
459873 459876
459865 459867
459867 459872
459867 459872
5
682938 682941
682940 682941
682943 682945
682937 682938
682937 682942
5
850081 850082
850080 850081
850083 850087
850081 850086
850089 850090
5
973223 973224
973219 973227
973220 973226
973215 973222
973219 973220
5
603517 603518
603517 603521
603512 603519
603516 603518
603510 603521
5
130454 130456
130457 130462
130457 130461
130465 130467
130455 130457
5
836385 836387
836383 836385
836382 836385
836384 836385
836381 836390
5
111173 111175
111174 111176
111166 111172
111164 111166
111166 111171
5
535902 535905
535902 535904
535900 535903
535899 535900
535895 535898
5
58759 58763
58766 58768
58769 58770
58761 58767
58767 58768
5
671898 671909
671901 671908
671908 671909
671899 671902
671903 671905
5
719917 719918
719923 719926
719916 719926
719926 719927
719916 719918
5
408139 408145
408137 408149
408146 408149
408146 408147
408139 408144
5
817236 817239
817234 817235
817231 817236
817233 817236
817231 817234
5
124004 124005
124002 124003
124000 124001
124003 124006
123998 124009
5
906521 906524
906520 906528
906522 906523
906528 906530
906517 906523
5
977763 977764
977772 977776
977765 977774
977765 977772
977768 977769
5
189105 189110
189112 189113
189107 189108
189107 189109
189112 189113
5
847926 847932
847924 847927
847924 847930
847925 847927
847927 847930
5
663540 663549
663543 663547
663540 663541
663546 663547
663550 663552
5
879276 879279
879279 879280
879277 879280
879279 879284
879275 879283
5
539234 539235
539236 539238
539231 539238
539236 539237
539232 539241
5
897711 897712
897706 897707
897702 897705
897704 897706
897707 897709
5
726475 726477
726475 726477
726482 726485
726478 726485
726477 726478
5
698043 698052
698046 698048
698044 698045
698040 698052
698048 698050
5
144498 144501
144498 144500
144500 144501
144490 144492
144491 144496
5
929650 929651
929641 929646
929644 929646
929646 929649
929644 929645
5
609521 609529
609521 609526
609521 609528
609523 609525
609530 609531
5
790697 790698
790692 790698
790693 790695
790698 790700
790701 790702
5
454488 454489
454484 454492
454491 454495
454494 454495
454484 454496
5
587642 587646
587637 587638
587640 587641
587645 587646
587640 587645
5
383142 383143
383147 383154
383142 383155
383150 383154
383143 383147
5
955942 955943
955946 955949
955940 955943
955948 955950
955941 955945
5
110088 110094
110091 110094
110088 110098
110088 110097
110089 110093
5
800115 800123
800115 800117
800119 800124
800116 800120
800121 800123
5
988471 988484
988478 988479
988477 988479
988472 988474
988479 988483
5
558009 558012
558009 558013
558007 558016
558014 558015
558004 558007
5
360147 360153
360145 360149
360140 360141
360146 360147
360142 360144
5
701351 701352
701351 701352
701356 701363
701351 701353
701361 701363
5
692233 692236
692239 692240
692242 692246
692234 692236
692241 692242
5
863705 863709
863699 863704
863699 863704
863701 863703
863705 863706
5
676692 676696
676690 676691
676696 676697
676686 676691
676694 676698
5
938223 938232
938220 938222
938223 938225
938220 938223
938221 938222
5
507087 507097
507087 507090
507088 507090
507093 507095
507093 507095
5
714219 714224
714222 714224
714226 714227
714222 714228
714218 714223
5
373520 373522
373512 373514
373516 373518
373510 373511
373510 373516
5
683366 683371
683363 683367
683365 683366
683362 683363
683370 683371
5
388686 388689
388688 388698
388687 388691
388687 388688
388695 388696
5
269565 269567
269563 269573
269563 269576
269566 269574
269571 269575
5
293966 293970
293974 293977
293970 293973
293970 293974
293968 293974
5
519292 519293
519294 519295
519288 519291
519290 519296
519287 519289
5
242626 242627
242619 242627
242622 242624
242620 242626
242621 242622
5
640933 640935
640927 640928
640929 640931
640925 640928
640928 640929
5
187130 187135
187130 187133
187131 187135
187130 187132
187127 187128
5
359560 359561
359557 359561
359555 359563
359559 359562
359559 359564
5
286063 286065
286063 286064
286066 286074
286071 286072
286069 286071
5
423946 423947
423954 423957
423945 423948
423948 423953
423952 423954
5
991261 991262
991260 991262
991264 991265
991270 991271
991262 991272
5
311524 311533
311525 311533
311526 311527
311522 311530
311523 311527
5
683889 683891
683891 683894
683894 683896
683896 683900
683899 683900
5
297986 297987
297992 297993
297981 297986
297983 297991
297982 297991
5
960398 960404
960400 960408
960398 960400
960397 960403
960395 960398
5
542672 542675
542663 542669
542667 542670
542663 542666
542664 542665
5
217123 217131
217135 217136
217132 217133
217128 217134
217127 217129
5
949951 949954
949943 949947
949954 949955
949945 949948
949945 949956
5
855963 855974
855963 855964
855965 855966
855968 855971
855964 855966
5
31774 31776
31771 31776
31767 31773
31773 31775
31773 31774
5
743241 743245
743244 743251
743239 743240
743240 743244
743250 743251
5
553374 553379
553374 553379
553367 553369
553371 553379
553370 553372
5
976884 976886
976890 976896
976893 976896
976892 976893
976888 976892
5
508900 508901
508894 508897
508898 508905
508904 508907
508897 508898
5
45448 45451
45457 45458
45449 45459
45452 45455
45451 45456
5
564556 564558
564556 564558
564552 564555
564550 564551
564553 564559
5
932473 932474
932473 932474
932474 932475
932471 932473
932473 932475
5
649102 649108
649100 649102
649098 649102
649103 649105
649104 649110
5
364891 364893
364889 364890
364891 364893
364884 364888
364884 364886
5
633627 633635
633626 633632
633631 633635
633627 633628
633629 633630
5
845763 845765
845759 845762
845759 845769
845767 845770
845766 845767
5
830335 830338
830335 830337
830332 830338
830325 830327
830326 830335
5
219293 219301
219293 219298
219297 219298
219291 219301
219299 219301
5
672512 672513
672506 672508
672504 672515
672511 672513
672508 672513
5
717345 717348
717342 717345
717338 717340
717343 717344
717339 717340
5
945202 945205
945197 945202
945197 945202
945205 945206
945194 945195
5
352432 352439
352435 352438
352431 352435
352435 352437
352431 352434
5
255468 255470
255462 255464
255468 255469
255460 255467
255468 255470
5
926891 926894
926899 926902
926892 926893
926894 926898
926890 926891
5
752003 752013
752004 752005
752004 752005
752012 752013
752006 752010
5
146351 146352
146356 146357
146355 146362
146356 146358
146354 146357
5
949247 949249
949240 949249
949242 949243
949247 949252
949250 949251
5
47704 47705
47700 47702
47706 47709
47700 47703
47701 47703
5
897074 897075
897076 897077
897074 897075
897070 897077
897076 897077
5
130979 130984
130977 130989
130983 130984
130986 130989
130985 130987
5
37245 37246
37241 37244
37243 37244
37237 37239
37242 37245
5
377054 377057
377054 377055
377045 377046
377056 377057
377051 377055
5
606223 606227
606229 606230
606230 606233
606227 606228
606226 606232
5
40356 40357
40359 40360
40354 40358
40359 40360
40355 40360
5
858837 858846
858842 858845
858842 858846
858843 858845
858838 858839
5
573603 573611
573607 573613
573600 573601
573609 573613
573603 573604
5
980601 980609
980602 980608
980610 980611
980604 980608
980598 980607
5
432076 432082
432072 432082
432073 432074
432069 432071
432073 432075
5
736042 736047
736047 736048
736041 736052
736045 736047
736041 736048
5
705680 705686
705680 705686
705684 705686
705681 705687
705690 705692
5
171915 171921
171911 171915
171918 171922
171913 171921
171917 171918
5
508104 508105
508097 508099
508103 508107
508098 508100
508102 508103
5
237911 237918
237909 237912
237910 237915
237910 237916
237912 237914
5
641539 641540
641540 641541
641535 641537
641528 641529
641538 641539
5
921634 921635
921630 921633
921634 921640
921630 921632
921631 921635
5
10960 10961
10957 10965
10960 10967
10964 10965
10961 10962
5
723565 723567
723567 723570
723566 723570
723563 723570
723563 723567
5
776139 776152
776147 776149
776144 776148
776143 776147
776140 776144
5
471816 471822
471814 471815
471811 471812
471814 471821
471812 471820
5
728990 728993
728989 728990
728991 728996
728997 728999
728990 728996
5
259908 259909
259905 259907
259905 259907
259912 259913
259904 259906
5
19785 19786
19791 19794
19790 19791
19791 19796
19786 19792
5
708504 708505
708506 708508
708500 708502
708504 708506
708501 708503
5
482753 482754
482762 482763
482753 482754
482754 482763
482759 482763
5
707658 707660
707656 707657
707655 707658
707661 707663
707657 707661
5
264172 264183
264183 264184
264173 264176
264174 264177
264173 264174
5
197659 197660
197669 197670
197662 197666
197667 197670
197668 197669
5
486772 486779
486775 486779
486771 486774
486774 486775
486781 486782
5
165611 165622
165617 165619
165612 165613
165610 165620
165617 165619
5
412551 412556
412557 412558
412554 412558
412553 412554
412557 412562
5
316741 316750
316737 316743
316737 316741
316739 316749
316738 316739
5
854843 854844
854840 854841
854835 854839
854839 854842
854840 854845
5
693212 693214
693210 693216
693211 693212
693208 693209
693212 693216
5
817235 817236
817235 817242
817233 817245
817242 817245
817237 817241
5
713257 713266
713257 713258
713258 713260
713260 713263
713258 713261
5
793435 793441
793439 793440
793429 793432
793431 793439
793437 793440
5
672418 672419
672414 672425
672423 672427
672420 672421
672418 672424
5
502367 502370
502367 502377
502369 502378
502366 502367
502372 502376
5
727263 727266
727266 727274
727271 727274
727267 727271
727268 727269
5
655326 655327
655326 655329
655332 655333
655327 655335
655328 655329
5
317810 317812
317804 317806
317801 317813
317807 317808
317802 317810
5
722388 722391
722388 722390
722388 722393
722399 722401
722397 722398
5
123608 123611
123612 123618
123612 123614
123608 123616
123613 123616
5
731583 731590
731579 731591
731586 731587
731578 731587
731583 731587
5
951519 951520
951519 951523
951527 951529
951520 951523
951524 951525
5
952562 952569
952568 952569
952561 952573
952568 952573
952570 952571
5
861854 861862
861851 861854
861855 861856
861860 861862
861857 861860
5
139234 139241
139232 139240
139233 139235
139229 139240
139233 139242
5
138208 138216
138208 138214
138210 138215
138204 138206
138203 138204
5
543392 543394
543386 543392
543387 543389
543397 543399
543389 543390
5
708513 708518
708509 708515
708511 708512
708521 708522
708512 708514
5
282308 282317
282306 282307
282308 282313
282314 282319
282309 282311
5
685732 685733
685724 685725
685732 685733
685726 685732
685729 685731
5
565102 565103
565105 565106
565108 565112
565102 565111
565104 565113
5
778073 778080
778070 778082
778076 778077
778075 778079
778077 778080
5
646204 646206
646200 646209
646207 646208
646203 646204
646206 646212
5
431085 431087
431089 431090
431083 431084
431087 431088
431079 431082
5
765222 765226
765223 765227
765229 765233
765225 765226
765230 765233
5
562536 562538
562529 562539
562529 562530
562535 562536
562530 562536
5
767640 767641
767636 767637
767637 767639
767633 767637
767630 767636
5
30640 30641
30640 30642
30642 30645
30647 30650
30643 30645
5
288928 288929
288938 288939
288929 288935
288937 288939
288931 288933
5
705343 705346
705348 705349
705342 705344
705341 705346
705340 705345
5
737723 737725
737716 737718
737724 737728
737721 737728
737724 737725
5
847537 847539
847535 847536
847543 847545
847532 847542
847538 847543
5
300382 300386
300383 300385
300377 300390
300381 300382
300381 300382
5
777974 777975
777977 777981
777976 777981
777977 777980
777981 777982
5
359285 359295
359293 359295
359291 359293
359292 359293
359286 359293
5
742967 742968
742965 742967
742969 742974
742970 742972
742970 742974
5
485353 485355
485346 485348
485350 485359
485354 485355
485349 485351
5
284447 284448
284438 284439
284435 284438
284438 284446
284441 284446
5
239605 239613
239607 239609
239605 239606
239603 239605
239609 239611
5
722258 722260
722254 722255
722255 722263
722258 722264
722256 722261
5
531542 531543
531547 531548
531539 531541
531548 531549
531541 531544
5
356050 356058
356056 356062
356053 356055
356052 356054
356054 356058
5
663760 663764
663756 663758
663757 663763
663754 663757
663756 663762
5
202528 202534
202534 202537
202527 202535
202525 202536
202535 202537
5
233029 233036
233033 233037
233034 233039
233031 233037
233031 233038
5
544104 544110
544106 544110
544106 544108
544101 544110
544104 544105
5
138458 138461
138463 138467
138457 138459
138468 138469
138464 138469
5
937710 937712
937714 937715
937712 937717
937707 937711
937706 937710
5
742411 742412
742400 742405
742400 742401
742404 742411
742408 742409
5
789939 789940
789937 789938
789946 789948
789944 789948
789948 789950
5
846059 846060
846062 846063
846065 846067
846066 846067
846058 846059
5
350377 350378
350379 350380
350380 350381
350378 350382
350379 350385
5
695480 695481
695475 695476
695471 695476
695482 695483
695481 695483
5
62159 62160
62151 62161
62148 62151
62159 62160
62156 62159
5
448668 448674
448667 448668
448667 448669
448676 448677
448667 448676
5
378781 378788
378785 378786
378783 378786
378784 378786
378781 378785
5
374362 374364
374362 374368
374368 374369
374365 374370
374359 374365
5
171793 171795
171794 171804
171796 171803
171799 171800
171791 171800
5
649987 649989
649992 649993
649983 649987
649984 649985
649981 649983
5
132227 132229
132229 132232
132226 132231
132229 132231
132226 132227
5
704882 704884
704877 704878
704873 704879
704877 704883
704876 704883
5
687067 687068
687059 687060
687065 687070
687057 687058
687065 687069
5
498009 498017
498004 498007
498013 498017
498016 498017
498008 498010
5
159399 159400
159396 159398
159393 159398
159399 159401
159399 159401
5
901665 901666
901656 901659
901658 901659
901655 901656
901657 901662
5
364037 364039
364034 364044
364038 364041
364031 364032
364040 364041
5
255594 255596
255595 255596
255598 255601
255597 255600
255596 255597
5
632571 632576
632569 632570
632571 632576
632574 632575
632569 632574
5
719668 719670
719662 719671
719660 719665
719665 719666
719667 719672
5
178957 178961
178958 178959
178952 178956
178955 178958
178954 178958
5
657762 657772
657762 657764
657765 657766
657762 657775
657771 657772
5
228313 228314
228320 228325
228317 228322
228313 228316
228324 228325
5
176246 176253
176242 176243
176246 176250
176250 176255
176242 176246
5
733684 733689
733690 733691
733695 733696
733688 733691
733689 733691
5
587593 587595
587593 587594
587591 587594
587599 587604
587602 587603
5
116882 116883
116882 116888
116882 116884
116884 116885
116887 116891
5
336412 336414
336414 336415
336406 336415
336407 336408
336406 336408
5
842209 842211
842211 842214
842204 842217
842212 842213
842208 842212
5
778843 778846
778836 778837
778843 778848
778835 778843
778846 778848
5
927606 927607
927605 927609
927602 927603
927606 927611
927614 927615
5
273564 273565
273559 273570
273561 273566
273559 273568
273568 273569
5
214485 214486
214485 214489
214490 214495
214490 214494
214492 214494
5
365893 365897
365892 365894
365891 365897
365885 365890
365885 365886
5
463975 463978
463969 463971
463973 463977
463978 463979
463973 463979
5
635168 635171
635166 635169
635168 635171
635170 635173
635169 635173
5
274028 274032
274024 274025
274029 274030
274020 274030
274020 274026
5
514690 514697
514689 514698
514689 514691
514689 514699
514698 514700
5
856900 856904
856909 856910
856908 856910
856902 856911
856906 856909
5
711154 711155
711157 711162
711155 711160
711156 711157
711162 711165
5
920490 920491
920492 920493
920486 920488
920496 920497
920486 920491
5
612242 612248
612245 612247
612251 612252
612243 612252
612245 612250
5
950610 950616
950612 950615
950613 950616
950617 950620
950618 950619
5
776110 776121
776115 776116
776113 776117
776117 776119
776110 776116
5
689073 689077
689068 689072
689070 689073
689077 689078
689080 689081
5
252609 252610
252609 252616
252606 252608
252614 252617
252615 252616
5
660290 660292
660286 660290
660293 660295
660286 660294
660293 660297
5
597746 597757
597748 597749
597751 597753
597751 597758
597748 597751
5
860804 860810
860808 860811
860803 860809
860803 860812
860800 860801
5
845902 845906
845905 845907
845903 845905
845906 845913
845904 845909
5
78414 78420
78413 78417
78420 78421
78410 78412
78422 78423
5
869642 869644
869633 869635
869635 869639
869634 869636
869643 869644
5
22472 22475
22465 22473
22471 22472
22468 22475
22465 22472
5
113033 113038
113043 113045
113033 113041
113035 113037
113039 113040
5
595402 595405
595407 595410
595405 595407
595407 595413
595404 595405
5
746429 746431
746433 746438
746437 746439
746427 746435
746431 746437
5
232899 232901
232889 232897
232893 232897
232898 232900
232890 232893
5
975640 975648
975641 975649
975645 975646
975644 975648
975642 975645
5
79814 79820
79812 79816
79811 79812
79813 79824
79816 79817
5
91424 91425
91425 91429
91425 91426
91428 91430
91426 91428
5
171111 171120
171114 171115
171109 171113
171111 171119
171108 171109
5
656161 656162
656171 656173
656161 656169
656169 656172
656165 656166
5
734276 734284
734277 734283
734277 734281
734278 734279
734278 734286
5
668444 668446
668436 668443
668442 668446
668443 668444
668447 668448
5
89529 89532
89532 89537
89530 89531
89527 89530
89528 89531
5
105300 105301
105303 105305
105294 105295
105297 105301
105293 105297
5
699216 699217
699215 699218
699216 699217
699219 699224
699222 699227
5
328942 328944
328937 328941
328931 328933
328932 328936
328938 328939
5
491468 491469
491462 491475
491474 491475
491472 491473
491473 491474
5
411607 411609
411613 411614
411608 411610
411611 411615
411603 411606
5
162539 162541
162541 162545
162547 162549
162548 162551
162546 162552
5
322467 322472
322463 322473
322465 322466
322470 322472
322463 322465
5
47389 47391
47387 47391
47380 47381
47385 47386
47389 47391
5
137060 137061
137066 137067
137062 137063
137065 137066
137069 137070
5
89475 89477
89474 89476
89468 89478
89469 89470
89466 89470
5
197417 197419
197413 197424
197421 197422
197414 197421
197415 197416
5
152069 152072
152072 152075
152078 152081
152076 152080
152071 152080
5
473992 473994
473994 473997
473994 473996
473993 473994
473986 473992
5
320879 320880
320870 320872
320879 320880
320874 320876
320872 320875
5
22303 22304
22310 22312
22305 22313
22308 22311
22313 22315
5
798611 798616
798609 798611
798612 798613
798604 798609
798603 798610
5
508080 508083
508079 508080
508074 508086
508084 508085
508081 508082
5
573214 573223
573213 573219
573221 573222
573218 573219
573220 573222
5
109550 109562
109549 109550
109554 109556
109550 109552
109558 109561
5
261320 261323
261316 261319
261315 261322
261318 261322
261314 261317
5
393631 393633
393623 393624
393624 393627
393623 393626
393622 393635
5
628051 628052
628059 628061
628053 628059
628060 628061
628048 628050
5
965443 965448
965443 965445
965445 965446
965440 965441
965446 965450
5
733435 733439
733431 733433
733435 733437
733436 733437
733434 733439
5
931329 931331
931328 931330
931321 931323
931325 931328
931320 931322
5
322820 322822
322816 322822
322814 322816
322817 322822
322816 322826
5
158376 158377
158376 158379
158379 158382
158378 158381
158381 158382
5
416379 416383
416387 416389
416378 416380
416388 416389
416385 416386
5
80322 80324
80313 80315
80324 80325
80317 80326
80315 80317
5
378420 378424
378417 378420
378420 378426
378415 378426
378418 378420
5
213527 213530
213518 213521
213523 213528
213518 213521
213519 213522
5
28797 28805
28796 28797
28798 28799
28797 28803
28793 28799
5
830530 830536
830525 830532
830529 830531
830526 830529
830529 830531
5
539719 539723
539718 539723
539711 539712
539711 539718
539718 539719
5
321853 321855
321852 321855
321849 321852
321851 321856
321847 321851
5
4928 4931
4937 4939
4934 4935
4931 4934
4929 4936
5
666297 666301
666295 666302
666301 666305
666300 666302
666296 666300
5
658802 658803
658797 658800
658795 658796
658796 658806
658801 658805
5
399901 399902
399890 399897
399898 399899
399895 399897
399893 399899
5
810611 810614
810607 810613
810616 810617
810618 810619
810612 810614
5
773766 773767
773764 773767
773764 773768
773763 773765
773761 773762
5
182512 182514
182507 182510
182506 182513
182511 182512
182507 182509
5
481562 481568
481560 481563
481560 481562
481571 481572
481567 481569
5
250711 250715
250713 250714
250709 250711
250718 250719
250709 250715
5
467673 467680
467668 467669
467670 467679
467677 467680
467673 467676
5
362062 362074
362070 362072
362061 362072
362070 362071
362068 362069
5
487922 487924
487927 487930
487921 487922
487920 487924
487929 487930
5
531880 531882
531882 531884
531876 531878
531884 531887
531874 531875
5
883182 883183
883178 883184
883175 883183
883180 883183
883180 883183
5
578026 578027
578028 578030
578027 578030
578027 578029
578031 578034
5
116964 116971
116965 116967
116966 116969
116967 116968
116963 116966
5
60011 60015
60014 60017
60008 60009
60019 60020
60014 60019
5
85190 85196
85198 85199
85193 85194
85190 85196
85186 85187
5
370700 370707
370699 370709
370697 370698
370697 370709
370700 370701
5
40513 40517
40505 40507
40507 40516
40504 40506
40505 40510
5
509466 509475
509469 509470
509467 509472
509469 509473
509476 509477
5
820368 820370
820365 820366
820368 820377
820372 820376
820370 820374
5
557705 557710
557701 557703
557706 557707
557705 557706
557705 557706
5
669001 669002
668998 669003
668999 669006
668999 669001
669000 669001
5
302499 302506
302507 302510
302499 302500
302503 302506
302499 302506
5
671867 671873
671871 671878
671873 671876
671866 671874
671866 671867
5
902624 902625
902621 902634
902623 902629
902625 902626
902627 902628
5
449857 449858
449863 449869
449864 449866
449862 449865
449867 449869
5
492665 492666
492667 492672
492667 492674
492670 492672
492668 492669
