1 500
6
672 673
343 344
674 675
345 346
341 342
670 671
5
654 655
312 313
310 311
659 660
661 662
2
516 536
524 543
8
687 688
693 694
348 350
351 352
685 686
691 692
353 354
695 696
5
682 683
684 685
327 328
675 690
687 708
6
318 323
629 658
652 665
635 658
325 327
649 650
8
312 341
58 430
639 655
647 663
647 659
646 648
322 329
320 321
5
676 677
350 371
671 684
675 704
675 683
7
673 674
671 696
677 678
680 681
675 676
676 677
322 323
5
349 350
351 352
353 354
688 689
347 348
5
664 665
660 667
335 336
667 669
668 675
7
332 353
659 670
315 325
324 325
307 336
326 327
323 334
7
673 676
678 679
678 682
682 683
325 335
668 693
324 325
8
320 321
308 309
304 317
306 317
647 648
312 340
307 328
311 323
5
661 679
314 338
661 677
334 335
669 670
2
493 494
491 492
8
340 341
344 346
671 672
673 674
347 348
346 365
351 352
333 355
6
658 659
329 353
334 335
652 672
649 650
633 657
8
664 665
306 307
662 663
652 653
660 661
657 658
668 669
666 667
8
343 361
346 357
341 342
339 340
344 359
340 354
330 356
686 687
4
672 673
666 672
664 670
671 672
4
784 787
780 785
779 780
781 783
4
548 549
545 550
546 549
548 550
4
450 455
453 454
450 451
455 457
4
768 769
774 775
768 769
772 774
4
247 249
240 243
244 248
243 247
4
528 532
523 525
523 527
524 525
4
623 626
626 628
628 630
626 627
4
396 401
401 402
396 398
397 398
4
248 250
247 250
247 252
245 246
4
351 358
352 360
354 357
354 357
4
118 119
110 118
113 118
114 115
4
767 769
771 775
771 772
768 771
4
222 229
226 227
221 223
227 229
4
523 527
524 525
518 527
521 522
4
857 861
862 866
861 864
863 864
4
652 659
659 661
656 659
656 659
4
953 954
950 955
951 952
953 957
4
132 134
137 139
136 137
139 140
4
588 589
591 592
591 593
589 592
4
49 52
50 53
51 55
50 55
4
744 747
745 747
744 745
743 747
4
105 107
108 112
107 109
108 111
4
225 226
222 224
222 224
220 225
4
390 391
385 386
386 391
385 386
4
514 515
518 519
514 517
515 519
4
160 162
163 165
161 162
165 166
4
316 317
318 321
314 316
314 317
4
301 303
296 300
295 301
300 302
4
707 710
707 708
711 713
711 715
4
843 847
850 851
850 851
844 850
4
41 43
43 44
46 47
41 47
4
262 267
266 269
260 261
260 263
4
268 270
270 274
270 276
275 276
4
555 557
558 559
560 561
552 555
4
594 598
596 597
593 594
592 597
4
337 341
341 343
340 342
339 344
4
345 346
343 347
345 350
342 349
4
40 45
38 39
42 46
39 40
4
165 168
166 172
167 171
163 166
4
375 376
374 381
373 376
379 381
4
2 3
3 4
6 9
8 10
4
284 285
281 282
276 281
276 279
4
488 490
481 485
483 489
485 487
4
210 211
210 213
218 219
215 219
4
454 457
456 458
456 457
459 460
4
185 188
188 190
185 190
187 191
4
713 717
716 718
714 720
712 714
4
953 954
951 954
955 958
956 959
4
343 345
344 346
343 351
349 350
4
669 674
672 678
672 676
670 675
4
200 201
195 199
196 197
201 203
4
656 660
657 661
659 663
658 659
4
890 896
896 898
889 895
891 896
4
607 614
607 612
608 609
609 613
4
686 690
689 691
682 689
683 685
4
774 779
774 775
775 776
774 776
4
310 311
308 311
314 315
311 314
4
708 711
704 705
712 713
709 712
4
96 99
95 97
91 95
96 97
4
446 454
450 454
451 452
446 449
4
401 405
402 405
398 400
398 403
4
133 135
129 135
131 133
135 136
4
621 622
621 624
619 621
623 626
4
229 230
227 233
226 234
229 233
4
957 958
954 963
957 959
954 955
4
301 305
299 302
299 303
298 301
4
888 890
885 886
888 891
887 889
4
141 142
142 145
140 141
136 138
4
8 9
5 8
7 9
7 10
4
73 74
72 74
74 75
73 76
4
437 443
441 444
440 441
437 440
4
738 743
736 739
737 739
738 739
4
173 175
174 181
179 181
175 176
4
740 744
742 743
739 740
740 743
4
985 987
984 985
982 985
984 985
4
872 873
869 873
869 872
871 872
4
857 859
861 864
857 863
862 863
4
47 49
44 47
46 48
43 49
4
988 991
984 992
983 987
988 991
4
124 125
123 129
125 130
123 129
4
397 398
394 399
396 401
400 401
4
768 769
761 770
763 769
766 767
4
732 737
730 736
734 737
729 732
4
536 537
531 534
534 535
532 539
4
103 104
99 102
95 98
100 103
4
283 289
284 288
285 288
288 289
4
137 138
131 135
132 133
132 134
4
374 375
376 382
374 375
377 379
4
197 199
192 198
197 198
200 201
4
122 126
120 122
118 121
119 121
4
453 456
451 452
455 456
448 455
4
249 252
251 258
249 258
252 253
4
511 513
512 517
510 511
512 516
4
631 632
625 629
624 628
624 628
4
266 267
268 271
264 268
270 271
4
147 148
147 151
152 153
154 156
4
451 456
454 457
454 456
450 451
4
969 970
970 971
974 976
971 978
4
725 728
727 728
724 732
729 730
4
783 785
784 792
784 787
785 786
4
201 206
202 203
198 202
197 199
4
830 831
829 832
830 831
829 830
4
249 251
245 251
245 248
245 250
4
110 112
113 114
109 111
108 113
4
137 138
136 139
135 137
136 142
4
20 21
24 29
27 28
22 27
4
816 821
822 823
820 821
819 824
4
601 609
605 606
609 610
602 603
4
152 153
153 154
153 156
149 152
4
517 519
520 523
523 525
522 524
4
283 286
282 287
280 284
282 287
4
429 433
425 429
429 432
427 433
4
347 348
346 353
352 353
346 347
4
331 337
332 333
335 337
334 335
4
85 93
89 92
84 85
89 93
4
498 502
498 502
499 500
494 496
4
280 282
277 278
277 281
281 285
4
375 380
376 383
379 381
378 379
4
944 945
941 946
945 946
944 945
4
455 459
454 457
455 456
455 456
4
441 442
441 445
439 442
440 444
4
129 131
131 133
131 133
128 135
4
809 810
810 811
805 808
803 806
4
656 663
662 665
660 661
658 660
4
398 399
404 405
399 406
402 405
4
795 797
797 798
793 795
791 797
4
320 323
324 326
317 321
323 324
4
285 286
281 286
286 287
286 287
4
747 748
752 753
746 747
747 751
4
470 471
467 471
465 470
463 470
4
574 581
574 578
576 578
581 582
4
229 232
225 226
226 227
228 233
4
542 543
542 545
543 550
543 544
4
183 184
183 189
183 189
187 188
4
951 952
954 955
951 958
953 959
4
659 663
661 665
663 664
657 660
4
7 10
6 7
6 8
8 9
4
417 418
421 423
417 420
420 421
4
583 584
577 585
578 579
576 578
4
706 709
701 709
703 710
702 710
4
758 759
758 760
753 757
760 761
4
687 688
684 686
690 691
683 684
4
433 434
432 439
436 437
433 437
4
387 390
388 389
389 390
386 387
4
274 280
274 276
279 282
277 279
4
474 477
478 479
470 473
475 476
4
13 22
16 17
15 16
16 22
4
292 295
295 296
293 298
293 294
4
205 207
202 203
201 207
204 205
4
209 212
214 216
207 214
207 208
4
890 893
886 888
887 892
892 893
4
362 364
364 366
363 368
368 369
4
881 887
878 883
883 887
883 886
4
79 82
78 80
81 86
80 82
4
653 656
655 658
656 660
659 661
4
16 21
20 23
15 16
15 18
4
428 435
428 429
427 431
434 435
4
13 19
13 15
17 19
15 16
4
131 132
134 136
132 139
133 138
4
855 857
854 858
851 855
854 857
4
980 983
980 982
986 988
985 987
4
853 854
853 857
850 856
850 855
4
642 644
637 645
644 645
638 642
4
12 20
12 19
14 19
16 19
4
194 196
192 195
190 191
192 193
4
440 443
438 443
437 439
438 442
4
212 213
205 210
209 212
204 213
4
632 638
633 634
630 635
633 636
4
476 478
472 481
475 481
479 480
4
56 60
53 54
56 57
54 55
4
823 824
829 830
831 832
825 826
4
533 536
528 534
530 533
531 535
4
265 266
263 266
262 264
257 260
4
38 45
44 47
42 46
44 47
4
951 952
954 955
948 949
947 948
4
86 88
85 86
85 90
84 87
4
339 340
335 337
334 336
334 341
4
864 866
863 864
862 867
864 868
4
592 597
588 593
589 591
596 597
4
979 981
978 985
978 984
985 987
4
41 42
44 45
38 42
41 45
4
795 796
795 796
791 793
791 792
4
55 56
48 49
52 53
52 57
4
18 26
20 21
18 20
20 22
4
590 596
592 598
590 591
593 596
4
323 329
323 332
326 331
331 332
4
873 876
879 880
877 878
877 882
4
77 84
77 81
76 77
82 85
4
35 37
34 39
36 37
32 34
4
164 167
163 166
161 163
159 166
4
444 446
448 450
446 449
446 447
4
327 332
326 327
331 332
326 331
4
450 456
453 454
453 454
453 455
4
903 908
902 904
902 909
905 906
4
902 906
905 907
901 903
898 907
4
819 820
817 822
821 822
815 822
4
302 303
304 305
300 305
301 303
4
436 443
437 439
442 443
436 438
4
304 307
302 304
307 308
306 311
4
900 902
896 900
896 901
894 898
4
727 728
726 732
725 733
725 730
4
612 613
607 608
608 610
609 610
4
415 416
414 415
413 414
415 418
4
567 568
564 565
564 572
569 570
4
530 532
529 530
523 524
531 532
4
21 22
17 21
13 20
14 17
4
970 973
976 978
974 976
971 974
4
697 699
695 696
697 700
702 703
4
249 253
251 256
248 251
248 249
4
471 473
473 474
468 471
466 467
4
908 909
904 907
903 904
903 905
4
495 498
501 503
498 499
495 497
4
766 768
769 774
769 773
772 775
4
93 95
92 98
93 97
92 93
4
390 393
397 398
391 397
396 399
4
371 374
377 379
378 379
373 375
4
108 109
106 108
106 108
105 110
4
262 263
264 265
260 262
263 265
4
758 760
760 763
756 761
755 758
4
72 76
70 71
72 76
68 70
4
964 970
962 967
967 968
963 965
4
131 132
135 137
134 135
133 136
4
250 251
253 255
251 253
246 249
4
226 231
225 229
224 225
230 232
4
438 442
438 439
436 439
435 443
4
450 454
454 455
447 452
454 455
4
43 44
37 41
37 40
36 42
4
838 840
835 836
834 838
836 843
4
92 96
92 93
93 94
92 93
4
271 272
275 277
273 274
271 280
4
386 391
385 386
384 389
389 390
4
351 354
348 354
350 351
349 353
4
225 227
233 234
225 227
225 229
4
623 628
621 623
622 623
621 623
4
499 501
501 506
503 504
501 502
4
902 906
908 910
903 906
902 903
4
507 508
500 508
502 506
502 503
4
234 239
238 242
234 242
234 235
4
222 223
220 225
218 219
218 222
4
724 730
724 730
729 730
721 724
4
340 344
341 349
340 348
345 347
4
438 441
438 440
435 436
434 435
4
41 42
41 48
47 48
42 44
4
741 742
744 746
744 745
741 743
4
273 276
275 279
275 277
274 278
4
868 873
867 871
874 876
874 875
4
172 176
174 177
175 179
170 174
4
620 624
618 620
618 622
616 621
4
855 857
854 862
860 862
861 862
4
605 608
603 607
604 608
599 601
4
927 931
924 927
924 930
926 931
4
591 592
591 593
591 596
590 592
4
18 23
21 24
20 22
23 24
4
537 538
531 538
537 538
530 538
4
651 653
648 655
646 654
649 651
4
711 715
712 716
709 716
715 716
4
301 302
299 302
298 301
303 304
4
361 369
362 369
366 368
364 367
4
466 469
465 469
462 469
461 463
4
794 798
801 802
798 801
794 795
4
488 491
488 489
486 488
486 489
4
112 114
106 110
109 110
106 107
4
277 283
284 285
277 282
284 285
4
344 348
343 345
343 344
345 346
4
893 894
889 890
892 895
895 897
4
499 500
497 500
495 496
495 500
4
355 358
354 356
355 357
357 363
4
115 120
118 119
113 117
118 120
4
135 136
138 141
137 139
137 143
4
256 258
257 258
256 257
254 256
4
45 48
42 47
41 43
42 44
4
481 487
487 489
481 487
484 485
4
346 347
346 350
346 352
346 349
4
105 111
111 113
108 111
106 108
4
237 245
240 244
240 244
239 240
4
183 185
182 186
183 184
181 188
4
312 315
318 319
313 314
315 318
4
335 339
337 339
334 335
335 336
4
21 26
25 27
23 24
22 25
4
376 380
376 378
375 380
376 382
4
716 717
718 720
716 717
716 717
4
440 441
435 437
436 437
437 438
4
270 274
272 273
270 274
268 272
4
677 679
670 674
670 672
670 675
4
944 947
945 948
950 951
946 952
4
570 572
564 569
563 564
563 565
4
579 582
580 582
578 580
574 576
4
424 431
423 427
423 429
429 430
4
185 186
188 190
189 190
187 189
4
896 897
894 899
892 895
896 899
4
242 245
249 250
244 245
243 248
4
379 381
385 386
381 382
379 386
4
315 319
317 318
316 318
316 320
4
195 202
199 200
200 201
196 204
4
42 47
46 47
41 48
41 43
4
49 52
52 54
48 53
50 51
4
719 724
716 717
716 718
718 719
4
479 483
479 481
476 483
474 481
4
60 61
59 65
59 61
57 65
4
131 132
133 138
133 140
138 139
4
217 220
221 222
216 217
216 218
4
399 400
394 396
395 403
396 398
4
690 691
688 692
689 697
693 695
4
431 438
435 436
432 438
431 438
4
978 980
978 980
975 976
976 980
4
996 998
992 999
998 999
997 998
4
671 676
668 669
669 673
674 676
4
292 293
291 295
292 294
290 295
4
753 756
751 757
750 754
752 756
4
91 93
91 94
85 92
88 89
4
860 861
858 860
858 864
860 863
4
782 783
775 777
779 782
780 781
4
199 200
194 199
197 200
199 200
4
527 528
520 529
527 528
527 529
4
769 773
773 777
769 774
769 770
4
197 200
198 204
198 201
197 203
4
717 719
716 719
721 723
715 721
4
524 526
531 532
531 532
528 529
4
630 631
624 626
624 629
627 629
4
623 626
624 626
623 628
626 628
4
42 43
44 48
43 44
43 47
4
574 581
576 580
574 575
574 582
4
498 506
500 503
501 504
503 505
4
351 355
354 356
348 356
352 353
4
926 928
922 925
924 927
923 925
4
307 312
308 310
307 308
311 313
4
163 166
160 165
160 164
161 164
4
252 256
253 258
257 260
255 260
4
775 776
774 775
778 781
778 781
4
70 71
71 73
71 72
71 73
4
513 520
517 520
513 516
515 520
4
335 336
334 341
332 337
335 339
4
198 202
199 200
197 201
199 200
4
260 261
257 260
254 258
255 257
4
949 952
949 950
956 957
953 957
4
602 604
605 609
604 608
608 609
4
550 552
548 556
553 556
549 551
4
938 940
935 937
934 935
939 942
4
541 544
535 539
540 541
538 539
4
823 824
818 823
817 824
822 825
4
176 177
172 178
170 175
172 175
4
484 491
486 489
486 487
485 490
4
40 41
42 45
41 42
44 46
4
132 135
132 134
133 138
135 136
4
391 392
389 394
388 390
387 393
4
419 420
416 419
417 418
415 418
4
324 327
323 326
320 321
324 325
4
560 569
568 569
564 565
561 564
4
9 17
12 13
13 15
11 16
4
919 920
917 918
915 919
917 918
4
630 631
626 630
622 625
628 629
4
592 594
591 596
590 595
596 597
4
144 145
144 145
139 141
139 142
4
995 997
989 995
992 995
995 997
4
841 843
843 847
838 845
838 839
4
955 960
955 956
955 958
960 961
4
118 119
121 124
121 126
123 126
4
801 802
800 803
801 804
796 800
4
725 728
719 720
721 722
721 722
4
152 153
150 153
148 150
154 156
4
648 650
643 646
647 652
645 651
4
652 653
658 659
650 659
654 655
4
404 405
406 407
408 409
406 413
4
282 287
286 288
281 283
282 285
4
484 492
489 490
484 490
487 488
4
859 860
859 860
853 861
856 859
4
228 230
228 231
228 229
227 228
4
981 982
975 981
979 981
973 977
4
147 150
146 148
144 146
147 149
4
253 254
248 256
253 254
255 257
4
847 848
847 848
845 851
849 850
4
607 611
609 613
607 612
613 615
4
262 268
262 263
265 266
265 268
4
297 298
294 296
296 297
297 301
4
258 260
259 260
261 263
256 264
4
158 160
162 164
162 167
162 164
4
547 549
542 548
549 550
544 545
4
207 212
210 211
210 211
210 211
4
824 828
825 828
825 827
826 828
4
254 255
256 259
256 261
257 261
4
207 208
208 209
205 209
210 213
4
531 532
525 527
530 531
527 530
4
626 628
626 627
633 634
625 632
4
170 172
171 172
167 170
173 175
4
297 298
295 299
298 301
296 298
4
442 445
444 446
446 449
443 449
4
662 669
668 669
665 666
660 664
4
782 787
782 785
778 782
778 782
4
34 36
34 38
38 39
35 39
4
37 38
38 39
37 38
32 39
4
487 493
488 491
492 494
489 492
4
262 263
269 270
264 268
268 270
4
947 950
950 952
948 949
950 951
4
38 42
36 38
39 40
35 40
4
613 614
616 622
615 617
617 620
4
908 909
910 911
911 913
904 913
4
985 986
980 981
982 985
978 980
4
663 664
662 670
666 669
662 663
4
257 259
256 259
258 259
250 255
4
357 358
355 362
356 363
355 357
4
55 60
54 55
54 57
52 53
4
362 364
361 365
361 367
366 367
4
112 113
106 114
106 110
109 112
4
623 627
629 630
623 631
629 632
4
451 453
453 459
454 456
454 459
4
559 560
559 562
565 566
563 564
4
664 667
667 668
668 669
667 669
4
791 793
792 795
795 800
798 799
4
16 22
17 22
15 16
17 19
4
147 149
150 153
145 147
147 148
4
561 563
559 560
565 566
563 564
4
392 394
387 388
390 396
387 389
4
563 565
564 568
559 560
560 566
4
24 25
20 22
20 26
27 29
4
37 40
33 35
40 42
35 39
4
21 29
25 27
25 29
24 28
4
615 618
619 620
614 622
615 616
4
118 119
116 117
122 123
119 122
4
342 343
342 345
341 343
337 340
4
8 14
8 9
9 12
8 13
4
652 656
654 657
649 650
648 654
4
822 825
823 824
821 824
820 827
4
611 614
614 615
616 617
613 619
4
973 975
967 970
973 974
968 973
4
946 947
949 951
943 945
944 948
4
113 115
106 109
106 113
109 112
4
881 882
883 884
888 889
881 886
4
346 349
347 348
351 353
346 349
4
743 744
739 740
736 740
739 740
4
990 997
994 996
992 994
991 996
4
942 948
943 946
946 947
942 947
4
886 895
887 892
890 895
891 893
4
651 656
648 651
652 654
651 655
4
667 669
666 668
666 675
667 668
4
65 67
62 70
64 67
63 65
4
147 150
146 151
151 152
148 150
4
291 294
293 295
289 293
290 297
4
761 763
757 763
758 763
755 761
4
482 487
484 487
482 483
482 488
4
748 754
751 755
747 748
751 756
4
50 51
49 50
45 47
43 44
4
507 508
511 512
510 512
510 511
4
278 285
280 281
278 283
281 282
4
598 599
598 603
598 599
603 604
4
219 220
217 224
219 220
216 220
4
926 932
932 933
925 927
926 929
4
931 932
926 929
923 929
925 932
4
515 516
517 518
517 520
513 520
4
791 792
785 787
786 792
783 788
4
178 183
182 183
181 184
177 180
4
910 911
915 918
910 916
911 913
4
954 956
953 956
953 956
958 961
4
666 669
670 671
666 670
666 671
4
663 665
660 664
659 666
663 666
4
405 413
407 408
407 413
409 410
4
68 69
72 73
64 70
64 68
4
520 523
521 524
521 523
519 520
4
987 990
984 989
986 988
982 986
4
759 765
762 763
758 759
759 761
4
574 575
570 574
569 571
567 573
4
400 402
401 402
393 397
393 396
4
559 562
560 565
561 562
557 564
4
560 561
559 560
559 560
555 558
4
29 33
29 32
28 35
31 33
4
800 803
806 807
800 801
801 804
4
73 75
77 79
76 77
77 79
4
587 588
586 594
591 595
587 589
4
715 719
713 719
711 712
713 715
4
657 658
657 660
663 664
658 663
4
277 278
271 273
274 278
272 273
4
494 500
496 499
500 501
498 499
4
596 601
602 603
600 601
595 597
4
627 630
623 630
621 630
624 625
4
169 171
171 172
174 176
169 173
4
53 56
50 51
55 56
53 56
4
242 244
237 243
237 243
237 240
4
294 298
295 299
291 295
291 296
4
729 730
727 732
731 732
731 732
4
199 200
203 204
195 199
195 199
