7 500
96
288 289
380 381
272 273
204 205
276 277
234 235
86 87
88 89
382 383
222 223
206 207
232 233
104 105
84 85
210 211
212 213
316 317
254 255
268 269
298 299
278 279
202 203
304 305
286 287
290 291
112 113
90 91
248 249
114 115
190 191
92 93
300 301
218 219
220 221
240 241
236 237
118 119
108 109
184 185
192 193
194 195
252 253
258 259
72 73
224 225
256 257
106 107
310 311
312 313
314 315
292 293
274 275
228 229
250 251
242 243
266 267
182 183
280 281
302 303
214 215
296 297
186 187
264 265
216 217
262 263
270 271
284 285
94 95
102 103
98 99
116 117
100 101
226 227
74 75
82 83
308 309
208 209
80 81
188 189
260 261
198 199
244 245
294 295
306 307
110 111
282 283
196 197
200 201
96 97
246 247
76 77
120 121
238 239
78 79
318 319
230 231
333
910 911
75 76
297 300
358 370
834 838
82 83
659 660
604 626
438 439
458 459
309 325
215 223
673 681
866 867
850 866
484 485
420 444
86 90
683 684
647 648
189 196
434 448
826 827
86 87
351 371
661 674
77 78
427 428
377 378
707 708
334 335
691 712
624 639
464 465
304 324
632 633
344 369
493 495
279 281
688 689
363 364
62 63
824 831
286 287
421 435
232 255
511 512
171 184
68 69
233 234
467 468
837 852
594 595
425 426
603 622
302 303
500 501
677 699
296 311
457 487
327 328
267 268
237 242
837 838
456 469
316 341
299 317
302 325
379 380
814 815
342 352
289 290
409 410
175 195
775 802
614 615
155 157
183 206
485 486
342 343
897 898
295 299
500 505
382 386
859 860
428 429
635 636
877 878
345 346
383 401
134 906
690 691
657 658
509 510
847 848
694 712
471 499
290 299
858 888
468 482
281 298
627 637
807 808
41 71
241 247
498 499
217 242
854 855
379 387
455 456
206 207
164 192
653 654
270 271
879 880
865 867
406 407
661 684
821 822
440 448
640 655
800 824
401 427
628 644
643 644
810 822
317 342
781 782
183 184
904 909
602 625
335 336
420 423
236 237
455 457
900 901
337 338
268 269
400 417
460 461
705 724
794 795
900 908
330 331
495 496
71 72
388 407
347 348
389 397
691 694
671 672
404 425
210 211
885 886
242 243
661 672
366 367
506 507
171 179
621 622
263 281
587 598
314 330
879 882
482 483
472 473
852 879
398 399
803 804
354 383
477 493
626 627
440 441
822 823
281 282
569 595
265 266
665 666
406 414
353 378
641 642
154 155
792 793
143 161
433 449
713 714
844 850
213 218
256 271
597 598
409 424
606 607
870 883
328 329
333 354
788 789
890 891
158 159
838 840
277 280
238 261
100 504
245 246
800 817
187 188
809 835
638 645
311 319
812 813
67 80
304 321
685 686
338 339
592 593
199 203
169 170
339 340
852 876
78 88
835 836
459 463
373 376
855 856
837 849
67 68
402 403
650 670
65 86
173 174
848 867
626 656
892 893
318 326
796 797
883 884
677 705
487 488
261 262
195 196
609 610
370 371
219 231
898 899
254 269
416 427
662 686
416 445
195 204
698 699
679 680
790 791
180 181
832 833
354 355
808 810
581 610
451 452
293 300
508 509
156 159
707 708
694 695
392 393
649 650
356 357
890 900
902 903
169 175
829 850
864 865
250 251
815 831
51 76
489 490
442 443
696 721
479 480
375 376
879 893
797 816
361 362
872 875
313 314
446 476
261 291
84 89
840 865
158 159
431 434
654 655
639 640
884 902
681 682
574 590
167 168
247 248
444 445
304 305
192 193
877 878
849 866
497 498
165 166
229 255
287 288
615 621
204 205
194 207
316 317
60 85
637 638
433 444
310 311
645 646
708 709
387 388
660 821
584 613
465 466
598 599
234 235
388 398
240 249
202 203
177 217
868 896
173 195
154 183
271 272
495 504
375 398
163 164
215 218
356
484 485
245 246
534 535
710 711
329 330
476 477
158 159
536 537
635 636
714 715
695 696
623 624
675 676
93 94
317 318
237 238
59 60
115 116
751 752
41 42
699 700
441 442
327 328
465 466
502 503
726 727
297 298
757 758
63 64
331 332
410 411
529 530
363 364
749 750
651 652
21 22
335 336
435 436
457 458
706 707
581 582
7 8
429 430
667 668
470 471
152 153
375 376
647 648
5 6
559 560
661 662
345 346
663 664
281 282
498 499
439 440
591 592
728 729
540 541
722 723
79 80
546 547
97 98
461 462
154 155
551 552
273 274
377 378
135 136
150 151
447 448
143 144
443 444
649 650
373 374
233 234
43 44
131 132
99 100
605 606
347 348
621 622
427 428
293 294
730 731
139 140
619 620
431 432
113 114
681 682
704 705
420 421
763 764
544 545
11 12
577 578
383 384
349 350
555 556
480 481
520 521
453 454
249 250
735 736
629 630
166 167
255 256
718 719
597 598
117 118
65 66
512 513
48 49
239 240
708 709
253 254
724 725
425 426
381 382
265 266
679 680
653 654
712 713
613 614
172 173
595 596
307 308
743 744
490 491
46 47
13 14
180 181
557 558
206 207
160 161
691 692
759 760
482 483
394 395
321 322
311 312
101 102
251 252
645 646
31 32
119 120
204 205
542 543
164 165
693 694
669 670
455 456
341 342
671 672
85 86
343 344
243 244
641 642
174 175
188 189
402 403
27 28
412 413
367 368
261 262
271 272
319 320
685 686
423 424
196 197
585 586
579 580
492 493
657 658
287 288
176 177
192 193
659 660
247 248
170 171
235 236
406 407
538 539
184 185
9 10
351 352
701 702
257 258
575 576
755 756
19 20
301 302
3 4
549 550
87 88
127 128
95 96
299 300
665 666
73 74
408 409
215 216
337 338
571 572
182 183
518 519
333 334
309 310
305 306
81 82
625 626
449 450
269 270
111 112
178 179
720 721
83 84
217 218
23 24
561 562
510 511
737 738
697 698
291 292
633 634
553 554
52 53
603 604
599 600
289 290
445 446
488 489
398 399
37 38
323 324
25 26
617 618
607 608
689 690
589 590
451 452
137 138
103 104
478 479
208 209
643 644
200 201
627 628
593 594
325 326
379 380
361 362
89 90
313 314
231 232
673 674
359 360
71 72
275 276
141 142
219 220
753 754
75 76
211 212
611 612
526 527
263 264
168 169
508 509
433 434
353 354
418 419
369 370
35 36
516 517
39 40
125 126
631 632
741 742
414 415
190 191
121 122
745 746
385 386
148 149
315 316
747 748
566 567
202 203
69 70
486 487
355 356
283 284
472 473
91 92
583 584
259 260
198 199
396 397
615 616
107 108
474 475
186 187
162 163
683 684
504 505
639 640
392 393
279 280
229 230
225 226
194 195
221 222
601 602
67 68
400 401
339 340
277 278
105 106
129 130
303 304
404 405
133 134
761 762
33 34
514 515
416 417
573 574
687 688
524 525
77 78
15 16
390 391
637 638
241 242
459 460
437 438
609 610
494 495
54 55
655 656
227 228
357 358
522 523
716 717
50 51
365 366
223 224
371 372
213 214
388 389
109 110
267 268
295 296
61 62
156 157
277
789 790
543 544
565 567
622 623
897 898
581 583
515 516
179 180
630 631
833 834
118 127
237 252
132 133
431 432
419 420
799 800
523 524
778 782
506 507
608 609
626 627
238 239
814 815
202 216
133 136
910 911
616 617
455 485
454 455
401 402
208 224
662 682
897 916
600 603
598 599
403 404
460 461
140 141
198 210
100 101
211 234
873 874
650 651
877 878
425 426
841 842
568 570
773 774
551 552
147 148
867 874
519 520
885 886
895 918
412 419
805 806
283 284
537 538
574 575
877 885
395 396
650 656
447 448
128 129
162 163
549 550
222 223
257 258
821 822
535 536
472 493
190 214
903 904
582 590
450 451
209 210
477 478
858 859
152 153
491 492
258 262
847 848
169 181
258 276
807 808
279 280
437 438
775 776
785 786
224 225
467 468
765 766
427 428
604 605
441 442
763 782
156 157
164 165
462 463
839 840
111 112
273 274
149 150
767 768
277 278
800 820
610 611
894 908
113 114
202 216
583 605
787 788
489 490
154 155
879 880
130 131
185 186
168 169
804 828
184 207
408 409
529 530
835 836
126 127
875 876
508 509
865 866
497 498
891 892
563 564
647 664
624 646
230 242
771 772
248 249
265 266
849 855
487 488
889 890
216 217
435 436
415 433
452 453
194 195
226 227
609 630
170 171
404 411
606 607
552 568
504 505
777 778
891 912
139 144
668 669
553 554
138 139
232 233
429 430
96 97
612 613
797 798
382 383
120 121
386 390
787 816
475 476
866 868
837 838
458 459
510 530
635 664
781 804
219 221
656 657
502 503
267 268
779 780
559 563
108 109
495 496
907 919
883 900
259 260
539 540
380 381
517 529
106 107
567 568
831 832
525 526
836 851
240 241
626 635
236 237
856 857
158 159
493 494
570 574
791 792
250 251
244 245
513 514
269 270
636 642
228 229
591 594
197 218
263 264
163 182
849 850
481 482
638 639
175 199
916 917
399 400
826 827
445 446
654 655
893 917
763 764
585 605
829 851
160 161
134 144
403 427
612 628
541 542
166 167
545 546
626 645
464 492
494 507
432 457
214 215
252 253
576 577
124 125
104 105
606 621
632 633
555 556
793 797
584 585
443 444
614 615
269 297
823 824
384 385
595 596
885 897
848 856
578 579
561 562
795 796
183 184
901 902
175 176
190 191
483 484
469 470
397 398
664 671
102 103
379 402
914 915
110 128
485 486
580 581
545 562
433 434
586 587
652 661
533 534
521 522
118 119
662 663
436
857 866
902 903
384 385
74 75
29 32
480 481
426 427
840 841
718 719
522 523
370 371
678 679
575 576
378 379
277 291
760 761
118 119
364 365
386 387
444 445
222 223
846 847
297 298
368 369
554 555
928 929
424 425
790 791
291 292
98 99
892 901
105 115
228 229
745 763
882 883
774 775
446 462
682 683
786 787
944 945
396 397
450 451
325 326
746 747
84 85
812 813
688 717
938 939
552 553
111 143
890 891
637 659
86 87
816 817
988 989
978 979
126 127
752 753
567 571
828 829
236 237
852 857
754 755
666 667
116 117
850 851
92 93
982 983
680 681
466 467
439 450
238 239
966 967
633 634
932 933
670 671
165 166
293 294
570 571
269 270
654 655
886 887
920 921
748 749
267 268
169 170
954 955
864 892
315 316
662 663
548 549
283 284
738 739
452 453
416 440
710 711
950 951
458 459
534 535
577 578
490 491
133 153
496 497
510 511
716 717
488 489
736 737
842 843
572 573
484 485
636 661
545 551
762 763
778 783
402 403
442 443
960 961
223 227
28 29
394 395
800 801
536 537
908 909
780 781
295 296
257 258
253 254
888 889
564 565
639 640
259 260
154 155
704 705
581 582
788 789
566 567
635 636
948 949
298 308
187 188
388 389
175 176
644 645
299 300
562 563
402 407
550 551
136 137
826 827
648 649
652 653
177 178
962 963
684 685
556 557
476 477
970 971
216 217
265 266
974 975
171 174
952 953
924 925
958 959
464 465
232 233
220 221
247 248
758 759
558 559
892 893
625 626
940 941
281 282
560 561
858 859
742 743
512 513
996 997
868 869
203 204
650 651
40 41
844 845
214 215
142 143
376 377
243 244
864 865
822 823
408 409
241 242
698 699
990 991
500 501
784 785
946 947
660 661
514 515
829 839
824 825
201 202
794 795
372 373
454 455
532 533
218 219
504 505
156 157
478 479
482 483
189 190
518 519
992 993
94 95
914 915
898 899
321 322
984 985
271 272
934 935
104 105
770 771
185 186
694 695
470 471
173 174
656 657
78 79
261 262
494 495
420 421
836 837
279 280
72 73
766 767
910 911
674 675
583 584
744 745
942 943
263 264
900 901
360 361
750 751
273 274
994 1001
148 149
112 113
693 702
876 877
912 913
520 521
956 957
36 37
323 324
146 147
838 839
96 97
631 632
255 256
764 765
434 435
880 881
313 314
856 857
876 890
309 310
526 527
714 715
311 312
506 507
805 823
150 151
922 923
986 987
516 517
179 180
980 981
82 83
446 447
382 383
108 109
249 250
438 439
972 973
870 871
124 125
538 539
152 153
772 773
212 213
629 630
195 196
508 509
167 168
100 101
440 441
43 44
530 531
818 819
918 919
88 89
208 209
502 503
544 545
926 927
778 779
80 81
277 278
524 525
460 461
690 691
808 809
734 735
810 811
792 793
498 499
120 121
768 769
210 211
672 673
109 129
585 586
802 803
930 931
973 981
132 133
307 308
740 741
34 35
301 302
623 624
994 995
317 318
412 413
410 411
712 713
732 733
706 707
362 363
160 161
183 184
700 701
528 529
162 163
820 821
848 849
688 689
205 206
199 200
138 139
380 381
414 415
76 77
627 628
305 306
540 541
32 33
896 897
114 115
158 159
452 463
968 969
228 234
191 192
542 543
579 580
642 643
722 723
197 198
866 867
904 905
720 721
664 665
936 937
285 286
916 917
468 469
234 235
874 875
390 391
404 405
275 276
38 39
730 731
398 399
422 423
474 475
193 194
964 965
884 885
860 861
472 473
834 835
102 103
692 693
724 725
676 677
128 129
832 833
806 807
403 429
637 638
430 431
319 320
686 687
331 359
428 429
287 288
211 237
432 433
854 855
486 487
798 799
245 246
796 797
587 588
392 393
728 729
804 805
702 703
906 907
140 141
998 999
400 401
492 493
144 145
106 107
90 91
418 419
181 182
726 727
668 669
358 371
251 252
272
277 301
446 447
25 38
388 408
412 427
493 509
544 559
204 227
376 377
503 504
340 341
530 553
126 127
425 426
524 525
182 183
227 228
472 473
418 419
192 204
482 483
11 19
386 387
360 361
67 88
62 63
295 300
315 316
448 449
572 573
515 526
54 55
522 523
44 45
576 577
462 476
114 123
82 102
582 583
56 61
118 119
21 22
274 296
254 263
64 82
39 53
380 381
220 221
100 113
172 173
390 401
329 330
311 312
505 506
234 235
139 153
406 407
194 195
218 219
382 383
267 268
273 274
299 312
259 273
19 20
464 467
336 358
561 574
229 230
387 393
534 552
493 494
300 316
519 539
15 16
408 409
555 567
134 135
317 318
178 179
148 149
102 103
182 191
535 546
281 282
478 479
344 345
96 97
558 559
23 24
253 254
285 286
73 74
333 334
434 435
372 373
429 431
588 595
484 485
278 301
592 593
124 125
66 67
387 403
544 551
184 185
588 589
530 531
577 593
534 542
128 129
204 208
166 167
422 423
573 587
92 113
303 304
85 104
590 591
106 107
177 191
364 365
362 363
158 159
77 78
578 579
97 106
483 506
554 555
563 570
168 169
454 455
493 504
511 512
558 578
584 585
378 380
401 406
455 477
279 280
60 61
417 432
7 29
28 50
348 349
94 95
166 188
398 399
45 61
310 328
323 324
200 201
183 195
291 292
88 89
438 439
361 384
249 250
346 347
528 529
247 248
274 280
160 173
84 85
463 468
352 353
327 349
397 447
25 26
138 139
118 134
476 477
152 153
550 565
544 545
203 218
342 343
100 119
374 375
156 157
192 204
325 326
346 364
263 264
474 475
480 481
71 72
259 260
49 54
307 308
226 250
416 417
257 258
370 371
160 161
245 246
540 541
460 467
90 91
538 549
400 411
518 519
460 461
287 288
404 426
53 72
507 510
526 527
48 49
108 109
573 575
356 357
277 285
64 65
31 32
391 399
144 145
208 215
438 453
29 30
251 252
176 180
501 502
436 437
184 207
154 155
50 51
327 328
210 211
309 310
325 343
502 521
556 557
92 93
384 385
208 209
390 402
241 242
321 322
453 459
410 411
9 14
566 567
491 492
126 140
262 277
116 117
596 597
139 142
425 448
427 428
470 471
440 441
319 320
367 369
150 151
358 359
133 143
301 302
241 263
486 487
38 50
452 453
171 184
539 561
120 121
196 200
170 171
146 147
270 278
269 270
164 165
316
340 341
77 78
233 234
29 30
328 329
619 620
115 116
527 528
621 622
465 466
399 401
27 28
413 414
195 196
409 420
394 395
151 152
649 650
451 452
109 110
372 373
322 323
306 307
378 379
332 333
199 200
298 299
320 321
39 40
392 393
655 656
388 389
366 367
360 361
85 86
304 305
324 325
555 556
396 397
573 574
513 514
459 460
137 138
55 56
133 134
364 365
521 522
67 68
185 186
51 52
487 488
171 172
599 600
362 363
49 50
356 357
284 285
169 177
288 289
419 420
119 120
189 190
411 412
268 269
595 596
148 162
423 441
445 446
625 626
107 108
517 518
308 309
581 582
145 146
219 232
467 468
231 232
234 252
442 443
135 136
417 418
376 377
93 94
292 293
316 317
270 271
661 662
518 541
43 44
569 570
255 256
19 20
641 642
173 174
71 72
593 594
450 461
161 162
159 160
519 520
352 353
211 212
257 258
97 98
286 287
215 216
187 188
37 38
259 277
79 80
495 496
276 277
111 112
213 214
203 204
143 144
91 92
95 96
565 566
549 550
503 504
456 477
645 652
440 441
163 164
11 12
326 327
125 126
651 652
334 335
543 544
633 634
296 297
149 150
455 456
336 337
129 130
559 560
318 319
33 34
344 345
571 572
465 479
531 533
21 31
169 170
403 404
123 124
370 371
529 530
47 48
457 458
613 614
190 213
131 132
507 508
290 291
99 100
580 586
547 548
665 666
617 618
407 408
209 210
205 206
577 578
81 82
53 54
83 84
511 512
627 628
89 90
23 24
615 616
629 630
282 283
348 349
390 391
63 64
515 516
482 505
221 222
225 241
463 464
300 301
73 74
217 218
609 611
57 58
485 486
117 118
139 140
606 618
533 534
575 576
525 526
523 524
354 355
653 654
59 60
253 254
45 46
483 484
505 507
15 16
541 542
537 538
69 70
553 554
56 63
499 500
183 184
605 606
35 36
310 311
493 494
386 387
620 643
471 472
191 192
538 564
271 281
88 106
113 128
623 624
330 331
177 178
469 470
637 638
261 262
181 182
302 303
405 406
342 343
491 492
31 32
13 14
501 502
479 480
358 359
141 142
127 128
235 236
639 640
659 660
642 666
654 665
280 281
167 168
563 564
551 552
338 339
350 351
223 224
421 422
449 450
65 66
535 536
272 273
157 158
249 261
475 476
447 448
406 410
165 166
312 313
225 226
587 588
201 202
147 148
41 42
247 248
17 18
121 122
179 180
294 295
567 568
384 385
346 347
434 435
263 264
105 106
473 474
603 621
603 604
579 580
73 84
398 399
591 599
631 632
497 498
585 586
382 383
368 369
557 558
589 590
509 510
153 154
481 482
197 198
278 279
219 220
193 194
601 602
438 439
87 88
380 381
16 29
265 266
101 102
314 315
561 562
667 668
374 375
597 598
647 648
138
223 224
62 65
94 95
235 236
348 349
150 152
368 369
363 372
409 410
361 378
358 359
131 139
86 87
334 336
342 343
390 410
389 390
221 238
247 248
78 79
391 403
239 240
111 113
243 244
103 122
129 130
324 325
163 164
400 406
169 170
356 357
147 158
395 396
362 363
145 146
245 252
253 254
154 164
116 136
365 385
332 333
329 333
64 65
123 124
60 61
157 158
229 249
221 222
125 126
393 394
248 268
233 234
70 71
76 77
323 343
328 329
241 247
58 62
350 351
146 155
276 277
387 388
378 380
248 264
260 262
131 132
165 175
46 47
72 74
319 330
44 45
122 137
117 126
159 160
99 107
74 94
77 81
237 238
69 89
401 412
389 392
385 386
255 256
138 149
352 354
68 69
246 254
215 232
52 54
313 332
361 380
374 375
268 269
346 364
359 375
342 349
217 218
101 116
165 167
270 271
400 413
397 398
115 116
231 232
227 228
101 102
99 110
117 118
380 381
50 51
266 267
338 345
219 223
84 85
256 271
207 219
137 138
153 154
403 404
66 67
143 144
266 284
53 60
56 57
113 114
62 79
48 49
91 98
141 142
360 377
346 347
261 280
215 216
364 365
121 122
161 162
167 171
413 414
359
327 351
70 78
813 837
850 866
487 492
48 64
39 70
406 412
629 648
222 244
879 908
908 918
12 42
879 905
641 671
125 140
582 611
208 209
803 819
546 556
192 210
448 467
407 408
67 68
380 396
863 864
685 686
425 429
657 673
449 463
351 376
413 442
865 894
631 643
371 384
904 922
765 784
851 878
676 704
194 210
493 494
517 518
901 902
371 397
711 712
324 325
255 256
507 517
650 665
612 900
551 552
311 339
353 363
520 545
681 682
77 102
340 351
854 877
447 464
506 530
549 556
77 90
467 468
350 351
509 510
624 625
37 64
241 246
362 364
298 299
944 945
503 504
279 280
574 575
302 303
354 355
319 321
434 446
306 307
603 621
924 944
801 802
470 476
840 852
701 712
60 90
879 892
235 236
603 617
251 252
587 588
435 436
849 850
811 816
147 148
224 241
917 935
779 794
834 851
873 874
579 600
479 480
650 651
240 271
346 357
249 270
510 532
281 282
389 407
196 197
197 346
656 675
495 496
377 378
838 865
547 548
605 610
617 638
445 446
688 712
925 937
367 398
253 254
841 855
887 914
440 458
207 225
510 538
310 324
539 540
897 927
115 144
701 707
439 465
501 510
261 262
151 152
724 725
39 59
860 877
459 460
405 406
303 315
933 934
58 70
573 595
133 134
667 672
553 559
224 226
477 478
638 659
906 926
367 368
675 678
340 341
542 569
837 838
491 504
231 248
372 396
820 848
889 913
546 571
140 171
797 798
239 249
561 562
690 697
125 153
573 589
629 642
360 361
141 161
774 787
498 509
728 729
865 866
460 464
312 332
471 472
489 492
582 588
525 541
328 337
576 577
269 293
42 70
289 319
330 331
491 510
238 268
686 699
37 45
322 323
136 152
306 310
895 896
37 38
200 230
841 842
213 215
588 593
310 311
374 404
257 258
398 399
499 521
629 630
341 350
782 798
654 655
217 237
532 562
767 794
793 805
419 424
648 649
421 436
707 708
468 473
589 614
284 293
805 824
601 626
315 329
638 660
938 939
127 158
229 230
411 435
429 430
767 787
690 719
565 571
670 676
271 272
453 454
188 218
839 845
597 628
419 442
44 51
413 433
330 358
439 443
832 834
715 722
388 411
418 427
890 921
857 858
57 58
534 561
647 662
673 689
296 297
521 522
541 547
47 48
622 623
911 937
375 401
784 813
695 708
262 286
73 74
632 636
381 382
940 941
326 352
365 366
461 481
884 895
699 700
364 385
879 900
557 558
426 436
247 268
533 553
311 335
243 244
431 432
722 723
724 744
275 305
134 158
525 543
33 50
826 827
893 894
878 886
480 488
623 631
486 497
674 703
246 276
714 727
703 704
913 943
575 582
210 211
337 362
614 636
868 878
921 924
823 852
784 814
411 439
551 576
517 545
499 517
925 943
71 87
582 613
238 254
877 906
401 405
547 576
406 426
867 868
801 811
925 926
831 842
693 724
543 563
65 66
202 203
390 414
33 48
265 295
679 680
673 678
231 232
913 932
855 881
891 892
227 228
356 357
851 871
57 78
902 921
243 266
631 632
327 350
643 659
530 549
476 502
799 800
616 617
336 341
204 205
578 591
288 299
277 278
475 476
909 931
663 667
340
322 323
523 530
587 589
861 862
129 149
541 549
644 657
877 878
169 187
311 323
184 202
683 709
25 36
725 726
285 310
207 208
663 673
817 818
863 893
256 275
352 374
743 750
36 37
756 757
816 839
67 82
606 622
589 590
503 521
661 662
336 343
393 397
792 793
21 22
485 495
429 438
267 268
609 613
760 778
84 88
295 297
420 433
470 471
669 670
12 16
222 251
730 747
315 316
584 594
422 438
209 220
548 553
641 642
177 195
915 916
294 308
283 308
88 106
407 409
355 379
180 193
256 275
256 392
351 366
62 92
913 914
761 777
432 446
489 504
716 737
257 279
665 666
797 798
908 911
169 199
330 331
909 914
929 930
638 656
108 111
67 68
915 939
754 755
382 384
535 565
418 419
500 504
32 46
807 808
484 486
855 872
938 939
879 890
656 658
50 51
198 199
396 424
867 868
136 137
385 408
810 816
778 779
657 670
322 351
285 286
546 547
431 443
724 750
500 501
485 502
226 227
558 571
211 212
348 352
406 414
5 797
647 648
607 608
451 471
611 621
608 634
352 353
98 99
299 300
339 340
112 122
119 141
373 388
213 217
542 543
105 118
582 583
856 857
276 286
631 632
354 355
579 580
311 312
216 244
758 768
324 325
439 440
237 265
727 728
544 545
710 712
383 396
679 689
21 48
515 516
20 40
459 464
164 168
655 656
569 570
397 398
239 268
414 415
435 438
809 810
674 684
234 240
494 495
509 510
365 366
380 393
304 312
159 161
762 783
220 232
851 852
750 751
145 146
210 228
830 846
473 502
19 20
518 549
871 872
60 61
187 214
556 557
535 559
507 508
11 12
202 203
584 599
474 475
645 666
161 176
513 514
752 755
472 473
833 846
151 175
820 843
523 524
386 408
269 292
776 796
923 939
839 840
230 250
499 525
526 535
766 767
439 464
106 121
356 363
62 79
481 507
605 617
65 66
252 253
825 826
584 585
234 265
259 266
42 65
452 464
25 26
140 162
909 938
150 170
293 294
580 607
618 642
549 578
677 678
416 417
481 482
168 169
859 884
812 817
561 562
916 918
376 395
784 785
718 724
567 568
445 449
147 148
56 57
560 588
85 101
241 519
920 936
742 762
89 90
638 649
42 43
410 411
798 825
246 247
645 646
835 836
236 267
40 41
731 732
675 676
846 847
788 815
280 305
758 759
68 87
174 187
291 292
634 661
217 223
785 804
168 184
401 402
676 696
337 350
297 314
624 625
58 59
863 864
73 74
347 348
468 469
692 720
352 376
716 741
831 832
764 765
807 835
760 766
753 783
374 375
663 686
907 908
510 527
597 598
308 339
869 870
257 270
873 901
914 924
48 50
429 454
805 806
264 280
185 186
23 24
449 463
737 738
554 555
665 686
143 144
788 809
399 400
190 191
381 402
358 359
221 235
142 152
571 572
521 522
29 45
162 163
622 623
467 482
92 93
198 205
740 743
813 814
335 336
306 317
912 936
662 678
52 83
164 165
920 929
91 117
407 433
281 294
326 327
726 737
263 264
280
543 544
295 312
329 330
310 313
33 34
368 369
259 260
240 241
536 537
46 54
128 141
507 508
159 179
328 333
34 35
38 39
342 362
371 373
236 237
487 488
247 271
427 428
128 150
252 253
213 214
419 420
417 434
541 542
122 123
104 109
253 271
460 461
200 201
253 254
10 16
565 574
446 452
393 394
191 192
314 315
496 505
553 554
504 505
31 32
148 149
261 262
527 544
254 255
110 117
545 546
49 50
238 239
436 437
540 541
574 592
392 402
42 55
256 260
593 600
334 337
132 133
436 437
539 540
50 51
335 336
352 363
289 302
479 480
409 421
161 162
150 151
487 488
200 225
292 293
176 177
494 495
502 503
521 541
492 493
152 153
396 403
532 533
181 182
273 288
82 83
353 372
467 477
506 507
281 290
94 95
36 42
244 245
13 34
380 381
566 567
65 78
576 598
24 29
555 556
194 219
173 183
320 321
345 367
115 118
74 75
31 38
59 77
485 491
115 131
438 446
429 430
582 600
248 249
307 308
387 409
483 495
72 88
247 248
58 59
530 531
205 219
569 584
473 474
186 193
577 596
106 112
301 302
16 17
548 549
366 367
290 304
523 524
358 359
5 12
500 501
160 161
155 158
386 387
155 156
288 301
18 19
191 203
119 120
485 486
18 42
78 79
571 572
130 145
190 191
178 181
404 418
279 294
422 427
348 349
180 181
152 169
584 606
477 478
475 476
4 23
333 346
581 582
56 57
6 7
60 62
157 165
603 604
67 82
74 92
408 410
8 21
100 119
317 341
481 484
157 409
46 54
268 281
45 46
65 66
197 198
370 371
446 463
139 148
408 428
232 254
378 395
466 467
403 411
341 361
354 379
240 256
11 32
141 150
340 349
573 574
411 412
478 487
106 107
240 259
489 490
209 210
72 73
383 403
583 584
96 97
122 141
365 366
448 466
43 44
73 88
586 592
27 30
558 559
92 93
261 275
297 298
245 246
69 70
264 265
453 454
441 462
328 329
406 427
320 344
360 376
561 568
320 327
316 317
195 212
350 351
602 603
437 448
451 452
606 609
542 563
165 166
391 392
356 357
277 297
294 295
458 459
76 77
52 75
498 499
485 507
327 328
281 295
378 387
197 209
170 173
562 563
552 553
22 23
428 450
193 212
468 469
92 96
550 551
521 522
333 345
318 319
506 507
187 199
42 50
460 467
29 30
494 505
64 72
115 117
569 571
98 99
557 568
100 101
440 441
262 263
259 270
272 273
83 90
350 351
547 548
304
207 208
338 339
776 777
432 433
766 791
709 710
717 718
792 793
817 818
780 781
232 233
188 189
35 36
236 237
493 494
628 629
318 319
70 71
199 200
482 485
482 483
104 105
467 468
683 700
328 329
293 294
462 463
248 249
414 415
131 132
394 395
416 417
313 314
621 622
326 327
151 152
213 214
804 805
212 730
642 643
665 666
565 566
74 75
117 118
585 593
14 15
24 25
87 88
37 43
459 460
820 821
37 42
84 85
376 377
113 114
810 811
380 381
770 771
457 458
273 274
567 568
97 98
267 268
798 799
698 699
298 299
223 244
410 411
47 48
385 386
584 585
686 687
206 226
757 758
661 662
158 159
510 511
320 321
364 372
621 645
144 145
824 825
219 220
786 787
127 128
438 446
32 33
423 445
22 23
538 539
574 575
378 379
18 19
715 716
452 453
30 31
766 767
257 258
330 331
784 785
186 187
553 554
129 130
295 296
271 290
89 90
790 791
412 413
382 388
738 739
424 442
418 419
234 235
115 116
197 198
209 210
153 154
102 103
778 779
389 390
123 124
49 50
271 272
413 425
808 809
217 218
68 69
560 561
39 40
731 732
306 307
178 179
723 724
748 749
64 65
464 465
696 697
261 262
740 741
478 479
692 693
713 714
812 813
589 601
350 351
223 224
56 57
201 202
605 606
721 722
405 406
227 228
78 79
291 292
782 783
636 643
322 323
806 807
725 726
355 356
119 120
684 685
617 638
702 703
759 760
741 766
280 281
447 448
241 242
609 610
595 596
497 498
580 581
336 337
139 140
180 181
255 256
667 668
690 691
742 743
542 543
252 253
502 517
755 756
443 444
43 44
282 283
100 101
822 823
469 470
576 577
489 490
363 364
76 77
653 654
205 206
396 397
58 59
506 507
184 185
502 503
800 801
304 305
495 496
682 683
746 747
619 620
135 136
269 270
544 545
401 402
13 40
678 679
106 107
612 613
250 251
203 204
28 29
82 83
547 562
16 17
244 245
149 150
121 122
62 63
562 563
491 492
711 712
352 353
225 226
253 263
133 136
639 640
617 618
680 681
649 650
361 362
190 191
733 734
66 67
265 266
80 81
673 674
548 549
342 343
72 73
437 438
631 633
111 112
669 672
344 345
182 183
137 138
590 611
633 634
9 10
646 647
439 440
487 488
407 408
346 347
569 570
615 616
578 579
284 285
403 404
796 797
125 126
600 601
370 371
455 456
688 689
372 373
802 803
655 656
302 303
195 196
662 690
332 333
475 476
348 349
744 745
160 161
340 341
49 67
423 424
374 375
659 678
706 707
311 312
652 660
211 219
546 547
91 92
289 290
504 505
45 46
428 429
582 583
626 627
26 27
536 537
704 705
60 61
299
264 265
254 256
149 150
147 148
245 260
512 521
697 698
285 311
525 549
192 212
296 322
426 442
530 550
184 201
695 717
287 301
218 229
311 326
556 574
220 226
739 747
168 403
198 199
748 766
559 565
795 799
342 354
138 155
272 280
293 319
607 612
712 728
76 100
707 708
782 795
637 664
200 219
634 635
201 210
548 573
262 271
344 362
51 76
151 152
590 591
621 644
194 198
771 775
173 189
761 779
96 119
163 181
658 668
646 647
609 611
87 93
176 177
282 304
534 555
86 103
180 181
352 362
293 301
693 701
672 675
716 737
349 369
587 605
730 753
131 132
571 597
595 616
172 198
298 323
723 724
260 267
718 721
135 136
705 716
111 123
153 169
613 614
676 688
144 169
241 254
325 336
132 155
560 587
778 793
618 622
668 671
292 293
133 150
788 799
196 207
253 272
722 731
200 206
126 153
550 551
71 73
748 763
284 291
342 358
106 121
236 237
688 703
646 661
316 317
537 550
328 329
92 116
585 612
564 586
595 606
587 605
109 124
521 547
514 542
420 421
237 254
206 230
195 222
683 711
678 679
536 562
232 233
121 128
726 732
326 347
234 235
753 767
332 338
351 353
350 351
69 70
274 281
317 334
48 69
123 126
141 142
246 247
280 283
756 773
661 688
142 165
109 130
424 436
781 796
632 633
691 708
170 171
411 425
654 661
244 245
747 770
206 222
544 545
685 708
219 227
112 133
506 523
333 342
656 670
597 622
776 777
230 244
310 311
218 225
417 442
650 672
77 78
582 610
315 334
616 624
587 599
55 66
778 785
595 607
61 85
430 431
142 166
162 178
237 261
89 90
103 104
747 775
663 673
90 113
345 363
559 580
94 113
558 567
501 528
567 577
314 328
671 683
782 783
626 635
646 660
664 674
572 573
216 236
763 787
58 67
85 103
242 259
267 273
163 177
690 705
299 324
559 576
697 705
758 765
115 116
642 647
562 563
742 758
668 674
152 176
711 723
615 625
433 436
67 86
166 167
773 796
347 358
319 331
781 796
272 295
740 741
734 751
338 339
625 626
634 642
605 606
424 425
525 526
94 98
164 187
578 579
587 607
745 769
302 303
234 261
72 85
653 674
778 779
363 370
183 199
258 277
129 130
747 761
568 575
513 529
99 100
505 530
247 249
303 305
427 443
303 330
185 195
521 522
190 217
523 526
208 210
615 631
206 228
666 689
118 133
276 285
202 227
740 768
770 781
742 743
171 176
328 354
636 637
690 694
259 284
107 123
435 446
733 746
727 751
282 307
709 714
132 140
436 437
633 661
336 337
536 564
624 649
580 581
294 295
71 93
643 654
566 573
353 363
688 689
171
152 153
297 308
367 368
132 133
233 234
77 78
255 261
285 286
28 29
323 324
359 364
211 229
52 63
223 224
296 303
42 43
223 233
34 35
396 397
347 348
315 316
311 312
211 226
314 332
417 422
423 424
355 356
154 155
300 309
113 114
202 203
369 370
261 262
104 105
255 256
40 41
22 23
90 92
289 290
203 216
85 86
225 228
291 311
115 116
161 180
353 354
419 420
135 150
96 97
38 39
110 111
198 199
265 266
156 157
32 50
101 109
316 331
146 147
128 129
325 326
205 212
376 377
331 332
52 53
160 161
373 377
122 123
361 362
32 33
313 314
69 70
289 294
204 205
365 366
412 414
108 109
267 268
382 383
168 169
30 31
13 32
120 135
160 165
247 248
100 101
291 292
295 296
409 410
88 103
405 406
54 55
348 354
340 352
166 167
380 381
386 387
92 96
130 131
251 252
401 402
94 95
417 418
83 84
338 359
10 25
242 244
349 350
237 238
137 142
61 62
329 330
259 263
392 393
126 127
380 392
407 408
133 135
230 247
343 344
384 385
31 51
158 159
148 168
101 104
65 66
371 372
263 264
38 56
63 77
337 338
241 260
57 72
224 233
394 395
301 302
18 19
72 89
206 207
303 304
124 125
245 246
335 336
70 90
36 37
411 412
238 246
188 207
140 141
142 143
307 328
390 391
283 284
209 229
1 357
249 250
218 219
50 51
20 36
196 197
335 350
190 198
378 379
221 239
73 76
403 404
56 57
307 311
333 334
79 80
339 340
312 330
346
629 630
270 271
389 415
623 631
645 665
118 133
134 135
116 117
184 185
142 143
701 702
378 379
396 397
428 429
170 171
589 590
501 517
596 619
552 555
659 671
39 54
340 341
206 207
639 640
632 635
518 519
320 321
478 479
339 345
329 336
484 485
482 487
290 295
647 648
336 337
110 111
49 71
673 674
506 507
160 161
496 506
7 8
229 237
132 133
648 658
310 311
646 671
214 215
316 317
37 38
100 104
689 690
554 579
212 234
412 413
1 27
679 680
655 657
500 501
609 610
480 498
252 253
96 97
310 327
298 310
492 493
68 90
202 203
15 31
24 46
623 638
148 149
226 227
616 628
580 585
687 688
460 481
168 169
360 365
22 694
356 366
530 531
192 193
250 265
307 311
282 283
235 244
665 666
637 638
234 240
106 107
174 175
420 421
58 73
148 167
1 27
629 644
597 598
699 700
595 596
540 541
222 223
90 91
180 181
218 219
546 547
607 608
511 518
186 187
434 435
21 22
68 69
561 568
456 457
107 117
419 430
71 79
42 55
644 654
248 270
176 177
494 495
5 6
596 616
12 18
352 353
476 498
212 213
641 644
56 57
579 580
240 243
256 257
290 291
504 505
653 665
128 129
466 469
262 263
534 535
329 343
88 89
254 271
145 165
609 620
459 464
508 512
460 461
314 315
231 252
380 406
246 247
376 377
187 196
395 407
203 213
429 451
77 91
685 686
354 355
194 195
107 114
293 307
318 319
397 417
294 295
565 566
189 201
490 491
242 252
472 473
200 201
338 339
695 696
583 584
182 183
404 405
172 173
528 529
436 441
382 393
324 325
264 265
575 576
201 205
122 137
122 140
268 287
497 516
537 551
138 139
558 580
29 30
602 628
78 79
350 351
144 145
402 427
156 157
532 556
474 475
416 417
33 34
599 600
372 373
34 58
693 694
60 61
152 153
39 40
268 269
188 206
538 557
296 305
463 489
509 530
445 448
374 377
253 265
71 78
332 333
80 106
19 20
394 395
522 536
496 497
154 164
502 503
190 191
336 352
370 371
412 424
580 596
274 275
104 105
216 217
573 574
124 125
432 433
328 348
522 523
676 678
442 443
230 231
667 668
377 382
306 307
601 602
25 43
452 453
613 614
444 451
654 675
659 660
559 560
518 528
276 277
480 481
64 82
544 556
358 359
604 625
280 281
150 169
386 387
538 539
92 93
62 63
587 588
266 267
272 273
550 551
244 245
410 411
636 656
55 77
294 316
422 423
336 351
66 67
435 441
300 307
102 103
356 357
536 537
368 369
149 154
418 419
643 644
497 522
697 698
224 225
342 343
366 367
84 106
86 87
430 431
13 14
278 279
571 572
673 676
94 109
154 155
178 179
683 684
593 594
238 239
623 624
473 483
39 55
436 437
458 459
382 383
114 124
691 692
43 44
319 331
681 682
288 289
388 389
470 471
569 570
112 127
120 121
7 26
114 115
16 37
210 211
271 288
296 297
563 564
591 592
448 449
542 543
35 36
9 10
392 393
166 167
651 652
617 618
17 18
228 229
45 46
360 361
439 460
139 147
120
58 59
9 22
54 59
32 33
227 242
242 260
12 14
149 166
81 88
116 117
286 287
142 152
128 146
173 174
192 193
114 132
318 333
174 190
301 318
319 320
186 195
229 234
94 95
307 308
24 27
317 318
209 210
186 195
144 145
62 63
143 153
11 20
85 102
285 291
299 300
71 83
6 24
282 283
55 71
8 10
274 284
276 281
182 191
329 331
185 199
144 150
211 217
248 250
6 23
68 70
211 212
302 319
129 137
230 247
53 68
4 5
320 333
251 260
115 129
105 106
257 271
89 90
242 243
65 81
239 242
48 58
222 228
302 312
162 175
205 206
250 251
212 227
160 172
124 135
115 126
38 39
150 151
203 216
133 140
77 85
77 78
44 47
211 221
70 71
139 155
33 38
127 128
297 300
85 86
29 42
229 236
21 32
266 270
41 46
135 145
254 255
26 43
43 59
197 204
150 164
164 165
219 224
301 302
255 272
316 329
311 317
79 93
56 57
136 141
49 55
2 3
123 124
177 178
195 210
290 295
284 285
181 185
158 159
98 112
246 247
71
143 153
19 27
88 93
136 145
53 54
183 187
29 30
182 183
77 78
152 153
31 34
119 120
128 140
70 79
105 109
162 172
129 131
90 91
63 64
169 181
12 19
137 142
125 126
61 62
168 169
174 175
145 147
184 185
176 177
99 105
117 121
121 122
127 139
100 105
57 58
180 181
12 24
59 71
56 69
33 44
162 163
71 81
94 95
177 182
55 56
22 33
37 38
10 11
5 6
48 49
106 113
123 126
88 101
154 155
17 24
70 71
27 28
158 159
122 135
160 161
115 116
45 57
105 106
78 82
12 16
187 189
147 176
132 133
113 114
102 115
92 101
249
303 304
51 56
369 370
94 96
287 291
108 122
98 105
452 471
10 20
347 355
85 86
371 372
297 315
101 110
412 431
117 122
33 37
20 21
372 378
130 143
379 380
265 275
456 480
345 361
410 411
151 164
472 477
244 267
341 356
1 11
24 40
149 154
237 238
405 421
307 308
52 66
288 312
526 537
419 441
256 268
87 108
199 213
367 388
211 212
447 471
136 137
299 320
123 136
202 206
381 399
282 303
343 352
242 264
384 398
89 100
169 178
339 342
263 282
118 191
173 191
314 334
261 262
309 317
309 320
134 135
471 490
147 154
407 431
221 225
277 299
393 405
215 216
488 499
496 498
21 29
245 260
164 166
277 301
27 39
11 18
323 324
419 441
108 132
115 137
372 395
254 272
140 158
80 85
384 385
242 251
310 333
196 204
270 294
450 461
67 69
79 80
181 187
386 387
92 94
5 9
105 111
336 337
428 429
53 54
471 478
63 70
537 549
434 435
1 8
87 88
524 533
530 540
495 509
180 181
192 201
426 430
359 360
25 31
37 57
224 229
447 456
259 260
355 371
422 431
479 488
524 547
500 521
228 231
385 402
478 487
445 465
103 110
219 220
251 262
232 248
536 537
501 508
25 29
544 554
161 178
98 109
531 553
108 129
33 49
396 399
317 330
345 346
527 535
352 356
327 328
80 99
510 530
48 58
445 446
239 241
430 431
438 439
116 126
155 175
130 133
468 469
496 504
399 408
204 210
208 224
299 319
396 420
72 74
271 284
541 548
160 175
461 463
390 412
406 407
63 70
58 72
451 452
249 263
213 220
482 488
349 352
542 553
32 33
353 374
508 509
51 69
437 455
167 190
200 205
85 94
472 473
13 27
502 503
486 489
430 448
456 457
314 332
537 554
414 435
230 253
375 379
301 314
361 381
396 397
271 272
60 76
289 302
433 441
36 47
83 84
279 282
274 276
517 525
298 300
538 551
514 531
301 302
484 489
7 19
167 168
22 34
517 533
148 163
224 234
41 58
507 528
186 187
466 467
69 90
534 535
489 505
231 246
14 26
201 224
374 379
356 362
392 408
471 493
335 349
188 189
241 242
314 335
73 89
128 129
208 231
196 204
504 505
77 78
509 516
245
200 211
690 715
712 713
130 135
564 565
284 310
435 436
76 89
689 706
301 322
395 413
426 427
766 778
736 764
114 124
730 731
312 319
381 402
720 721
389 408
751 752
185 186
328 345
357 376
331 332
95 96
422 423
353 360
724 725
381 405
734 762
364 365
113 114
425 448
337 344
574 577
379 380
753 754
65 91
143 144
280 283
704 705
237 238
288 293
412 420
337 338
576 580
555 570
540 541
319 320
722 740
189 190
747 756
143 154
681 682
710 711
566 567
266 267
270 271
749 776
197 198
173 189
158 166
398 399
737 738
207 214
294 295
214 215
534 537
745 746
768 769
203 228
275 286
714 719
387 401
294 317
172 196
373 374
687 688
193 194
333 334
141 142
171 184
538 539
433 434
292 293
552 553
168 183
710 726
224 225
772 773
335 336
277 293
169 194
195 196
81 82
163 167
668 669
572 573
756 766
168 169
246 253
103 104
774 775
437 447
136 137
582 609
519 533
416 417
347 348
256 261
662 663
124 125
179 205
546 547
93 94
345 346
658 664
706 707
313 314
274 283
337 342
105 106
733 734
549 567
154 172
114 140
199 200
582 597
670 686
311 312
547 572
360 361
395 423
693 703
83 84
132 133
296 297
244 259
371 372
79 80
554 555
706 711
232 259
148 149
542 543
536 538
298 299
268 269
761 762
288 289
101 102
182 200
150 151
347 370
207 208
286 287
358 359
174 175
582 583
138 151
218 238
385 386
111 112
238 255
99 100
410 411
726 727
91 92
741 742
770 771
147 171
747 762
222 243
375 376
557 573
343 344
350 352
381 382
530 531
226 227
325 326
570 571
271 288
666 693
707 735
417 438
383 384
689 690
677 685
727 733
550 551
262 263
88 92
154 155
766 767
527 535
377 378
544 545
170 171
97 98
258 280
413 438
725 746
579 586
403 405
553 558
650 673
439 440
402 409
150 166
665 667
228 229
126 127
362 371
694 695
408 430
115 116
109 110
243 271
206 232
222 242
327 328
147 165
233 234
557 583
679 696
746 765
220 224
255 274
249 267
315 316
424 425
264 265
118 139
678 683
348 352
698 703
38 683
319 341
126 130
309 335
304 317
548 549
107 108
171
451 452
161 162
359 362
551 552
483 484
415 430
345 346
436 437
393 394
545 546
460 461
395 396
303 304
64 75
331 348
373 374
518 519
512 513
178 198
365 366
414 415
171 172
446 447
522 523
507 508
462 463
534 535
389 390
499 500
491 492
525 534
157 158
350 373
69 70
444 445
418 419
524 525
501 502
381 382
371 372
321 322
208 214
309 310
63 64
190 191
228 229
234 235
420 421
403 404
173 194
541 542
299 300
572 573
432 433
150 151
163 164
393 413
399 400
533 557
564 565
468 492
167 176
224 225
152 153
520 521
222 223
305 306
458 459
339 347
468 469
214 215
159 160
424 425
312 323
206 207
210 211
543 544
218 219
363 364
336 337
539 540
375 376
142 143
330 331
570 571
349 350
187 188
192 193
434 435
528 529
359 374
131 152
458 474
566 567
547 548
474 475
212 213
313 314
301 302
397 398
430 431
343 344
355 356
181 182
505 506
177 196
313 330
503 504
238 239
65 66
377 378
196 202
236 237
357 358
359 360
497 498
487 490
73 74
196 197
165 166
387 388
225 247
315 316
198 199
230 231
408 430
422 423
146 147
199 223
520 541
408 409
526 527
549 550
220 221
383 384
481 482
507 510
442 443
210 224
558 559
406 407
319 320
494 518
476 477
416 417
369 383
385 386
71 72
391 392
466 467
495 496
438 439
175 176
185 186
493 494
177 178
421 440
326 327
562 563
144 145
489 490
202 203
456 457
514 515
169 170
560 561
307 308
568 569
470 471
472 473
410 411
5
9 13
8 9
3 5
5 13
9 14
5
5 7
4 9
2 3
9 14
5 13
5
2 8
6 14
2 3
10 12
4 14
5
10 14
5 10
6 11
4 5
9 11
5
13 14
3 11
4 13
6 8
4 14
5
8 9
3 4
10 14
12 14
4 10
5
2 4
7 8
2 5
8 14
2 11
5
5 9
11 14
4 5
5 6
10 11
5
2 9
11 12
8 11
11 12
9 14
5
4 14
2 14
6 9
8 9
8 12
5
6 8
3 8
7 12
7 14
4 8
5
10 13
9 10
2 3
7 13
9 14
5
4 7
7 13
9 14
10 12
11 13
5
4 11
11 12
12 14
12 13
7 11
5
11 14
6 11
9 12
4 5
9 14
5
13 14
6 8
7 12
8 11
9 12
5
1 12
4 7
2 14
3 5
1 2
5
5 8
11 14
7 8
4 5
5 6
5
6 12
7 14
9 10
3 9
9 10
5
5 8
13 14
2 10
5 14
6 7
5
11 12
4 8
12 14
3 4
1 6
5
5 11
11 12
5 14
11 13
9 10
5
12 14
4 11
12 13
8 10
8 10
5
7 12
10 12
1 2
7 14
6 8
5
7 11
9 13
5 6
7 10
10 14
5
6 8
13 14
7 8
11 13
7 14
5
12 14
1 9
8 10
6 12
5 13
5
3 11
7 9
10 11
4 8
7 14
5
3 10
5 7
9 14
5 6
4 7
5
3 4
2 9
8 10
7 14
2 12
5
9 14
7 12
4 7
6 10
5 6
5
11 14
6 10
5 11
2 6
8 11
5
2 3
5 14
9 11
3 9
5 14
5
7 11
12 13
4 5
12 14
6 7
5
8 9
1 9
11 12
2 5
4 14
5
12 13
4 14
2 3
1 3
1 14
5
2 4
4 5
6 12
10 14
4 5
5
7 11
8 10
10 13
13 14
3 4
5
5 13
4 14
7 10
10 12
8 11
5
5 9
2 12
5 14
9 10
7 8
5
6 11
7 8
9 12
13 14
9 14
5
7 8
8 13
4 14
13 14
8 9
5
9 10
13 14
6 9
10 12
5 11
5
9 12
4 5
12 14
3 4
11 13
5
10 13
7 9
13 14
9 14
5 6
5
2 7
8 14
2 9
1 11
1 3
5
13 14
5 7
3 9
7 12
4 5
5
8 13
6 12
9 14
11 12
5 8
5
6 8
5 14
10 12
2 3
1 10
5
1 2
5 9
2 7
9 14
5 9
5
5 11
4 6
8 14
10 12
3 4
5
10 13
4 8
7 9
11 14
12 13
5
6 9
7 9
3 4
12 14
5 11
5
12 14
9 13
8 13
8 14
2 13
5
9 14
4 13
7 9
5 9
5 9
5
4 5
9 10
8 11
10 14
2 11
5
9 14
9 10
9 10
5 7
10 14
5
5 11
5 9
4 6
8 13
13 14
5
11 14
3 5
7 12
13 14
13 14
5
11 14
13 14
6 10
3 4
5 10
5
5 9
10 14
5 11
1 2
1 6
5
3 6
5 9
9 10
12 14
9 11
5
7 13
9 14
3 4
5 6
11 14
5
10 14
7 12
10 14
7 9
11 12
5
11 12
10 11
3 6
3 8
11 14
5
5 9
6 14
11 12
8 9
9 14
5
9 12
7 11
10 14
6 9
5 7
5
4 5
13 14
2 4
1 9
4 13
5
5 6
8 11
13 14
4 7
3 11
5
6 14
10 12
10 12
10 14
4 7
5
3 6
4 14
9 13
9 11
7 10
5
4 6
2 11
2 3
13 14
4 5
5
9 10
7 11
4 14
13 14
4 13
5
12 14
10 13
4 5
7 9
3 4
5
13 14
10 14
5 10
2 13
9 10
5
2 3
13 14
11 14
6 9
8 13
5
1 5
1 8
10 11
13 14
3 11
5
2 7
11 13
4 14
6 8
10 12
5
5 8
9 10
4 14
3 6
12 13
5
5 8
10 14
13 14
3 11
4 6
5
10 14
6 7
4 9
7 12
5 6
5
11 12
10 11
4 5
2 4
6 14
5
2 5
8 11
9 11
13 14
1 4
5
9 12
12 14
5 13
9 10
11 13
5
5 10
1 9
13 14
3 7
1 2
5
2 4
9 12
6 8
8 11
10 14
5
6 9
12 13
2 6
7 14
6 7
5
7 8
4 5
6 7
7 11
4 14
5
2 8
11 14
2 10
5 9
5 12
5
2 5
9 12
4 7
5 6
6 14
5
7 13
11 14
3 6
4 9
9 10
5
8 11
8 14
6 9
6 11
6 8
5
13 14
8 10
8 12
7 9
12 13
5
8 14
8 11
7 10
13 14
8 14
5
12 14
4 8
7 9
9 12
11 14
5
3 14
13 14
4 9
7 10
10 11
5
10 11
3 6
3 14
1 3
4 9
5
4 8
9 13
3 14
10 14
9 12
5
5 7
4 11
9 14
3 6
5 12
5
9 10
9 12
12 14
11 14
11 12
5
6 7
8 12
8 13
2 6
2 14
5
1 2
6 12
11 13
5 9
9 14
5
5 7
4 5
3 11
7 10
13 14
5
6 7
2 5
2 13
13 14
6 8
5
9 10
12 14
4 8
7 12
7 10
5
5 9
11 14
4 10
6 7
12 14
5
2 5
11 12
2 6
12 14
8 14
5
2 8
6 13
13 14
3 8
8 9
5
7 14
3 5
6 11
1 6
9 10
5
1 3
11 12
2 9
3 7
13 14
5
3 5
8 10
12 14
9 14
6 11
5
9 14
13 14
4 5
9 14
2 4
5
3 7
3 4
6 7
1 14
2 6
5
9 11
10 14
5 6
1 11
10 11
5
13 14
10 13
4 9
2 8
5 6
5
4 8
8 14
2 3
8 13
10 12
5
3 7
9 10
10 14
5 8
3 10
5
12 14
9 11
2 7
7 8
10 11
5
2 4
13 14
2 6
9 12
5 6
5
3 7
13 14
2 5
10 13
2 3
5
3 5
9 13
11 14
9 11
9 14
5
8 11
13 14
5 11
11 14
13 14
5
6 8
11 13
9 14
5 7
11 13
5
7 12
10 11
4 9
5 14
11 13
5
12 14
6 9
9 10
6 8
8 10
5
11 13
3 9
2 3
1 3
4 14
5
2 4
12 14
9 11
10 12
3 6
5
10 14
12 13
3 7
3 7
5 7
5
3 8
2 14
1 5
3 10
4 8
5
13 14
3 12
6 11
12 14
6 7
5
9 10
4 7
3 4
13 14
6 12
5
6 9
3 14
1 10
9 10
3 5
5
9 14
8 9
1 2
8 14
2 4
5
3 14
9 11
7 11
11 13
12 14
5
3 6
7 11
8 9
13 14
9 12
5
6 13
9 10
4 14
11 12
5 7
5
3 6
13 14
3 14
12 14
4 5
5
4 7
5 14
13 14
7 8
4 12
5
8 9
4 11
3 4
4 5
13 14
5
7 12
11 14
7 11
5 8
8 9
5
4 5
6 7
6 7
12 14
1 14
5
12 14
6 7
3 8
4 5
8 10
5
2 14
3 11
9 11
1 2
5 6
5
2 9
7 9
7 13
7 14
11 13
5
3 11
9 11
12 14
2 4
2 5
5
6 8
11 14
1 3
1 10
2 3
5
11 12
10 14
1 4
6 10
10 11
5
3 10
2 8
10 14
5 11
5 6
5
4 14
3 11
13 14
10 13
7 9
5
2 13
10 12
9 14
9 12
2 7
5
11 14
8 9
5 9
6 11
11 12
5
7 12
2 8
7 10
12 14
9 10
5
1 8
8 14
8 9
11 12
5 14
5
7 14
11 14
2 5
13 14
3 10
5
9 14
2 3
5 13
10 14
6 12
5
7 11
8 11
1 9
6 7
13 14
5
3 12
12 14
9 14
10 12
5 7
5
9 10
12 14
13 14
3 5
6 10
5
1 4
11 14
5 9
7 8
9 10
5
5 9
6 11
1 14
10 11
2 10
5
6 10
3 9
5 6
13 14
11 13
5
8 11
3 5
9 14
2 3
6 12
5
8 14
6 7
11 12
12 14
7 12
5
8 11
4 5
4 5
9 14
6 10
5
11 14
6 11
6 7
5 7
4 5
5
9 11
4 11
11 14
11 12
4 6
5
5 14
10 14
6 8
2 9
7 10
5
4 12
10 14
10 11
3 8
3 12
5
8 10
8 10
12 14
8 12
7 8
5
7 8
6 8
4 14
12 14
5 6
5
13 14
7 13
4 10
3 5
8 13
5
4 5
6 9
13 14
6 11
5 6
5
13 14
3 12
5 10
4 8
12 13
5
3 5
7 10
1 11
1 8
3 14
5
5 11
3 14
5 11
12 13
4 12
5
8 14
3 8
9 10
4 7
10 12
5
6 10
4 8
13 14
11 13
12 14
5
12 14
2 3
1 5
8 13
4 7
5
13 14
7 9
10 12
5 10
8 9
5
8 9
13 14
9 11
5 9
8 10
5
5 8
12 14
9 10
10 14
6 13
5
9 12
7 9
3 14
8 12
4 5
5
3 10
12 13
11 14
12 13
8 9
5
1 12
2 5
11 14
1 4
1 3
5
10 11
9 10
12 14
5 7
5 12
5
6 7
7 12
12 14
3 8
10 14
5
5 10
12 14
7 11
8 9
9 10
5
9 11
8 11
4 11
3 10
5 14
5
12 14
5 11
7 11
6 7
9 10
5
6 10
2 3
2 14
9 12
1 4
5
3 7
5 7
8 12
10 13
11 14
5
4 9
5 12
1 7
10 14
4 12
5
9 14
4 5
8 13
8 11
10 12
5
9 11
10 12
5 12
10 14
3 14
5
2 3
3 6
11 14
1 10
4 5
5
12 14
1 10
10 11
3 13
2 3
5
1 5
1 2
5 11
13 14
1 6
5
3 4
12 13
12 14
1 13
4 5
5
6 8
2 9
10 12
6 9
13 14
5
8 14
3 4
3 4
7 14
4 7
5
7 14
7 10
3 5
3 13
7 14
5
11 13
5 6
8 14
4 7
6 9
5
1 14
8 13
8 11
2 7
6 8
5
3 14
4 8
13 14
10 11
1 9
5
1 8
3 14
1 5
5 14
2 4
5
6 11
10 12
4 5
5 14
10 13
5
10 12
13 14
2 3
10 11
6 8
5
9 12
13 14
8 9
3 5
6 9
5
4 9
6 13
8 10
3 6
10 14
5
3 7
7 8
3 7
4 7
12 14
5
10 12
8 11
6 14
1 2
6 9
5
3 8
4 7
13 14
6 14
8 10
5
9 10
3 4
10 14
5 6
5 8
5
5 11
2 5
5 7
11 14
5 11
5
3 4
2 12
12 13
2 14
8 11
5
5 13
7 10
11 12
11 14
3 4
5
2 12
12 14
7 10
2 4
5 12
5
3 11
12 14
2 11
1 14
4 7
5
6 8
3 10
1 2
3 14
5 7
5
12 14
11 12
9 11
7 9
6 8
5
6 12
7 8
2 11
9 13
7 14
5
2 3
7 8
11 13
4 7
4 14
5
7 8
13 14
4 14
4 6
2 14
5
2 4
6 13
7 8
12 14
9 11
5
8 14
5 10
6 10
7 8
4 7
5
9 12
4 5
12 13
9 12
11 14
5
10 14
5 6
11 12
3 13
7 14
5
9 11
8 9
8 9
12 13
4 14
5
9 10
5 8
13 14
7 9
2 6
5
13 14
5 6
11 12
3 7
8 9
5
6 8
11 14
8 10
9 10
6 13
5
7 11
13 14
12 13
6 7
8 9
5
9 12
6 13
13 14
7 8
1 3
5
2 3
8 14
6 11
1 4
10 12
5
5 8
5 11
10 14
5 6
4 6
5
6 8
2 4
4 5
12 14
9 11
5
4 5
11 13
12 13
9 12
13 14
5
3 4
8 12
8 9
13 14
7 13
5
8 10
2 3
9 14
4 7
10 13
5
6 8
13 14
5 7
7 9
5 8
5
4 9
4 5
6 8
12 14
8 10
5
10 12
8 14
1 12
3 7
9 11
5
1 8
2 7
13 14
2 7
6 7
5
9 13
6 11
13 14
5 6
3 7
5
7 13
10 14
6 11
8 12
11 13
5
2 6
3 14
7 11
4 11
1 4
5
7 12
7 10
4 6
11 14
1 14
5
13 14
8 10
12 14
13 14
12 13
5
3 6
9 13
5 14
5 6
8 9
5
10 13
4 9
6 11
13 14
6 8
5
10 14
6 14
11 13
9 10
2 3
5
8 10
3 7
6 8
10 13
11 14
5
11 12
9 10
4 11
12 14
10 13
5
13 14
6 9
1 5
5 10
2 8
5
10 11
4 8
7 14
2 11
5 13
5
12 13
3 5
12 14
9 12
4 9
5
5 14
5 7
5 9
9 10
5 7
5
3 5
9 10
2 4
13 14
9 10
5
11 12
9 14
9 12
7 13
11 13
5
5 13
7 14
7 9
10 13
13 14
5
6 10
1 3
12 14
11 14
6 8
5
1 3
7 8
3 5
11 14
7 12
5
4 8
6 12
3 13
12 14
4 6
5
13 14
4 8
7 10
12 13
8 14
5
2 9
5 6
7 8
5 7
5 14
5
6 13
13 14
1 3
6 13
10 11
5
8 12
6 11
5 9
11 14
6 7
5
5 14
7 13
7 12
8 10
7 8
5
5 12
10 14
13 14
6 8
5 6
5
12 14
1 2
9 14
3 11
6 9
5
2 4
9 14
2 3
11 12
13 14
5
2 8
13 14
3 4
5 6
4 9
5
8 10
7 9
12 14
8 9
6 8
5
3 6
9 11
3 8
10 11
13 14
5
7 13
5 8
7 8
8 9
11 14
5
9 13
8 10
2 7
4 10
6 14
5
7 14
12 14
6 7
9 11
7 10
5
5 7
8 11
6 14
1 5
4 5
5
7 12
10 14
4 6
6 7
7 9
5
4 14
2 4
10 12
9 10
3 4
5
3 8
7 14
6 9
8 10
7 10
5
5 6
8 11
8 10
8 14
9 11
5
9 12
12 14
6 11
2 3
4 7
5
9 10
9 11
6 7
9 12
9 14
5
4 10
12 14
5 6
4 9
9 13
5
7 14
9 10
2 13
9 14
2 4
5
6 7
8 14
2 8
2 3
3 4
5
8 9
8 10
6 14
8 10
2 3
5
4 13
8 9
9 14
2 4
1 8
5
5 10
2 3
1 3
8 14
5 7
5
3 5
11 14
1 4
7 8
9 11
5
1 5
5 9
4 5
12 13
11 14
5
12 14
3 4
5 7
7 13
5 11
5
7 8
5 11
5 14
10 13
6 11
5
7 8
2 14
1 5
7 9
3 4
5
10 12
5 6
7 8
8 9
12 14
5
3 7
6 8
6 11
4 14
10 12
5
5 9
5 8
2 3
3 5
3 14
5
5 11
13 14
8 13
7 11
3 9
5
4 7
4 11
2 9
12 14
9 12
5
4 5
4 14
6 12
8 9
4 11
5
8 11
9 12
8 12
7 14
8 14
5
6 10
2 10
7 10
4 5
9 14
5
5 14
6 9
12 14
9 14
7 9
5
9 14
2 11
2 3
11 13
6 9
5
9 10
8 12
3 7
10 14
5 10
5
8 9
7 9
12 14
8 11
7 9
5
10 14
6 12
6 7
4 10
4 5
5
13 14
3 14
5 11
6 13
5 9
5
11 14
5 8
10 11
2 9
2 11
5
10 11
8 10
7 8
11 14
5 6
5
7 14
11 14
5 11
1 5
2 6
5
7 8
2 5
10 14
7 9
3 9
5
10 14
3 4
8 11
6 11
8 13
5
7 9
2 11
6 11
13 14
10 11
5
9 13
10 11
5 9
6 7
9 14
5
9 10
4 5
5 11
7 12
9 14
5
13 14
3 9
9 10
6 10
3 4
5
3 9
6 9
6 8
13 14
2 6
5
1 5
2 3
8 10
4 12
13 14
5
7 12
8 11
13 14
12 13
10 13
5
4 11
8 10
7 14
3 7
2 5
5
6 10
6 7
8 14
8 10
8 11
5
4 8
8 14
2 8
8 11
6 12
5
11 12
10 14
10 12
9 12
9 11
5
9 13
7 12
13 14
12 14
6 11
5
8 10
6 11
7 8
2 5
2 14
5
6 11
11 14
8 10
5 6
4 9
5
8 9
3 8
5 8
8 14
6 10
5
4 11
12 13
12 14
9 10
8 13
5
9 13
7 10
11 12
7 14
9 11
5
5 7
10 14
10 11
7 8
11 12
5
8 9
9 11
11 13
12 14
12 13
5
9 11
2 14
6 7
1 8
9 12
5
12 14
5 7
2 6
4 6
5 6
5
8 10
4 10
10 14
3 13
4 7
5
12 14
7 12
12 13
7 8
5 6
5
7 8
7 13
9 14
9 11
8 11
5
4 8
11 12
4 5
13 14
3 4
5
6 14
3 6
1 5
1 3
3 5
5
3 4
1 3
6 7
4 14
12 13
5
13 14
1 3
4 12
5 8
3 6
5
1 14
9 11
9 14
8 12
9 10
5
13 14
4 7
4 11
1 9
6 9
5
3 9
8 11
7 14
9 13
10 12
5
13 14
2 3
12 14
10 11
4 13
5
6 13
4 5
6 14
6 8
4 11
5
7 11
8 9
7 11
9 14
11 14
5
4 7
5 6
10 14
11 12
6 11
5
8 10
11 13
7 11
9 14
9 12
5
13 14
5 10
1 8
1 14
6 7
5
4 6
7 13
3 6
13 14
3 6
5
7 8
5 9
10 11
9 10
10 14
5
3 9
1 2
13 14
2 8
5 6
5
11 12
5 11
9 11
8 14
8 11
5
9 10
8 12
4 14
5 7
7 8
5
4 5
7 8
12 13
6 14
6 13
5
8 12
4 6
7 14
7 8
10 13
5
10 14
9 10
3 8
6 8
12 14
5
2 3
4 5
6 10
7 14
8 10
5
11 13
9 11
7 12
6 9
5 14
5
11 14
9 10
4 13
6 12
13 14
5
9 14
9 12
8 13
8 9
9 10
5
4 12
7 10
11 12
2 14
11 13
5
7 13
11 14
7 14
7 8
8 10
5
6 7
5 7
12 13
3 6
11 14
5
7 8
3 11
5 12
8 14
2 3
5
9 11
5 12
11 14
1 9
7 11
5
1 10
4 7
10 12
13 14
6 10
5
5 8
10 14
12 13
5 9
12 14
5
9 14
6 8
1 5
6 7
9 11
5
13 14
5 6
5 10
3 11
5 6
5
9 14
9 11
4 6
10 14
10 11
5
8 12
11 14
3 13
9 13
9 10
5
4 9
9 14
9 10
2 7
3 5
5
7 8
8 9
9 10
6 8
9 14
5
7 8
11 12
6 8
6 10
12 14
5
11 12
7 13
7 8
11 14
8 12
5
3 14
10 12
10 12
3 7
12 14
5
12 13
6 10
6 11
9 14
4 7
5
1 2
4 14
9 10
4 7
1 2
5
7 11
5 13
3 8
9 14
12 13
5
3 9
6 7
2 4
2 14
2 4
5
4 9
6 7
4 6
7 10
13 14
5
7 9
2 4
13 14
5 10
2 8
5
8 12
12 14
6 8
7 12
5 6
5
1 14
8 11
5 6
13 14
3 5
5
5 7
7 10
1 7
4 5
12 14
5
11 12
13 14
10 12
4 6
4 5
5
1 8
2 7
10 12
12 13
4 14
5
13 14
11 13
3 13
1 4
4 7
5
5 14
4 10
6 8
8 11
5 7
5
10 14
2 3
4 12
12 13
8 12
5
4 13
9 11
9 12
3 10
12 14
5
6 7
5 14
12 14
9 14
6 14
5
11 14
4 9
10 12
6 7
4 8
5
10 13
12 14
11 14
8 10
5 11
5
1 11
1 11
11 14
8 10
12 14
5
12 13
10 11
11 14
5 7
7 14
5
7 8
6 11
7 12
8 14
8 9
5
8 14
5 11
7 10
7 14
6 7
5
9 10
12 14
11 12
12 14
12 13
5
8 11
10 14
7 11
2 8
8 10
5
7 14
12 13
1 2
5 7
2 4
5
10 11
1 14
7 13
12 14
6 8
5
12 13
1 5
11 14
5 13
8 9
5
11 14
5 7
8 12
7 11
4 10
5
4 6
4 6
6 9
7 8
3 14
5
7 14
6 9
6 14
7 9
4 9
5
5 14
5 12
9 14
6 7
7 10
5
8 14
3 5
12 14
11 14
9 10
5
12 13
6 10
9 14
12 13
7 10
5
3 14
10 11
6 7
3 5
11 14
5
5 6
1 11
6 14
4 6
4 11
5
9 13
5 11
4 7
3 14
5 7
5
12 13
3 6
2 4
5 11
8 14
5
1 3
3 14
1 3
5 13
3 8
5
12 13
4 9
10 14
5 12
13 14
5
6 8
6 9
2 4
3 11
10 14
5
3 5
3 6
13 14
9 14
3 5
5
1 14
7 11
7 12
7 8
2 3
5
1 3
12 14
2 9
8 11
12 14
5
5 12
12 14
8 9
9 14
9 11
5
8 14
2 3
8 12
9 12
10 13
5
10 13
3 7
3 13
1 14
4 12
5
12 14
8 13
6 9
4 10
9 13
5
2 14
6 12
2 6
9 13
11 13
5
2 8
5 8
7 13
3 4
12 14
5
6 13
5 6
3 7
1 13
10 14
5
11 13
10 14
2 8
11 14
9 10
5
9 14
6 9
9 11
10 12
3 7
5
8 9
12 14
8 10
4 9
5 13
5
2 13
3 13
7 10
3 5
12 14
5
13 14
7 9
8 10
5 13
8 9
5
12 14
5 7
5 7
7 9
4 5
5
8 12
6 9
12 14
7 10
8 14
5
10 11
3 5
5 6
13 14
5 6
5
6 10
5 9
4 13
12 14
9 11
5
4 7
3 14
3 10
9 11
3 5
5
1 7
13 14
6 10
13 14
1 2
5
4 11
11 13
6 7
6 10
9 14
5
3 4
5 9
7 8
3 7
4 14
5
3 6
10 13
9 10
11 14
10 14
5
8 9
10 11
13 14
6 11
6 8
5
9 12
4 5
8 11
13 14
12 14
5
10 11
4 7
4 14
6 7
5 8
5
5 14
9 13
5 8
10 11
3 5
5
6 14
12 13
12 13
6 8
6 7
5
7 8
2 14
11 13
4 5
9 12
5
10 14
3 5
2 6
4 5
7 9
5
2 3
4 14
1 9
1 3
7 8
5
13 14
2 6
7 10
2 3
4 5
5
6 8
7 12
13 14
6 7
5 7
5
11 13
7 11
2 13
5 9
13 14
5
13 14
4 13
11 12
4 12
8 11
5
10 11
4 13
4 5
2 5
13 14
5
10 13
12 13
11 14
3 13
6 10
5
6 9
6 12
8 14
8 9
12 14
5
2 11
6 11
11 13
9 12
1 14
5
8 10
4 7
3 9
6 7
5 14
5
10 14
9 12
3 4
6 9
8 12
5
6 9
4 6
4 5
12 14
8 14
5
2 6
3 8
2 4
8 10
2 14
5
4 8
4 7
10 12
8 11
5 14
5
7 14
7 8
10 11
7 9
5 7
5
13 14
4 6
8 12
3 13
2 6
5
9 14
5 7
1 2
1 3
9 10
5
12 14
12 13
3 11
4 7
8 14
5
10 11
10 14
7 8
11 12
3 7
5
1 3
10 11
8 10
5 14
7 10
5
7 9
5 14
7 8
5 6
7 8
5
9 13
10 13
8 10
9 14
7 12
5
6 11
13 14
7 10
3 12
5 6
5
7 8
7 14
4 14
10 11
9 12
5
5 7
8 9
7 8
3 11
10 14
5
12 14
4 6
10 11
4 5
4 5
5
7 14
7 8
10 13
6 10
4 12
5
1 4
12 14
8 10
1 13
12 13
5
11 12
10 12
11 12
12 13
13 14
5
2 10
12 14
6 12
6 7
8 9
