77140
24890
202795
289721
210085
125798
133480
24360
130805
39845
168647
129458
146053
180168
259583
3200
71233
59059
240978
214979
34908
12267
273053
31735
4628
274674
88806
125366
254570
167518
292889
244027
253465
230772
297862
87693
39085
62923
134187
123153
36315
27937
106358
274551
7988
85472
30782
74973
169111
121598
123805
157395
112247
86088
76346
221309
145897
238099
293679
178473
151799
272628
73321
110783
76667
236900
96392
144303
270156
217670
21344
12913
209328
116999
79366
200682
164436
135467
269407
249633
138806
237797
269591
273097
196056
9080
251486
170902
34255
187494
102124
164605
30959
88677
167201
152074
282323
174301
265614
286312
160797
143422
295753
280123
62573
243335
48511
20339
182039
140311
217911
257875
198446
20387
41007
40437
248097
236787
65356
198632
267331
270896
179042
58941
51814
264108
188853
259500
291562
104023
289417
45671
60135
244730
95973
165267
231626
157188
296034
111515
291687
179224
135614
164200
80152
71250
185301
140263
77249
102132
122101
7965
55030
243153
51898
232738
118382
99374
272279
258340
110010
57059
158249
247948
707
173347
75411
46338
211793
90598
29292
294323
149516
255380
39817
215527
234703
212585
11756
206371
176141
34909
210097
62289
160155
221724
52806
126688
21113
86986
230236
162095
161930
199321
266197
218914
182522
174354
103578
51848
290292
267155
37438
88970
60158
245058
35073
23872
207263
11482
140750
281466
65798
203392
112777
207833
95034
114784
79452
198881
240860
78824
60554
44940
20422
132425
238735
112221
82505
221533
143609
64269
19846
85887
291909
231521
155543
293463
40680
106303
38108
187679
61816
74915
32600
185760
86843
96708
182161
214929
42534
189213
103962
81004
55490
57174
100646
82643
18065
90672
297051
72157
208364
5467
51682
17275
103311
79761
4321
207451
35794
96708
192632
10694
155490
158345
5699
150626
56615
278383
297274
256695
289721
202518
140924
294349
105308
75210
220506
171300
125748
161634
161798
26540
284378
102842
108881
276606
144580
70073
104839
170159