100
7 3
2 2 -1 2 0 2 0
2 -1 0 1 -1 0 0
-2 -1 0 -1 2 -1 0
0 0 1
5 7
2 0 0 1 -2
-2 2 1 2 0
0 -2 1 1 -2
0 1 -2 1 1
1 0 0 2 -2
-1 0 2 -2 -2
1 2 -2 -2 2
1 1 1 1 1 1 1
7 1
1 1 -1 -2 1 2 -2
1
6 7
1 -2 -1 0 -1 0
1 0 -2 -2 1 -1
-1 0 -1 -1 1 0
-1 -1 -1 0 -1 1
0 2 -1 1 2 -2
-1 0 -1 -1 -1 2
0 2 2 -1 0 -1
1 1 0 0 1 0 1
7 4
1 1 0 0 0 0 2
1 -2 0 -2 1 -1 1
-2 -2 -1 2 -1 -2 0
-2 -2 2 1 -2 -1 0
1 1 1 0
7 6
1 1 -1 2 2 2 1
-2 1 2 1 -1 -2 -2
-2 1 2 1 0 1 0
1 2 0 1 -2 -1 -2
2 -1 -2 0 -2 -1 2
0 0 -1 -1 0 2 1
1 1 1 1 1 1
6 5
-1 -1 2 -1 -2 1
2 2 1 0 1 0
2 0 1 -2 -2 -1
-1 2 0 -2 -2 2
1 -1 1 -2 -2 -2
1 1 1 0 1
6 1
-2 -1 -2 -2 -2 0
1
5 9
-1 1 1 1 -1
2 1 -1 1 -1
0 2 1 1 1
0 -1 2 2 0
-1 1 -1 -1 1
0 -1 -2 -1 1
0 2 -1 2 2
-1 -1 2 -1 2
1 1 0 -1 -2
1 0 0 0 0 1 1 1 0
6 3
-1 -1 1 0 -1 -2
-1 -2 0 -2 1 2
1 2 0 -1 1 0
1 0 0
5 5
-2 -2 0 1 2
-2 -2 -1 1 2
2 0 -1 1 -1
-1 -1 -1 -2 -1
1 0 0 0 1
0 0 0 0 1
5 5
2 0 0 2 2
1 2 -2 -2 2
0 2 -2 -1 1
-1 -2 0 2 0
1 2 -2 2 -2
1 1 1 1 1
6 5
0 0 1 -1 2 -1
-2 0 0 2 0 2
-2 -1 -2 1 1 0
-1 -2 -2 1 -2 0
-1 1 1 -1 1 2
0 1 0 1 0
6 4
0 2 1 2 -2 -2
-1 1 0 -1 2 -2
-1 -1 -1 2 -2 -1
-2 -2 2 1 -1 0
0 1 0 0
5 2
-1 0 -1 -1 2
1 -1 -1 0 -2
1 1
5 5
1 2 1 2 0
1 0 -2 0 0
0 2 -1 -2 -1
2 1 -1 -2 -1
-1 0 1 0 -1
1 1 1 1 1
5 1
-1 2 2 -2 2
1
5 1
-2 -2 0 -1 -2
1
7 5
2 0 2 1 2 -2 0
0 2 1 -1 0 2 -2
-2 2 -1 -1 1 -2 1
1 -2 1 1 -1 -2 1
1 0 2 -2 1 2 -2
1 1 1 1 1
6 1
2 -2 2 -2 1 0
1
6 4
-1 -1 0 0 0 -1
-1 2 0 2 -1 0
1 -2 0 1 -2 -2
1 0 1 -2 -2 0
0 0 1 1
7 10
-2 -1 2 1 0 1 1
0 2 -1 -2 0 2 -1
-2 0 -1 -2 2 -2 -2
-2 -1 -1 -2 -2 2 2
-1 -2 2 1 -2 -1 -1
0 0 1 0 -1 1 0
0 -2 0 2 0 2 -1
0 -2 -2 2 0 -1 1
2 0 1 0 2 1 -1
0 0 -2 0 -1 0 1
1 0 1 1 0 1 1 1 1 1
5 2
2 -1 0 -1 0
0 2 2 0 2
1 0
7 8
0 -2 0 0 0 -2 -2
1 -1 -2 0 0 0 -1
2 -1 2 2 2 2 2
-2 -1 1 1 1 2 0
-2 -2 0 -2 1 -1 -1
0 2 -2 1 -2 -1 2
0 -2 -2 2 0 2 0
2 0 -1 2 -1 2 1
0 0 0 0 1 0 0 1
5 8
-2 -1 0 -1 1
0 1 1 1 0
2 -2 0 1 1
-2 0 1 -1 -2
-1 0 0 -2 2
1 -1 0 -2 -1
-2 -2 2 1 1
-1 -1 -1 0 -2
0 1 0 0 0 0 0 0
6 2
1 2 1 -1 2 0
2 1 0 -2 1 -2
0 1
7 2
1 1 -1 2 -2 -2 0
-1 -1 -2 1 -1 -2 -1
1 0
5 10
0 0 2 2 0
-1 0 1 0 -2
0 1 1 1 -2
2 1 2 0 2
-2 2 0 -2 2
2 0 2 1 1
2 0 -2 -2 2
2 1 -1 1 2
-2 -1 -1 0 -1
1 2 0 -1 0
1 1 1 1 1 1 1 1 1 1
7 9
0 -1 0 -2 0 2 2
1 -2 1 1 -1 1 2
1 1 -1 2 -2 -1 1
2 2 -1 0 -2 2 0
-1 -2 -1 1 2 -2 0
-1 1 -1 -2 -1 0 0
2 2 0 -2 -1 -1 -2
1 1 2 1 1 2 0
-1 1 2 2 -2 -1 0
1 0 1 0 1 0 1 1 0
6 2
0 0 2 -1 0 1
2 -2 -2 0 -2 0
1 1
5 6
2 -2 0 0 -2
2 2 -1 -2 1
1 0 0 0 2
1 -2 0 1 -2
-2 -2 1 -1 1
1 -2 1 1 -2
0 0 0 0 1 0
6 4
-2 -1 2 -1 0 1
2 1 2 -1 1 -2
2 -2 -1 1 -2 2
-2 1 1 2 1 -2
0 1 0 0
5 2
2 1 1 0 0
-2 0 0 1 -2
1 1
5 4
1 2 1 -2 0
-1 0 0 2 2
-1 -1 -1 1 -2
1 1 0 2 0
0 1 0 0
6 8
-1 1 -2 -1 1 1
2 0 2 -1 -2 2
-1 -2 -1 0 2 2
1 -2 -1 2 -2 -1
-2 0 -2 0 1 0
-1 2 2 0 2 -1
2 2 1 2 2 2
2 2 -2 -1 -2 -2
1 0 0 1 0 0 1 0
7 6
0 2 1 1 0 0 1
-1 -1 1 1 2 -1 1
-1 1 -1 1 2 -1 -2
0 2 2 -2 2 2 1
-1 -1 -2 -2 -2 1 0
2 0 1 0 0 2 2
0 0 0 0 0 1
7 8
-1 -2 -2 2 -1 0 1
1 -2 0 1 0 2 2
-2 -2 2 0 -1 1 2
-1 1 0 0 0 0 -1
-2 2 2 0 1 -1 2
0 -1 1 -2 -1 0 -1
-2 0 -1 -2 -2 0 1
-2 -2 -1 -1 0 -2 -1
0 0 1 1 1 0 1 1
5 3
-1 -1 2 1 1
-2 2 1 2 2
1 -1 -2 -2 1
0 0 1
6 2
0 2 0 -1 0 -2
2 0 -1 -2 1 -1
1 1
7 4
0 0 1 1 1 -1 2
1 2 -2 2 -1 -2 0
2 -2 0 -2 2 -1 0
1 1 -1 -1 0 -2 0
0 0 1 0
7 2
-1 0 0 -2 0 -2 -1
2 -1 -2 -2 -1 2 -2
1 1
5 1
1 0 -1 0 -1
1
5 9
-1 -1 1 1 1
1 1 0 -1 -1
1 2 0 2 1
-1 0 0 1 1
0 2 -2 0 -1
-1 0 0 -1 -1
2 -1 1 -2 1
-1 -1 2 1 0
0 2 0 2 0
1 1 1 0 1 1 0 1 1
7 4
1 2 1 1 -1 -1 1
0 1 2 1 2 0 -1
0 1 -2 0 0 -2 0
-2 2 2 0 -1 -1 0
1 1 1 1
7 2
1 2 1 0 -1 -1 -2
0 2 1 -1 -2 0 0
0 1
7 8
-1 -1 -1 -1 -2 1 2
1 0 0 -2 -1 1 1
0 1 1 2 2 -2 -2
-2 -1 -1 -1 -1 1 -1
1 1 0 2 -2 2 -2
-1 0 0 1 -2 0 0
-1 -2 0 1 2 -2 2
2 2 2 0 -1 0 2
1 1 1 0 1 1 1 0
5 5
-2 -2 2 -2 1
1 1 -2 0 -1
2 2 2 -2 1
1 -2 0 -2 1
2 1 1 -2 1
0 0 0 1 0
5 5
-1 2 1 0 1
0 0 -1 2 0
-2 2 0 0 0
-2 1 0 0 0
2 1 1 0 2
0 1 1 1 0
6 10
1 -1 0 -1 -2 2
-2 2 1 1 0 1
-2 0 -1 -1 -2 2
1 2 -2 -2 -1 1
-2 2 -1 -2 0 1
-2 -1 1 -2 -2 0
2 1 2 2 2 -1
0 1 2 -1 1 1
-2 2 -1 0 -2 -2
0 1 0 2 2 0
1 1 1 1 0 1 0 0 1 1
6 10
-2 0 2 -1 2 -2
2 2 -2 -2 -1 2
-2 1 1 -1 -2 2
2 2 1 0 -2 -2
1 2 -2 2 -2 1
-2 -1 -2 1 -1 2
1 2 -1 1 -2 0
2 1 -2 -2 2 0
2 -2 -1 0 1 2
1 0 1 -2 -1 1
1 0 0 0 1 1 1 1 1 1
6 8
1 -1 1 -1 0 -1
0 2 -2 1 0 2
2 0 0 -2 -2 1
-2 0 -1 1 0 0
-2 -1 0 2 -1 1
0 -1 0 -1 1 2
1 -1 -1 0 2 -2
-1 1 0 1 1 0
1 0 1 1 1 1 1 0
7 10
1 -2 1 2 0 2 1
1 -2 1 2 -2 -2 1
-1 1 -2 -1 1 -2 1
2 -2 2 -1 -2 1 -2
-2 -1 0 -2 1 2 -2
2 0 1 0 -1 0 1
0 1 1 2 0 0 -2
2 0 2 0 -1 -2 2
2 -2 2 -1 2 1 1
2 1 1 0 -1 1 -1
1 1 1 1 1 1 1 1 1 1
7 3
1 -1 2 -1 -2 -1 2
-1 2 -1 -2 -1 2 -1
1 1 0 2 -1 0 2
1 0 1
6 7
0 0 0 -1 -1 0
1 0 1 -1 2 -2
-1 0 -2 1 -1 -1
1 -1 -2 2 -1 2
-1 1 -2 2 2 -2
1 2 1 -1 -1 2
-1 -1 2 -1 -2 -1
0 1 1 0 1 0 1
5 10
0 -2 0 1 2
-2 2 -1 0 1
-1 1 0 -2 0
-2 0 1 0 -2
-1 1 2 2 0
2 1 -2 1 2
1 -2 -2 0 1
0 -1 -1 -1 -2
-2 0 -1 2 1
2 1 -2 0 2
1 0 1 1 1 1 1 1 1 1
7 7
-2 -1 2 0 2 -2 -2
2 1 0 2 2 -2 2
-1 -1 1 -1 1 0 0
1 0 -2 1 -1 -2 -2
-2 -1 -1 -1 0 -1 2
-1 0 2 1 0 0 -2
0 0 -1 -2 -1 1 1
1 0 0 0 0 1 1
7 1
2 1 -1 -2 0 1 1
1
7 1
-1 -2 2 -1 -1 1 -2
1
5 9
-1 -2 2 1 1
0 -2 -2 -1 0
1 2 0 -1 -1
-1 -1 -1 2 1
2 -2 -2 -1 0
2 -2 -1 -2 2
-2 1 0 1 2
0 0 1 -2 1
2 2 0 -1 -2
1 1 1 1 1 1 1 1 0
7 9
1 -2 -2 2 2 1 -2
-2 -2 -2 0 -1 1 -1
1 1 -2 0 -1 -2 -1
-2 -1 0 0 2 -2 1
-1 0 1 2 -1 2 0
2 -1 2 1 -1 -2 -2
1 -1 1 1 0 0 0
-2 -1 -2 0 2 0 -2
-1 0 -2 1 -1 1 -1
0 0 0 1 0 1 0 0 1
5 2
-2 -2 1 -2 -1
-2 -2 -2 1 1
1 0
5 5
2 -1 1 -2 0
2 -1 -2 -2 2
0 -1 -1 2 1
-2 2 1 -1 -2
-2 1 -2 -1 1
1 0 0 1 1
5 3
0 -1 -2 -1 0
-2 0 2 0 0
2 -1 -2 1 -2
1 1 1
5 2
-2 -2 1 1 0
1 -2 -2 -1 2
0 1
5 7
2 -1 -1 2 -1
-2 2 1 2 -2
0 -1 1 -2 -1
0 -1 -1 1 1
2 -2 1 -2 2
0 -1 -1 2 -1
0 -1 -2 -2 -2
1 1 1 0 0 0 1
7 9
1 1 2 1 -1 0 0
2 0 1 1 1 1 0
1 -1 2 2 0 -1 1
-1 -2 1 -2 -2 2 1
1 -1 0 -1 1 0 0
-1 -2 1 2 -1 2 -1
-1 1 -2 -2 0 1 0
1 1 -1 0 -2 1 1
1 2 2 2 -2 2 2
0 0 0 0 0 0 0 0 1
7 1
1 -1 2 -2 -1 1 -1
1
7 8
0 0 1 1 -2 -2 -2
-2 0 1 0 0 2 1
2 -2 2 2 1 2 -2
-2 0 0 -2 1 -2 1
-1 -1 1 0 1 -2 2
-2 0 2 2 2 2 2
2 1 -1 -1 2 0 -2
0 2 -2 2 -2 -2 -1
0 1 0 0 0 1 0 0
5 3
-1 -1 2 0 0
-1 -2 2 -1 0
-2 0 0 -2 2
1 1 1
7 9
1 -2 2 0 2 2 2
0 0 0 1 -2 1 2
-1 -1 0 2 1 0 1
-2 -2 -2 2 0 -1 -2
-2 -1 -1 1 1 2 -1
1 1 0 1 -1 -2 0
0 0 2 2 -2 0 0
-1 1 -2 0 -1 -1 -2
0 -2 0 -2 -1 -1 -2
1 1 1 1 0 1 1 1 1
6 8
2 0 0 -1 2 -1
2 2 2 -2 -2 2
-1 -2 -1 2 0 -1
-1 1 0 -1 0 2
0 2 1 1 -1 0
-1 -2 2 2 2 0
0 0 -2 0 -2 1
-2 2 -1 -2 0 -2
1 1 1 1 0 0 0 1
5 8
-1 -1 -1 0 2
2 2 0 1 2
-1 2 2 -2 -2
2 -2 -1 -2 -1
1 -1 -2 1 0
-2 0 -1 2 1
1 -1 -2 1 -1
-2 -1 1 -1 2
0 1 1 1 0 1 1 1
5 5
-1 -2 0 1 -1
1 -1 2 2 -2
2 1 1 -2 1
-2 1 1 2 1
1 1 -2 -2 1
1 1 0 1 0
6 8
2 -1 2 0 -2 -2
-2 1 0 -1 1 2
-1 -1 -1 1 2 -2
1 1 -2 -1 -1 0
2 -2 -2 -2 0 1
-1 -2 0 2 1 -2
2 -2 1 1 1 1
1 2 2 -2 1 -2
0 1 0 0 0 1 0 0
5 3
0 2 1 -1 1
-1 1 2 2 -2
0 -1 0 0 -1
1 1 1
5 4
-1 -1 2 -2 0
2 -1 -1 -1 0
-2 2 1 1 -1
0 -1 0 -1 2
1 1 1 1
6 5
-1 1 -1 2 -1 0
-1 1 -2 -1 -1 -1
2 -2 1 -1 1 0
-2 1 -1 2 -1 0
2 1 -1 -2 -2 0
1 0 1 1 0
7 8
1 -2 0 1 2 -1 -2
-1 -2 -1 1 -2 2 1
0 1 -2 2 2 1 2
2 -2 -2 0 -2 -2 -2
-2 0 1 1 0 -1 -1
2 0 0 2 2 -2 -1
1 2 -1 -2 1 -2 -2
-1 2 2 -2 2 2 -2
0 1 0 0 0 0 1 1
6 1
-1 -2 -2 2 1 0
1
7 10
1 1 -1 2 -2 2 0
2 -2 0 -2 -1 2 -1
2 -1 1 -2 0 -1 0
-2 0 -1 1 0 -2 1
2 2 -1 -1 -2 -2 0
2 1 2 2 1 0 0
0 1 1 0 -2 1 -1
-2 -2 -2 -2 1 2 -1
1 0 -1 2 1 0 -2
2 1 -2 0 0 -2 1
0 0 0 0 0 1 1 0 1 0
7 1
1 1 1 0 0 1 -2
1
6 5
0 0 2 -1 2 -1
2 -2 -1 1 0 2
-1 0 2 2 2 1
0 0 -2 -2 0 -2
-2 1 1 2 2 1
1 1 1 0 1
5 7
0 1 0 2 2
-1 2 0 0 -2
2 -1 -1 0 2
2 -1 -2 -1 2
-2 2 -2 2 1
1 1 1 0 1
0 0 1 0 -1
0 0 0 0 0 1 0
6 4
0 -1 1 0 -2 -2
1 1 0 -1 0 1
-1 -1 2 -1 1 2
2 -1 1 1 -1 -2
1 1 1 1
7 7
-1 0 0 -2 2 0 2
-1 0 -1 -2 2 2 1
0 -1 -2 2 0 0 2
2 -1 -1 1 1 -1 -1
-1 -1 -1 1 0 2 -2
0 1 1 -2 1 2 0
1 -1 1 -1 -2 2 1
1 0 1 1 1 1 0
6 4
2 1 2 2 -2 2
0 1 -1 2 2 -2
-1 0 0 1 -1 -2
1 -1 1 -2 -1 -2
1 1 0 0
6 3
0 2 1 0 1 1
2 -1 1 -1 2 2
0 2 2 2 -2 2
1 1 1
5 9
2 1 -1 2 2
2 0 -2 2 1
0 -2 2 -2 1
2 -2 2 1 -1
1 -1 2 1 -1
-2 -1 0 -2 0
-1 -1 -1 -2 0
0 1 -2 -2 -1
2 2 1 2 -2
1 0 1 1 1 0 1 1 1
6 1
0 -2 -1 0 -1 -1
1
6 1
-1 0 1 -1 2 -1
1
7 10
2 -2 -1 0 1 -1 -1
0 -2 2 1 0 2 -2
-2 2 -1 -2 2 2 1
-1 -1 1 -2 2 -1 -1
0 1 0 -1 2 0 -2
1 -1 1 -2 2 -2 0
-2 1 1 -2 -2 -2 -1
-1 -2 -1 -1 -1 2 0
1 -2 2 2 2 1 1
-1 2 2 -1 1 -2 2
1 0 0 1 1 0 1 1 0 1
7 5
2 -2 -2 -1 1 -2 -2
-1 -2 -2 -2 1 -2 1
1 -2 2 -1 1 -1 -1
-1 2 2 -2 -1 -2 2
1 1 1 0 -1 0 1
1 1 1 0 1
6 5
0 -1 -1 -1 0 -2
2 -1 1 -2 -1 1
0 0 -2 1 2 0
2 1 1 2 -1 -1
2 0 -2 2 2 0
0 1 1 1 0
7 2
-1 -1 2 -2 2 -1 -1
-2 1 -1 -1 0 1 1
1 1
7 8
-1 1 -1 1 -1 0 2
1 0 -2 2 1 -1 -2
2 1 2 2 -1 -2 -2
2 -1 0 -2 2 -1 -2
0 2 0 2 -1 2 0
-1 -1 1 0 0 0 -1
-1 -1 2 2 -1 2 -2
1 2 0 2 -1 2 2
1 0 1 1 0 1 1 0
6 7
1 -1 -1 1 -2 2
-2 1 -2 1 2 -1
-1 0 -1 -1 0 0
-1 -1 2 1 1 -1
-2 -1 2 -1 -1 1
-1 -2 1 1 -2 1
0 2 1 -1 0 -1
0 1 0 1 1 0 1
6 8
-2 1 1 2 1 0
-2 0 1 -2 -2 -2
2 2 -2 -1 -2 -1
0 1 2 -2 2 -1
1 1 2 0 1 1
-2 0 -1 1 -2 1
2 1 -1 1 1 1
0 2 -2 -2 -1 -2
0 0 1 0 0 1 0 0
6 1
-2 -2 -2 1 -1 0
1
5 2
1 -2 -1 2 -1
2 2 0 -1 1
1 1
5 5
1 2 -2 2 0
-1 -1 -2 -2 -2
-1 2 -2 1 2
2 2 -2 2 -1
-2 -2 -2 0 -1
0 0 1 0 0
