100000 50 3000
71283 89901 83058
3217 13457 29272
71980 77901 78981
6849 95815 52970
14188 66538 62099
15027 16144 86284
31419 44200 91849
1921 75848 48193
71475 72608 23258
7655 30937 15334
79006 82952 43057
53701 87385 12654
4428 71413 20018
37570 82936 15491
40501 77933 81513
57319 89943 77653
51100 77649 20949
20732 71663 16672
21673 40177 74462
10613 32951 50566
32873 55690 39501
60895 73287 71520
17497 67264 34717
51008 53260 97375
9430 39901 24029
62893 75446 69507
19877 89346 35997
43094 88422 43316
73474 92778 96373
55137 98171 97154
43245 77539 48080
49203 57900 35186
55593 88954 4645
59770 72835 46956
1593 94034 85210
58738 89535 23052
9573 95912 67041
14070 17819 30958
42950 53346 14948
34040 60021 36219
21098 28364 10486
27800 83939 37321
45367 85819 62237
46498 48631 27068
5342 20789 61635
41590 83504 74787
68677 93830 69247
22820 55139 61615
142 46134 80770
15481 70343 31410
41 54706 85506
9 977 77975
3 46477 59302
4 69045 79525
40 9186 46915
7 22067 3911
19 95049 22513
0 95855 29518
17 52173 70121
34 80712 13209
7 90556 6083
20 15300 59783
41 4788 38205
40 35182 11753
27 11012 21041
4 27705 37870
8 68468 74178
32 15447 89357
49 92857 11487
20 91143 9859
31 41830 89982
34 30039 65605
21 33069 57868
21 60454 63483
7 46502 53786
11 81951 28363
34 32560 39975
23 86481 45023
18 28622 29692
16 8466 46297
30 45709 76452
23 41863 56126
22 97858 28284
32 34526 51029
18 63176 77385
45 87143 96921
45 2993 72684
23 91615 91052
2 91206 93921
47 94915 39193
20 75868 6018
46 61845 29329
36 79614 12769
23 82454 71071
10 60874 81886
40 31888 88968
5 38757 12050
21 19686 37687
45 38168 77906
45 17497 30282
16 4397 60992
21 82018 6820
21 23244 68929
30 86679 7355
12 72181 42286
31 17060 32770
24 8345 39006
14 26922 32869
18 68653 2775
8 63042 90781
31 6303 17434
33 72906 89742
36 40108 57652
14 96012 48272
28 73182 83411
31 98463 15863
35 41406 79605
5 67729 5719
30 71521 76801
35 97795 42830
1 86512 95409
14 51426 58798
5 13844 56979
45 1639 49193
38 16208 43601
34 83284 45190
49 58880 61793
43 49344 85549
44 54165 25548
13 64849 87731
22 73703 88247
45 39621 14059
47 48313 64355
26 70674 90807
35 8700 91621
44 81046 94666
21 38246 55083
34 93307 71698
30 22642 15243
42 48309 3516
45 4508 26780
41 86063 9012
21 38647 80955
30 35322 90208
35 43894 77788
19 90503 31931
49 63714 10150
19 77942 18446
25 83353 98234
49 4453 55366
36 35557 69987
7 22249 52615
16 39089 62266
9 66990 9693
27 60686 14786
11 97386 4028
49 35520 7038
37 95734 47523
33 47487 30440
5 98307 24794
31 8222 92353
33 50564 57596
9 23484 32594
27 52598 61844
16 81104 93241
39 83087 10906
27 31727 32272
14 24328 37231
32 32378 67662
46 49580 91101
7 99789 38699
48 39790 78123
34 88581 11260
33 85542 18894
7 89603 17974
25 77925 87317
7 56716 22
45 60409 83697
36 34406 63325
21 71342 91882
36 83014 65737
0 30076 72409
41 27111 28243
18 23159 84996
12 81662 19238
4 27497 80977
4 1010 15251
39 9644 20270
33 78925 55541
1 74125 35379
45 38064 38996
35 93819 1113
24 18007 34702
33 59009 80928
25 7898 92739
30 38183 69392
49 22973 29362
30 77093 99876
46 3862 22015
9 80154 9865
1 22601 43130
41 47518 36507
33 28011 62025
1 24771 66044
1 57480 1866
3 70240 75023
2 21403 50603
35 17686 87128
43 61240 84023
1 76614 91488
49 44075 80861
16 99045 34551
47 48772 2116
27 61012 69206
29 41382 50346
5 16342 81852
12 16738 60102
19 71000 68318
13 86745 63857
48 63094 64971
36 25684 70594
4 4052 20722
23 14234 67099
30 5748 52871
24 42691 24891
19 17722 39989
12 92221 37676
40 60573 77998
38 78845 11291
9 14249 94640
44 82520 10862
9 77854 5224
38 87300 26361
47 84271 157
0 28869 99943
47 67977 1824
25 59256 78981
24 13781 54171
12 13640 30849
34 43597 44009
7 18522 55943
44 76886 90400
46 10102 15399
21 48592 63549
45 93136 13434
43 58767 66806
21 72881 22892
9 8495 32645
17 91870 98895
36 28891 1871
1 23152 73507
32 26323 66099
48 18460 30722
47 13433 83642
41 94526 24763
28 72091 72931
19 64140 58724
12 39498 44081
2 75842 1041
12 22430 82295
45 89191 46738
47 42725 92721
30 15482 9723
27 31875 61608
35 99729 88650
29 13719 60745
41 13691 56014
22 9838 37359
1 5509 24260
7 21035 30968
1 71556 97068
14 38105 52635
1 16965 62905
46 38853 84202
3 8953 17833
0 82475 87704
29 68914 85291
2 91067 9785
4 34730 47579
38 15455 48772
49 57509 44432
30 86024 27728
6 31387 81412
4 99459 16418
8 77962 73978
41 43114 8320
12 5432 39829
4 56622 3292
31 87292 9170
34 8248 36485
8 53899 71062
5 10659 24203
47 14632 43219
38 30298 35545
35 45948 58533
15 67496 12083
14 18165 34299
24 98204 11712
14 91724 50385
37 37165 93402
8 97991 57615
5 17367 56734
39 18094 36495
9 69705 72212
46 88113 21945
3 54627 83067
45 80036 14628
15 73893 29891
21 31498 15786
27 96176 13674
36 14352 1148
39 24277 43124
6 38874 98071
17 80440 83531
12 77547 83921
46 47782 53788
0 10775 15030
31 90723 76814
0 54920 96981
3 18887 41100
15 49587 9050
25 76449 18877
46 73534 97246
44 25011 75338
24 65131 55857
41 36352 96011
38 97202 13223
21 50541 91080
9 18754 41646
21 71912 86150
35 24632 27035
39 39918 61247
33 89040 28271
33 83804 10177
37 41497 69269
25 75218 83144
10 14270 78692
9 91996 83748
33 91769 59622
2 80152 34577
40 93558 18944
10 25184 42159
45 79288 12978
14 75609 97245
38 5082 7476
25 62707 72392
30 62192 85609
9 86729 69429
36 92152 30011
44 25880 35255
27 74021 26858
20 47314 54999
41 90085 940
19 45621 61867
35 114 52408
15 72934 1357
12 18025 63511
44 81901 51563
14 90347 6406
49 4064 79343
32 60195 70293
24 28140 80090
31 7088 37435
1 65471 93461
43 19907 46086
4 15318 18598
17 93322 24083
39 32994 83267
32 36087 88363
35 19775 50082
42 56418 83552
44 76330 97687
3 54801 55820
33 70176 90756
26 71377 74664
2 46095 61483
22 19785 4664
1 91806 9211
27 66251 84359
41 66768 69297
47 14715 20931
49 38981 86409
5 50135 45373
7 97284 29176
8 88733 26303
16 75166 11117
30 46780 50408
20 63549 513
15 46374 2795
0 25152 27506
23 34636 65996
34 1140 37861
29 62571 79439
23 91024 12160
6 88554 32351
24 26001 72629
23 93667 44713
22 43939 65023
11 40473 47567
39 81170 13066
40 93538 98889
42 49200 352
6 26384 85621
41 49970 79301
29 34605 48996
30 75601 37327
27 88420 53802
5 59104 84594
17 8931 90319
21 93115 86628
47 8271 26793
4 17039 37651
18 21422 36896
30 33797 78709
13 60706 93268
9 74141 92103
39 99910 7707
25 46230 11145
42 46500 48609
37 41748 86350
18 50132 93412
4 96 43077
31 14825 56717
0 89152 37332
40 46736 4500
26 66596 1515
30 32179 95349
14 36977 56986
42 38933 68172
46 88750 93675
43 3450 41549
22 56666 91499
33 70514 2834
42 22801 44446
36 61915 94737
17 74105 18910
35 71045 428
19 84411 1069
8 45748 82788
16 948 61871
17 2987 11261
38 12008 16780
48 49188 53954
44 50228 36537
18 45771 71999
14 60721 93161
10 76220 10131
29 71370 6834
6 67949 70863
39 39240 59427
17 89931 64685
13 60174 32679
6 67587 94312
8 32322 34387
16 92996 23540
20 4614 5362
35 37818 46780
38 43968 90379
36 85176 15916
15 95029 97068
21 72929 78660
33 39270 88979
39 93781 10243
33 33838 50510
34 78604 3754
24 94667 43569
19 97741 57739
24 75662 11449
48 49184 92755
31 4845 22778
24 43507 89402
38 7995 35773
44 35336 94920
4 86371 28006
44 12789 46237
12 58425 84718
48 41763 56240
49 47781 79997
31 14630 26231
34 30214 73419
4 53215 95431
24 68809 87868
1 3583 53231
40 53286 31754
21 72163 25607
35 11755 38708
19 17364 49110
1 60269 169
0 38276 92647
43 59380 91683
45 52962 57004
10 49300 95020
25 50240 70432
1 47251 86566
24 32624 50355
40 30171 88903
9 43892 67548
2 35605 56365
7 35669 22911
20 87104 23573
14 20344 26663
33 82901 32853
46 80410 92844
31 45538 80013
25 10362 58951
38 2043 56121
31 83529 10463
32 34579 72577
32 56183 93974
5 5434 38723
25 60967 85108
39 32917 63571
0 4240 36273
11 48214 67218
41 64265 72482
21 84489 38261
25 49191 69118
43 5144 43474
5 84384 98644
47 63241 91911
32 30151 31785
8 95964 28492
1 26684 81802
14 59369 59728
47 56837 58600
46 14993 25538
7 45627 82655
5 69802 65470
4 92562 5622
46 30237 56959
47 71778 93373
5 86140 48144
13 58605 84857
29 17872 65336
49 91292 53770
21 85053 85776
27 41216 64124
14 26079 58195
48 38933 10951
32 36292 84705
30 4035 66378
18 21989 59944
48 55415 95984
39 70855 87060
12 75503 20314
29 8466 46877
17 68637 11417
19 78160 97811
34 8704 32554
39 54461 89190
22 17418 44788
11 6508 6661
6 73494 78399
4 40737 87821
48 36963 68571
7 99116 33243
48 2541 68954
9 33679 82557
30 64282 65773
33 54114 66939
42 67424 25233
12 74005 23529
5 44236 18737
27 35410 12151
43 42551 54866
32 48640 56870
34 7598 57635
41 85635 9402
10 23524 62265
5 44117 98246
17 13659 21359
31 20227 27972
39 15039 69311
45 63352 85620
29 21818 92378
0 38229 81066
42 67804 78134
17 2565 10479
17 8683 67618
36 10150 58176
38 61084 16888
48 51677 91630
15 81654 24503
25 49697 12475
2 40049 75011
44 18358 27553
22 12930 71053
38 21803 24759
47 73269 20162
0 65302 66498
44 25996 66490
1 88557 19183
37 99950 1765
43 32940 69559
15 95812 49793
4 868 20697
0 98580 8936
16 6952 19841
36 88972 19333
13 43303 51696
24 20223 99304
28 76182 31502
8 93418 3313
16 18178 58600
17 55695 91580
8 66772 10700
44 73605 85800
17 91698 36497
20 13330 15445
6 78968 14947
36 77072 97203
19 67888 90689
26 9180 14594
15 13199 25182
0 63119 79074
10 17291 62087
40 40473 42503
25 39387 16569
9 22095 28962
14 45493 659
40 7688 71813
15 80502 80812
26 59781 15405
17 14520 73750
43 63373 5156
12 48045 54850
9 89999 20783
44 21134 95329
33 23935 46428
1 72864 82494
11 87783 36185
21 25067 50282
9 38350 54735
41 65307 77395
10 93703 7453
1 48830 97212
32 22041 38847
36 13069 50503
35 59167 36203
33 6874 77009
49 60442 8496
47 90369 14596
27 77375 95929
30 17268 68322
40 138 9814
4 13686 22353
31 90978 20811
17 31961 57538
30 84999 16360
16 80190 2337
19 53974 97546
34 35035 27049
7 63219 92663
2 3111 55095
19 14522 80273
1 62589 74353
32 34905 77220
4 37229 4455
47 97526 48050
7 47665 85456
0 80814 35868
49 75608 80773
11 18155 90238
19 94759 37795
17 74701 13165
6 91515 97007
29 80456 91739
44 53648 84197
31 50161 1608
20 70540 82917
47 80720 8615
42 9707 47250
16 87363 92445
37 41047 78063
33 89345 51915
47 40844 88226
0 80922 43334
6 85280 99995
31 57028 99420
42 69469 78749
29 69453 87630
40 68703 69225
32 80708 81758
48 67089 69449
23 78882 19723
9 83595 4709
3 85898 71799
40 77533 81963
5 7858 15175
44 77481 760
32 34660 15075
22 45195 62444
45 26659 37959
15 95804 70441
36 15137 67763
21 76117 8018
12 71695 92910
17 89134 54589
6 53660 71625
13 25439 39329
45 92843 43853
27 97539 41652
8 45269 55279
42 8283 88099
21 19239 77563
20 31004 65067
5 29349 41963
33 66487 29206
48 34321 14067
20 25011 83175
11 57684 94582
14 22230 22997
16 24321 42472
35 94662 35482
22 92410 13068
19 78046 19678
14 94335 39918
33 55989 80462
7 9035 33455
3 57109 97225
9 85420 86746
17 48297 15126
24 66345 87320
49 52858 53106
15 19927 62952
3 18127 32571
28 10938 23422
19 9923 12027
29 22307 78729
8 18353 20762
36 23498 78395
17 74726 85719
18 46293 21828
9 55873 72428
46 8699 44497
22 51551 89907
34 25631 68661
39 50459 34317
18 53890 45268
1 20300 71683
8 39184 2354
45 39295 93054
4 21242 48040
29 84779 16904
36 59546 27659
34 45728 58542
27 93274 58052
0 68260 75104
35 53433 57358
33 44011 61713
39 18563 34919
22 11818 20758
39 27050 74205
33 77763 14178
32 93860 7778
44 85182 42519
46 60562 91603
43 9656 45651
24 57806 60752
20 87657 2530
20 9851 48941
14 13130 56920
39 20850 72477
30 49292 54460
23 46086 85476
8 45708 48832
12 5060 39678
10 64159 80363
38 46497 50070
27 92959 22686
0 48858 93255
6 42425 55887
29 4820 50395
37 71312 92766
9 1990 65552
17 83614 95740
42 21491 28568
22 29243 40348
33 54259 81440
4 94091 70559
27 67073 75523
33 88726 44111
14 32911 55029
3 77971 90186
18 40735 60597
48 78922 6102
29 72115 15739
16 22265 21130
47 9261 50188
20 31459 97488
41 60841 81678
47 69652 88632
1 50493 92143
10 59487 13397
48 48346 99110
9 44032 44059
35 20021 28414
17 54567 41213
35 51617 90193
36 15265 53698
14 81673 14811
1 23402 26898
44 9878 23421
12 28517 55694
41 16034 47080
38 1993 6953
1 47992 34441
24 62539 83845
12 85564 28279
6 27044 62526
40 4017 66875
46 77004 7912
12 84910 11919
19 61902 94833
34 45784 54894
7 33576 72679
32 42453 74415
27 85374 54506
0 30426 70475
30 82900 88012
43 15462 21092
9 30118 40643
4 33361 57249
18 7355 28191
22 13747 68452
42 37558 84552
41 79622 83121
20 75804 25601
6 1885 83374
22 42186 19662
16 47958 77447
29 84178 1762
44 17452 18215
45 43204 45415
40 40814 92356
11 84412 98121
49 6981 12110
32 65600 87324
17 35843 37382
6 43993 86882
30 45798 62345
30 134 34448
6 42408 90553
5 92917 48823
41 60966 79674
35 54167 3982
4 63478 85441
33 59903 28278
46 11401 26392
46 124 40639
26 61093 61484
4 37072 99024
5 62201 85144
13 59669 82462
32 26207 97401
47 9578 19573
12 48132 95935
49 49716 29875
49 74603 81983
26 67783 81558
15 57431 57830
14 1787 91011
20 36560 72350
36 92420 35818
1 68673 17095
16 87668 53088
5 98349 6061
14 61191 77778
39 8508 8688
30 99273 56030
24 98765 45282
6 63914 66509
16 86364 71219
7 39590 5507
13 83011 21132
26 32140 87023
38 21986 69831
6 88708 35254
24 31806 66269
23 94291 9381
47 9116 43130
40 28535 63652
42 21610 29330
12 76074 12894
11 10379 12141
26 86468 63194
10 81568 27404
38 39449 65242
20 29376 38714
26 6273 6900
34 46783 60941
18 11050 65187
19 73769 91105
16 59618 72375
15 72523 80924
17 40320 9889
21 88665 403
37 75446 4542
20 11726 33154
43 12951 17920
41 12241 72398
12 71094 99306
16 57811 99345
35 43152 76005
29 89192 6838
16 56342 26045
19 47400 69545
48 19171 27563
38 24662 29816
35 74348 96221
22 45924 86260
13 96695 57035
24 33678 98156
14 95202 28496
5 14257 57438
37 77559 79038
15 60630 71788
26 13899 32569
5 50284 16997
38 21919 22483
27 5864 24632
34 58282 82597
22 24691 45128
26 94241 14512
3 26653 85916
21 90459 72701
1 1063 31246
9 20997 30066
29 59367 79267
11 60153 67088
32 51006 65414
11 20220 46865
18 5496 87256
33 20842 46520
43 58124 64941
0 78560 7132
10 92992 10039
49 33510 61441
46 23467 39586
30 26332 35882
37 92090 1917
11 49493 81835
18 73468 29640
39 14122 22951
48 71083 3336
46 10238 74017
21 97554 60018
46 66786 33883
33 26215 77873
21 49607 6224
20 41814 63368
48 56538 57683
18 26957 35430
9 75668 18864
24 56186 85530
23 79948 97378
8 8856 28206
10 24382 12330
32 61412 87309
37 59728 78888
30 81607 31400
30 99504 11348
39 32734 12788
13 93524 47582
13 6131 31112
12 6312 77008
49 89006 60839
7 60208 74734
18 62937 18367
2 90959 52822
45 76982 2095
25 10410 23495
9 42990 45092
13 12467 63764
11 59412 90231
6 43926 66935
15 11754 94826
45 26536 28846
40 25531 67047
1 62426 69087
4 71072 19665
19 30287 42465
23 2546 13758
21 32659 12517
34 49123 73478
23 94068 18259
17 41930 70615
37 60051 62871
5 75780 47460
8 36214 84620
22 9194 42389
20 62517 92864
23 38185 8215
38 78604 6167
15 27365 88615
14 59985 66653
13 8397 11583
1 9302 34464
47 62424 64121
27 70132 25436
1 42719 11666
16 93765 66983
26 92047 53226
21 37173 13471
34 4895 11383
24 67297 68665
49 79267 84843
11 38441 93313
29 55179 75458
43 47747 58939
11 92368 94050
2 16436 46588
5 3042 52514
32 85010 46833
38 43599 74177
5 16937 71564
10 25924 84511
36 77977 94419
13 47274 62067
35 80399 16198
4 46172 96466
8 28949 31852
35 67777 23854
29 81459 52750
36 33587 56442
18 37223 45626
49 32254 80562
28 20366 45308
13 87702 40473
46 43283 92643
41 98675 2935
0 55936 24621
17 56902 51673
25 21200 93370
11 60607 80378
30 93906 82218
12 23495 27685
36 75001 2654
26 3511 84877
6 11928 18391
5 22101 45118
42 38333 69870
5 33196 59896
35 55955 8856
35 36976 84798
14 60672 29809
25 73011 3153
2 39858 1248
1 55068 67934
1 78389 1724
2 8456 53403
24 80782 97522
12 70167 74098
23 14180 37135
39 28046 68313
38 14860 77871
6 24786 50596
35 52124 66243
23 66654 73553
9 81358 16819
38 10854 25176
46 21696 78716
48 87261 99204
33 82950 29007
45 97009 36537
39 59307 67857
28 87558 89800
25 64862 56006
25 99565 96547
45 73695 82973
33 80348 57075
14 62131 33128
19 46610 14220
10 22062 42478
40 18420 72530
24 40811 43012
40 54473 97661
34 60833 63082
3 26507 11979
20 21388 38663
37 89269 57764
47 96437 53626
21 51669 88560
28 24507 55129
43 43287 68363
14 43609 5833
31 52715 83629
6 55888 68146
18 26160 6707
29 20057 48204
44 79624 98443
21 2255 43642
32 50895 78427
22 85409 11627
18 55051 71969
13 95258 42051
5 85756 90162
36 68568 10969
23 92729 60603
27 5432 45265
37 67560 79948
27 88045 49743
3 50027 71871
43 1710 8674
42 73718 31252
16 21845 46081
6 55202 96863
44 37247 61514
47 52054 57426
41 1226 5701
48 94475 96260
5 30545 4654
7 58688 75576
31 24337 68654
4 16940 8759
42 81475 2622
44 19711 34213
18 14842 80797
12 86146 1064
5 21640 24330
31 81743 9864
49 25758 80917
7 86020 38148
29 80585 39176
15 37976 11588
26 86617 65814
38 67529 68699
8 63717 37042
3 54989 63047
32 39516 24248
44 48535 70697
22 1094 68231
47 81724 11450
7 27341 60897
20 84536 8372
17 26825 40751
19 95139 20537
47 37293 96246
43 83628 5080
46 53542 46196
18 50912 74819
39 15441 75115
24 23796 26218
32 41612 53976
23 40235 89584
14 92875 19262
20 91513 93385
44 72389 72402
20 85723 9424
4 8739 19038
32 21783 64296
28 4457 37848
1 2059 18280
44 70386 76826
46 18495 80347
20 66650 23516
22 89146 95503
10 56704 56831
16 82043 12503
2 40783 55559
30 10471 17939
47 17203 38367
25 37444 93822
3 60560 95460
41 61880 13083
28 18793 35082
23 80119 3748
39 74208 81507
6 14529 36673
23 35174 79248
46 59001 11058
47 19747 46289
0 72911 9502
2 82185 33195
46 36417 3982
7 17330 81464
36 85327 34491
40 47114 75286
7 6496 20981
47 82057 89137
1 6426 53152
4 96606 97438
49 46139 72048
25 62947 25292
2 84525 9854
38 9553 19111
40 80027 26668
7 49933 66298
34 56722 70779
7 2842 36564
19 49847 53316
14 26615 97121
8 98062 59312
3 97492 24390
6 46013 55705
48 67396 70509
15 3966 53513
44 54598 75734
47 88764 10662
41 39983 49843
45 94510 4679
14 83375 50030
27 82296 1068
15 30899 97285
21 51550 53722
2 84787 97602
3 79033 15348
39 86645 75985
27 8539 23162
13 4288 43626
43 36599 25819
47 15598 72895
31 16681 5606
17 27098 47785
2 96284 9243
8 22285 67116
30 30642 55604
39 83291 46069
20 43919 91634
28 28335 44823
8 31474 40804
19 2057 6406
28 89271 33920
36 60108 82254
14 74596 20767
38 10508 33092
25 53613 79955
40 37434 75042
37 88436 37950
5 55929 87680
0 20491 92768
14 46169 47415
49 10110 16505
7 62117 44629
13 38730 16284
8 34413 42521
25 29941 89382
34 79877 42905
5 69801 82857
36 20974 27856
22 27262 86389
6 52470 72278
12 40109 44038
23 13410 29869
11 96490 97768
6 42087 44187
37 1128 1945
23 57673 70175
7 24614 30831
42 12399 70767
13 96478 587
48 67178 71105
9 5955 17306
29 51808 1007
24 34941 53067
17 83726 12980
30 82223 87199
35 91530 50969
38 21351 5013
48 58537 62085
1 70847 84625
5 39161 58810
43 83767 42532
19 55089 13483
48 23616 69324
16 12479 64039
40 63422 71353
49 62102 71549
31 43004 84356
3 12207 85935
16 22620 44751
27 72807 2333
45 82822 16344
45 33035 37363
17 31265 94873
18 18443 56365
21 30755 42645
49 58167 70867
12 34447 78464
25 5651 61940
16 91344 7726
23 39109 63522
12 8048 8206
7 67327 3559
18 16368 36884
15 24675 75542
4 75333 85886
45 75631 90127
38 6494 74778
34 75545 86713
26 70938 2831
26 40579 56034
19 62937 84435
31 29773 70242
21 90919 5635
26 15835 16750
26 48080 58680
43 84868 35788
19 85227 86833
15 54676 15252
11 28120 73203
6 8193 10632
3 39041 67296
33 2352 58897
38 97732 28770
33 7252 41479
41 64690 82191
22 67001 1264
30 2055 37436
43 17148 50173
42 33496 75523
14 22534 50483
14 49471 34614
43 88379 13273
3 54045 56360
22 62481 64681
38 17325 91151
13 92163 24956
35 89756 2345
34 65735 5202
5 73762 94315
22 10001 87169
5 3383 8325
34 45654 98582
18 50303 73598
19 20598 35965
43 20993 24026
16 9825 39353
26 50606 67466
48 7273 9250
44 36502 44391
43 71443 55132
31 64710 91053
37 39621 12807
44 43962 46178
28 86704 38216
44 57853 13600
23 2411 28138
13 72277 25759
15 39103 72617
40 12947 58220
2 44359 56422
5 32970 45285
36 11685 13521
34 38630 32199
35 94554 7296
15 48855 84805
23 52545 87319
31 22684 72854
45 9422 68296
5 18508 26747
2 81187 5128
15 49005 89831
11 19573 87243
27 25174 37254
38 88974 95432
13 511 19141
24 71857 9146
8 11030 97637
25 55360 74213
11 86877 89985
2 92192 64867
25 41552 8183
32 44150 10334
1 90816 51794
13 95177 21404
14 9994 29024
13 77422 96770
42 35129 39195
15 82030 43726
3 97027 314
49 62576 25505
28 72889 91092
27 35078 47315
40 43952 55212
10 49970 77677
11 58117 97848
14 77607 13455
10 82462 26174
15 51224 55010
0 94939 95483
34 80245 89179
6 10290 20754
19 84095 86760
44 64609 94219
25 41341 4623
17 62150 87891
37 43827 74367
36 63099 21762
17 29648 85790
30 55346 71716
4 98493 35773
12 34858 99794
46 637 5503
12 31893 77353
0 83816 26486
24 4647 5684
4 1804 10497
13 53264 74413
24 93442 13843
15 83768 58459
27 21688 52612
24 65300 98264
22 88275 13668
23 48072 95455
30 38324 44766
7 49866 83522
11 26539 3939
37 45268 77910
13 57498 87532
9 66134 47542
36 78633 8168
32 16581 79568
2 12109 77707
16 39815 58591
33 90466 48017
49 83562 88379
0 91318 92146
26 81542 95029
19 70483 83983
33 88572 23925
20 48867 10541
1 65641 82559
19 2630 34984
47 53390 11595
31 6120 28479
34 5477 9457
7 20150 76416
22 33162 44920
43 73267 18473
22 79739 80549
23 87342 87955
44 73074 24086
9 20575 62670
41 81282 59108
34 81094 13564
27 88654 89293
29 42918 93679
18 29222 4688
16 41385 58749
0 7454 53358
40 18277 42965
28 88455 89002
33 9309 25248
33 47913 3186
31 4935 61738
21 88527 59334
43 77963 85473
48 17207 40180
25 37127 46943
49 24270 97516
33 44811 79257
4 66547 12963
18 85674 18481
21 47362 60953
28 9777 40317
7 82321 37587
10 61861 90604
33 51289 81349
7 55019 2942
47 69795 79134
18 6228 17847
40 431 59757
26 15977 29966
33 7833 41331
37 10046 23613
19 67888 88830
27 73193 2663
37 46467 49565
15 52076 78043
47 64236 34732
40 77395 4541
19 49007 28803
41 10345 60609
30 48331 55082
8 74524 78921
37 50461 92493
12 50042 97863
7 15608 48256
9 18910 89414
26 52928 6484
28 46370 58780
11 17588 54002
46 65509 80994
2 90830 61588
29 49296 19203
12 20545 64925
13 69154 6960
4 28015 352
34 43690 3267
23 82689 37875
43 64093 7108
46 62042 69615
15 46283 12050
15 27144 52472
39 93381 8697
46 91285 571
40 65560 10342
38 10861 50127
11 56831 27378
33 70145 5014
12 71128 79729
33 97462 34608
31 11666 32478
23 48595 1392
37 28587 31167
32 18291 59725
41 94458 95132
8 37106 42689
21 90514 65132
28 42980 51822
46 95849 41757
2 92867 93099
35 31646 2809
41 89000 17013
38 25518 79333
48 12426 18878
41 18502 82110
11 79149 19976
21 23935 48373
31 45475 64543
39 33325 7683
10 41128 61394
26 64179 6721
30 18153 81510
29 76062 15468
24 63471 19413
4 20344 68541
48 90041 9806
20 19166 74116
1 14396 79102
9 30875 71845
3 16117 71536
28 67731 48485
26 86682 87070
28 6072 14634
49 44148 59430
15 91943 12924
13 5435 27729
14 5921 83482
28 65436 42408
47 21078 48601
32 48612 82434
14 56455 90615
9 61086 87778
46 57855 33111
1 5247 39273
5 59368 86310
28 48498 11654
39 87592 60351
17 81409 93741
38 21987 60850
48 82629 82968
28 77522 94201
40 22308 45849
33 52881 558
11 99083 99842
37 23857 86783
20 15347 62060
14 26150 66211
20 56427 85324
33 3311 46798
24 58227 858
38 29890 97082
45 32325 69276
44 19235 32427
35 6994 62772
22 67775 10001
8 88773 62833
33 19106 87828
12 3983 49539
43 72742 84067
23 27974 90498
20 84668 44164
31 75485 34647
1 55005 69723
41 92448 96078
4 16630 46745
40 6137 29625
3 5256 23448
29 29017 33186
16 42214 69707
1 83378 19166
38 45210 74664
20 93140 58756
39 67169 47947
1 43937 69566
35 80784 3808
29 19461 31281
43 93897 32589
6 69721 1879
6 25193 14298
10 47185 61873
33 93064 35805
30 83507 15804
38 75534 98418
27 40333 64072
7 92536 31128
42 53029 86226
6 13213 51349
19 33349 90322
17 43760 54018
39 72978 79313
49 46397 56807
32 31722 48820
12 3761 12573
20 96869 6186
45 55419 1782
31 57864 96935
35 13174 28433
5 18794 52569
17 86218 14905
31 42848 68249
12 43573 72047
38 15563 71421
16 16679 83011
12 40748 85170
22 2273 19687
17 89943 4893
5 357 10763
23 6438 34378
18 58812 99100
18 75930 8447
48 28902 55128
22 30302 75283
25 16085 23856
14 49625 38150
27 68829 74115
37 76461 88728
45 60739 70380
3 42968 68734
36 98686 3353
42 24427 92168
12 69784 5142
23 87829 92481
40 40959 78293
1 20541 74095
48 92390 875
25 29097 70005
31 75887 16066
9 58016 41119
41 19424 40189
9 29915 61783
11 49440 99860
38 53461 6530
1 27780 54935
10 63770 37096
28 37463 65536
5 86809 29076
28 9546 99985
3 18909 82135
10 32235 37732
2 68020 7883
9 41509 56446
46 58889 15773
31 39594 73573
9 6013 38744
43 1126 1783
43 42363 80173
47 77465 99739
0 72188 22284
7 17160 26487
4 46386 36274
42 93561 11989
33 20592 77810
26 59854 63312
39 91217 70214
31 17802 26463
29 2022 12953
33 14435 60237
36 21687 25124
28 50071 33095
24 64625 97113
35 83002 1920
5 76112 84590
30 37880 66648
40 28818 42514
48 95163 827
19 59656 13971
23 42794 30372
29 14971 58197
6 35052 80030
2 62670 78635
6 39762 40090
31 40761 20353
28 4257 22925
9 97001 54078
46 94819 13022
26 13117 3974
15 77443 77754
28 79248 79257
16 25511 31822
6 5378 23716
25 89844 37075
48 60180 70596
49 85327 29634
1 85346 96262
46 76214 13221
16 95171 96342
15 22778 53915
28 43405 39661
15 44797 90964
1 26939 48723
20 99977 16577
38 15018 91386
31 27285 33896
5 63243 71286
9 84247 90493
32 23957 8606
48 31109 42078
9 8742 71457
3 82892 58310
10 51951 59861
41 30578 73842
36 48937 83019
40 28493 65274
13 41308 74033
18 84360 5220
14 30269 74614
39 54108 72040
24 93847 97721
29 25017 45686
27 72718 64403
23 14817 69150
22 76687 43169
13 57636 76537
18 37595 70616
45 71307 38653
10 21399 29988
29 47290 14279
4 43977 69674
7 42016 65761
18 33153 35598
3 31891 38838
12 69925 76925
14 82476 99054
38 66064 71549
26 83854 31924
39 43608 96335
10 72614 665
30 23736 65928
24 3358 24835
35 96569 8192
28 27844 38748
21 33671 49819
32 80020 99892
28 2632 42983
35 90708 127
9 90461 55151
33 74040 89855
37 36480 52522
49 76490 61970
12 97471 77252
36 33145 91777
26 24843 82262
20 10606 47492
15 52564 81115
11 56162 66802
46 65875 11193
3 63570 4964
36 60523 89461
1 72670 82023
16 96548 57156
22 51666 53409
49 66347 92006
5 7761 37759
35 84622 57488
48 98156 9861
30 11113 31483
14 88681 93934
14 87710 36681
14 84017 42800
27 81131 53118
0 92327 4811
0 18544 22074
25 77292 32515
9 93685 17123
2 92710 19301
3 22842 27127
17 11765 47681
1 27058 84557
19 16687 17201
33 55648 3286
33 65040 14984
41 74333 37322
21 2167 10421
3 38278 61886
33 75067 11570
3 66671 95666
29 382 6866
15 89840 11325
17 58747 16677
44 85337 89532
40 82314 17634
11 54168 45772
19 62137 97545
45 62131 62659
4 30799 66728
21 31743 78522
39 22681 56742
9 26363 31877
43 23969 94709
33 1588 16754
10 84824 91266
26 28891 51943
49 94792 8895
9 18840 69596
18 35054 58252
1 29743 2469
19 71962 29777
17 57965 67401
22 36733 42626
5 6083 90666
40 31896 43668
29 75335 76167
1 18891 504
24 85729 49624
36 419 2221
38 15478 78240
13 51951 56282
13 55492 85198
32 87224 96994
1 6582 18767
32 24497 26320
34 41064 70134
1 53607 74958
9 48674 69800
8 27565 86110
40 54368 74520
26 92483 93978
17 66007 19473
7 39528 47021
36 51650 15631
9 48440 56938
22 9781 16678
35 72219 19200
27 18282 74464
46 50337 71049
18 21476 33900
12 18381 82203
5 35941 25187
41 50493 96363
2 88081 33624
49 87082 60702
41 96573 37939
17 78447 32440
17 87567 17850
14 34156 53634
18 68577 51461
25 46971 56779
29 43403 1565
29 14415 50927
46 81288 48360
32 47114 54945
33 50307 69949
46 23227 52152
24 1845 59829
17 3885 5433
35 39272 46226
3 46738 70285
41 99580 514
4 86188 51304
27 76654 8323
46 78087 11617
13 63832 82427
13 81746 2978
40 49249 89688
25 79170 23530
16 14993 21458
33 82904 8975
9 74656 90122
33 67375 763
19 99417 4833
27 34516 75992
40 97287 64372
23 77956 3622
39 94457 25443
46 64479 34943
44 32239 56755
8 66161 94031
30 51805 96070
29 90815 22146
19 23366 29086
45 25185 26648
14 76593 3511
23 72603 69184
2 6686 12504
34 82502 37553
45 51883 85477
24 33916 61039
2 32418 43718
23 45041 79691
11 75159 85544
46 95104 11640
43 57375 69435
36 48604 4658
17 38052 82944
21 16163 27779
30 20493 81034
22 94587 58288
26 29387 61588
13 10596 21756
40 35561 71811
39 17093 78155
41 32405 36869
46 40074 55923
27 59065 7100
26 63115 45729
31 65636 16614
10 32957 99916
8 268 6477
28 63457 84597
47 70553 5466
43 46625 85803
5 95479 5734
38 80301 9015
6 64366 97084
33 20779 52013
27 22293 26209
34 29273 51744
23 61899 81575
14 80230 16358
14 81885 84293
23 33570 18997
33 75189 16655
26 76244 9005
23 70244 89536
49 17364 30926
44 927 72100
10 48452 75550
6 3832 27202
21 21126 64912
15 92257 9428
21 51522 70491
22 31556 35462
18 10005 76443
29 37156 91779
9 32279 84593
8 72329 83259
31 40180 46551
40 63590 2017
1 95393 64649
0 10290 19393
36 21309 60668
1 77505 89289
42 24679 27235
29 9310 53007
19 9431 23310
36 19157 40419
33 78172 98847
1 43348 49987
40 81621 18259
22 97467 1637
0 5915 23705
32 7962 76894
0 47526 78757
6 77009 45593
39 72383 80490
46 68479 83742
43 23407 34802
14 39387 12240
11 42563 88301
10 43158 72550
5 9173 43293
44 91735 17837
2 51330 8295
0 36441 90168
36 84175 98353
42 93768 70914
13 3632 11942
15 15061 62347
29 84117 33297
23 57823 58125
8 82609 313
0 60546 91067
8 42552 64162
46 23454 7629
18 61554 15623
18 32220 81775
41 58857 90737
37 40716 4789
1 94539 1363
40 45491 934
36 24247 33972
5 53433 86841
48 32984 88629
0 96812 11788
25 58318 30484
4 29070 52504
5 83838 94721
29 33550 52179
13 74753 92156
48 42899 87347
48 80175 31607
35 12642 46934
37 99910 10233
12 48788 71665
2 28255 51327
17 10778 21915
13 49843 24535
0 8658 34842
6 91492 33981
7 9158 30968
31 56241 84731
22 84689 1812
21 96134 15704
2 4897 21261
36 35740 8216
22 21408 90488
47 95861 43953
37 33436 42193
14 35682 53828
27 81702 83558
4 94514 96576
34 35127 43936
6 76862 32251
25 6684 19047
7 68637 80721
9 80190 98676
20 54696 8696
34 44034 72312
21 91204 94596
21 13858 82823
40 16907 35009
15 97767 15470
46 21455 62185
45 68403 1124
13 65175 17667
17 73313 77707
25 89720 37534
17 16560 57626
4 92311 4288
30 76733 77514
9 89326 6000
32 52866 63310
16 21153 43841
42 28629 68880
47 47977 81060
37 8387 13696
15 33698 42186
21 15888 66689
9 64148 97860
34 40129 92470
9 2733 7781
44 28635 58962
20 46666 70556
4 64373 20384
8 74243 98186
10 8877 31464
11 71573 28550
12 2083 75711
13 45713 93175
15 7220 20046
34 37343 50666
42 87272 21563
22 89483 92892
42 44040 17333
43 19503 66877
32 27437 98983
13 60825 75755
24 43680 10718
20 74065 49375
21 42301 64015
25 31929 74475
17 60260 36485
32 59661 92026
5 35472 87211
13 14712 61272
7 94269 10633
4 80320 80749
43 37210 68942
21 67713 98265
7 25241 41326
32 26427 49927
39 6372 50274
46 30924 31786
28 94132 32194
31 88825 29559
21 31985 39718
8 46970 11657
10 16348 39206
31 44516 88257
25 21844 22331
20 69370 4087
39 13757 51423
41 95971 41692
20 20339 37176
41 77096 79977
20 3501 28325
17 24848 78733
27 88636 487
15 21124 93884
1 23716 38490
23 86540 20285
4 51899 67043
45 89087 55542
19 32028 55882
9 23966 84199
26 52673 11975
39 15967 48350
41 98555 41743
32 46619 50437
24 83584 11972
47 47357 74096
32 11880 23525
36 58843 14021
29 12150 26393
30 1891 17601
2 56359 59686
8 94377 21891
17 12864 60370
22 52835 54285
1 2822 4810
43 52912 40759
26 83337 90865
28 22827 42735
0 87414 79699
14 66392 75472
35 67675 26229
38 33989 45901
4 92906 14966
39 29876 84445
47 49787 64306
25 23015 26269
10 86886 10184
32 99051 83945
45 73747 6318
30 84887 17883
41 95278 56487
46 6374 71654
40 88741 94249
49 9494 23425
35 48727 78862
38 39877 76913
9 329 16896
7 87238 94321
20 5558 14468
8 63674 72395
20 4036 15045
48 38715 52040
19 66187 89706
21 50941 79528
6 48811 49492
45 14250 40072
46 66551 70241
14 63960 1355
0 89198 94186
21 95707 25372
23 26643 96698
12 65003 13405
31 148 75034
31 35107 54274
46 56587 86595
24 63082 8666
17 65098 38731
32 1221 4258
4 38159 89237
24 74359 900
42 85222 89088
11 58229 59179
47 7796 56477
18 65897 29097
14 86795 99190
9 20258 54196
33 83555 50117
23 65672 19488
29 32954 59669
49 81610 91592
43 89888 25551
44 39808 90426
46 29852 59783
19 44888 49957
40 10440 27401
45 16549 30673
8 61729 96845
6 11097 53095
39 95785 54989
8 53709 85662
19 31802 51213
41 24039 28478
30 53985 74367
23 60545 47397
20 38995 46349
45 40067 66542
37 86179 8038
28 8862 49987
43 12694 53146
6 42319 74716
20 53231 90708
30 6504 14793
30 87975 93782
12 37608 67053
9 25208 6301
10 37277 74825
46 70894 76498
37 93359 68301
1 51083 17598
48 11806 29096
3 42170 53857
1 83827 22642
19 28321 76534
24 56568 77811
23 46422 57111
32 35365 72838
20 27207 41161
38 71539 95761
20 67214 68605
6 78639 98112
36 29717 42437
34 86539 88476
31 92555 43560
33 80889 4690
16 35912 89383
48 95458 9566
39 40587 81442
25 1785 13063
30 17760 55111
22 85295 51806
43 92332 94524
19 16234 548
1 82383 89825
27 1226 34610
10 8978 55222
2 23711 51384
24 12350 93689
32 47576 85905
7 19656 25393
39 87320 40211
18 4471 21447
40 12989 22651
42 40533 82582
38 66235 86217
3 38110 40159
10 89992 14249
4 11335 97579
21 88541 72780
40 31332 92946
45 58377 39275
37 95287 56277
2 98448 36467
22 89227 95308
48 88251 97345
13 51181 25989
32 18816 51816
4 15696 3346
32 21787 40322
1 80460 87811
33 68837 19751
1 80646 40354
35 41430 47862
5 88720 11128
14 20882 85973
43 98585 12947
0 43832 45782
15 81587 26466
35 55601 96487
30 43278 63406
7 48016 92287
37 57193 9014
42 99898 51009
8 43448 61424
16 52392 80410
20 34173 49804
11 45694 29657
36 44908 48691
7 28484 43733
2 47717 75709
3 11908 12238
32 46259 98737
16 8909 22231
26 27210 56517
23 82587 41687
15 93337 19906
12 45209 81993
0 55911 61521
15 67732 77032
42 59762 86753
15 79317 1122
11 29328 41085
42 57085 96574
19 89766 89915
2 95313 3916
7 46100 19423
15 54492 5423
36 89366 6136
1 84035 30629
41 90507 29630
38 13782 29145
13 64532 67840
1 27648 84479
26 13058 76563
8 38486 61194
16 44139 54909
9 46250 2909
5 68695 76240
24 85241 20467
25 58591 69263
10 68082 95472
16 12603 30920
32 68337 70106
41 18005 82454
18 34699 16702
23 64538 84454
42 48918 89743
19 14230 90633
18 55017 55744
40 3060 34587
14 59442 90491
25 74970 38229
15 77449 17176
10 81767 95144
34 82592 1545
12 69625 71947
46 30071 96011
26 78658 22917
44 43467 91578
41 20843 28114
41 18009 51532
16 1947 48154
2 9348 25460
32 1242 72701
23 13893 50289
0 47218 76283
26 99132 64067
21 27258 50128
46 10517 49382
16 50133 77376
26 11333 54327
15 35800 68341
8 36787 49511
49 14864 37962
48 83376 20141
24 3995 40550
29 73855 63845
34 45065 45988
45 31570 19466
25 94945 20361
29 41001 96010
20 99977 63677
6 29116 49581
26 78472 98543
9 14699 73233
20 19469 24537
2 38143 10765
13 42491 54792
10 27436 58634
44 60900 11653
25 21845 62186
20 72091 45394
33 47040 74081
45 1621 52681
20 40604 13413
8 98548 20383
40 16338 32884
26 20406 43372
33 14539 37216
18 67192 23992
33 80340 9811
37 21207 45005
26 43682 56616
26 38284 48020
21 25642 40589
49 67686 96745
8 90112 22901
36 66948 90253
5 56279 57139
34 66531 94911
7 82315 88608
26 37555 48852
46 87340 34951
8 22488 79510
43 35052 65240
26 89979 94018
19 89774 12618
1 56947 60790
8 97095 59809
20 88351 40067
13 476 39530
5 50830 97445
22 17131 19322
44 65538 83941
0 11167 56351
25 1301 17804
28 42255 92892
14 8538 26620
36 60233 81423
37 88472 90857
44 35003 54040
11 42142 67712
13 66972 94895
31 22563 32720
42 17814 25101
34 18911 23652
18 1347 34281
6 20906 74104
16 83250 10104
45 6743 6794
46 76743 85472
35 69645 19764
27 82959 2189
10 96754 43386
38 5974 33362
28 48930 83217
18 16564 35690
0 72868 17070
18 95756 34151
10 7352 31545
36 41446 58563
23 36034 71594
41 33254 45875
44 66133 96996
39 73017 84558
24 43505 57788
34 37984 89222
26 25375 33828
0 41026 58144
28 62622 10782
13 31846 89227
37 74688 25647
32 59061 94529
47 26276 73710
4 93464 48744
8 69922 35096
37 8078 22668
17 51897 73807
44 48523 70474
9 14274 4252
22 1 52276
1 44868 22349
26 37006 42007
48 20185 54752
11 80168 88303
38 19031 87987
18 66566 78415
10 621 62863
45 63576 84268
41 33088 46935
2 37384 433
46 64610 10294
32 70163 75997
32 29504 11030
27 60603 83603
42 65338 73026
25 55148 62141
27 42698 90317
3 85706 2697
47 10878 20953
38 78066 99018
23 60813 92624
4 68663 70456
26 97316 30732
35 81122 50270
15 82550 57796
2 10754 44284
1 14119 17537
17 26955 34393
32 99376 73612
32 57583 58329
24 70472 81046
23 41556 4812
48 52007 81569
36 71054 1051
28 3874 7656
29 24098 51855
46 18688 91847
0 73425 659
36 88828 38842
0 40870 84721
10 1127 45986
11 53126 83094
42 42113 48628
4 35276 2357
14 75812 18967
6 77281 4925
42 55065 69474
21 20566 77801
8 11798 60716
28 23065 9634
48 39495 90015
5 43084 65839
49 83013 87858
41 85091 92065
10 18333 56818
22 54654 94620
37 82554 56479
23 7341 73491
19 72729 73690
44 40596 10147
2 95740 99647
47 73825 15966
45 24366 54012
10 50009 99993
34 22792 26171
16 22268 35630
45 6709 31961
0 67780 5052
42 28425 61796
6 74483 78811
13 21300 80167
35 29719 34572
14 7862 40903
14 61849 13570
32 32816 37242
12 50148 56372
32 5765 69517
9 29882 58507
31 32071 96038
35 63100 95518
40 19229 85723
48 71942 83140
12 24782 30727
19 19665 27148
10 53764 89858
5 18337 26017
39 65905 75919
15 46401 17302
48 66964 96809
12 70240 83873
28 91606 154
25 95939 60852
15 72029 51958
26 55692 84404
4 90755 36335
37 18425 42409
24 80515 92940
4 99284 4275
29 50442 89813
0 11073 40768
45 90660 226
19 70579 77532
39 6958 79595
30 3710 28704
3 81209 791
29 29800 57128
8 79095 6369
18 14431 32137
43 37784 4686
13 24286 44875
48 77816 6003
6 28541 50609
30 33692 48341
11 19079 19965
0 96905 18912
3 35428 91233
49 56185 57760
12 72643 29467
48 79177 93147
36 52093 80501
16 73832 85331
18 94407 44112
10 27489 59113
4 97315 24232
19 18059 38793
4 54665 57428
6 36465 80307
16 9177 48031
37 9051 80238
24 59533 64096
17 30881 65012
14 85215 17786
0 34362 85712
18 45103 76395
5 2184 63681
36 37441 10072
24 37857 43970
11 94846 94914
4 56448 60367
34 41302 54571
28 34415 81325
8 8 27767
23 29959 79917
42 786 10574
5 45414 66088
7 92650 61108
39 80300 15124
31 79707 94832
45 9427 31674
16 67093 89777
23 52446 52879
30 54628 58434
33 82024 23731
22 44529 70263
19 39906 48579
44 66744 6707
48 10222 24280
35 68649 92630
9 11106 80775
5 57430 60230
17 51317 58445
31 86230 90281
32 89765 14685
12 88805 99545
26 25749 52800
33 98483 3546
26 30787 34153
36 28982 42968
16 24046 70202
38 36839 58874
18 19639 67607
49 41982 66561
44 52537 86390
45 38244 52508
26 37645 16930
48 35307 83920
17 92633 30915
41 28217 9541
17 94176 35091
39 73217 49152
34 81157 83792
12 13121 64388
26 65978 76069
28 62085 9537
44 64370 68608
22 26512 27696
5 84789 12449
20 13367 71612
0 492 18393
47 75658 83801
2 43237 2854
45 17719 36252
30 51014 8532
40 59128 59581
14 42884 47627
7 40234 40241
38 77042 80013
17 25563 67703
0 26531 41769
41 18096 90147
39 1548 54694
5 20637 93567
11 71084 80065
6 12230 71517
34 48780 96063
3 27985 40316
43 30673 92463
7 37812 68507
39 12174 26014
15 12903 52261
41 61145 63260
33 60677 71000
21 44947 47435
31 16907 45068
48 7403 22307
24 37529 68493
9 50661 86615
32 62224 63630
18 23926 55415
10 25082 50524
32 59440 8359
49 2682 38063
18 59581 60627
19 81149 27077
20 47591 92354
49 2792 18356
39 74767 90042
21 31788 63166
41 49094 60633
9 86680 2959
20 57230 43325
9 82628 42359
14 32075 86102
30 7139 26880
35 17928 72251
26 357 27968
40 75660 31880
9 74297 84106
9 39895 57900
27 1821 8942
40 46058 46204
13 16659 59787
7 32289 79061
34 94447 46226
31 31075 63663
48 78136 38859
3 54406 55115
42 48738 70226
8 16187 273
40 93944 21686
6 13488 91616
7 16137 25498
38 64325 44906
3 15698 77720
6 23102 85505
30 56484 57382
43 21655 26097
3 17973 62878
48 41209 70253
24 75526 84381
27 94766 10853
32 62310 78861
41 58204 8253
49 23809 72971
21 76547 77062
31 42900 37447
16 61164 25408
12 76322 12384
30 80527 46024
37 29352 74271
9 84379 98889
12 55197 96235
10 14337 51840
47 83334 27879
33 38249 86410
4 31544 55679
22 19081 89099
10 76886 6973
21 94962 23439
29 61035 24238
44 1617 16333
31 51861 56752
34 72744 73795
5 70338 75647
9 63134 89449
27 77957 78606
22 15730 59248
5 56805 20606
4 31114 8654
49 59353 7224
34 92199 58735
17 44737 89256
39 72543 88948
3 42509 12017
44 53081 10753
49 87849 27995
24 45301 89915
36 37432 65075
18 31211 82914
9 43423 76286
15 86405 92796
30 70195 88685
1 22099 72614
36 93968 49311
43 93818 29763
34 99243 36697
20 6903 23762
43 34238 85652
35 27023 74799
46 28012 17593
45 9934 80867
24 26335 51912
48 81219 90067
5 88061 30876
44 64121 70913
31 14105 21405
10 281 28683
9 2040 31820
20 5515 26194
14 89555 7442
33 52825 86406
2 56657 27580
26 14644 22087
48 31794 38434
13 21651 25435
36 92934 54444
27 23923 75230
45 61806 6219
31 32119 63283
25 28387 60203
42 55111 2024
40 10096 51068
23 80747 27493
16 55709 84908
3 137 13162
49 47028 15396
23 59734 65744
27 40272 86516
30 39522 72984
13 7605 34566
15 78939 87182
41 12378 14003
3 83100 87736
13 75168 98090
21 87625 47418
0 20885 89095
28 75759 87785
35 65651 96594
4 68654 38233
10 51224 91894
12 42173 64623
34 64629 27413
4 5050 81290
30 39491 14287
42 60673 89034
42 4941 89133
17 34531 83689
24 18524 80111
35 15036 39010
9 6059 15941
44 16402 7703
1 62213 25777
17 59966 70724
37 84895 90818
24 34894 61149
23 7734 38873
16 92150 44675
4 92254 29016
31 94809 95046
30 76839 32044
45 20425 66070
42 54309 96380
10 40473 77654
13 53423 99723
48 90285 97739
46 31370 34850
8 93830 50704
27 3128 16792
24 87672 89066
11 68678 1716
12 36853 58394
13 97213 20641
40 52041 99245
28 99243 32223
26 27585 70750
8 41971 94692
1 88446 92575
22 21107 95049
0 15240 46135
26 99469 16565
31 45547 87590
44 27136 52354
33 85037 43061
15 95244 53389
21 97009 23255
24 62587 94577
34 63610 5961
14 87456 42750
3 7498 92893
5 29407 59726
39 74909 86728
19 98027 35666
4 6672 51738
13 95445 10586
33 54918 90118
42 18318 76672
38 45799 77694
1 11510 22293
33 18034 19816
38 75249 83567
47 58209 5046
5 61639 93505
18 76853 2699
35 75449 94323
16 82206 87398
2 30324 87790
1 24250 29424
22 79784 79883
35 11401 20869
36 7707 41469
19 6424 75447
14 77618 11827
6 63522 69417
21 64506 16763
10 11264 39202
38 8406 35426
28 26429 99461
18 35011 44695
19 5216 34369
3 98335 6552
20 73832 97467
18 73880 77803
43 26711 32871
37 86058 28292
27 33084 57915
5 18675 29074
18 12230 60923
37 16903 75865
26 60912 69948
17 5977 11506
0 52835 62369
46 7191 39494
46 9271 32145
12 36120 89477
32 40825 67155
39 57945 84247
6 15020 80436
10 2059 10994
19 54534 55222
14 63916 99503
11 34180 53190
48 5267 62334
11 76064 97796
36 5338 56564
17 15072 94809
24 34373 71401
47 27530 70040
7 62075 22827
33 21596 52656
8 46789 62880
26 76367 42737
17 87936 11833
3 71008 85559
13 46530 77282
2 47674 54626
8 82517 63485
33 20775 39745
1 32952 11305
20 929 32489
43 30598 15112
9 47514 62704
18 12871 12965
31 56846 72063
36 3341 5007
0 91192 21055
16 66605 82417
22 75458 15157
30 42453 80012
29 53702 30390
40 70766 27392
39 85345 91882
27 68538 31373
8 59618 7957
25 54697 19749
33 67250 85534
24 69301 1495
9 11873 14612
13 62402 75539
26 37219 75091
31 97296 42807
27 78555 63499
36 45404 19865
2 34029 36637
45 67280 39215
34 60591 81182
17 23640 49471
12 89146 18128
4 10182 39447
49 61107 9163
17 31226 74118
40 4962 72014
32 65322 70242
39 92120 46671
34 80926 35936
23 36324 39650
43 83510 34507
2 48689 4205
19 44117 50440
19 98441 29931
10 86529 91521
34 53379 88000
13 37431 69484
48 24950 93094
48 17946 2484
41 44615 67490
44 34819 11221
24 27639 49904
47 61666 75758
4 1608 43569
25 56429 77125
43 5318 59269
43 77450 63897
30 77157 95067
6 2598 32505
33 89415 96933
46 61210 71075
7 78005 23868
48 58131 76246
2 84930 62608
13 83507 86449
19 91741 95909
47 81055 17647
13 44474 2413
37 99369 16636
14 5044 19970
12 71506 13830
49 55189 33500
0 61366 82670
15 33775 83294
29 21289 67479
3 88074 48291
17 63752 69463
10 1085 52319
10 52491 64322
1 43964 50264
20 38740 89841
2 51247 95742
35 9952 55402
5 27591 71520
10 47506 51616
6 98926 28160
8 18569 2128
46 30846 11077
11 26799 34857
26 63083 94726
7 26971 28654
13 9256 41640
11 78225 42609
28 45506 60756
31 36136 56249
3 68992 85574
22 98376 68781
9 85341 50454
18 36217 1738
46 37006 10391
39 13817 60108
39 15896 54743
28 71823 47947
15 58384 75920
20 53609 86911
10 86500 6113
33 10688 15830
46 70646 32496
46 21890 85937
3 30114 78680
28 68624 79511
10 40371 91556
23 65573 67405
32 23866 67861
6 60507 70125
49 28740 85720
11 19267 76745
2 13384 53149
18 12736 33713
32 74474 57284
20 14269 24138
43 75582 83222
33 7389 10140
48 26751 30637
11 39195 88806
41 35718 71623
1 32674 6427
29 98124 16090
2 40759 51190
6 20850 42645
48 77933 87404
14 54876 63461
48 31921 89682
39 18764 41645
14 98118 40663
23 28039 55772
0 96287 55128
4 45379 49447
11 68507 94833
30 28595 76133
45 9971 58583
44 73432 40299
17 82741 10668
24 15618 71514
21 41006 41089
23 94468 43563
13 42208 76544
18 7825 26545
1 87826 23438
12 30767 39075
34 42864 67395
46 11118 44960
16 94076 53124
20 23065 27913
32 92010 24356
33 39674 41010
26 68473 13066
