1299496
2387137
2113359
1007432
1780845
928451
1649495
923617
1030478
2247471
0
1715622
1287626
1153009
1061975
0
886225
2373730
165620
2268724
2325502
1216806
797115
1216806
1071459
1845932
1153009
651758
896648
1221061
1299496
2228644
902668
208677
932645
2113359
1908587
922715
1558952
1688996
1153009
2387137
1822605
166401
784461
2473421
1522955
1313370
490922
1620567
1375071
721955
1313370
241669
1635136
1632823
1909071
491128
193527
423485
797115
2113359
923617
1438699
1012862
1276049
1970424
393974
1756765
467995
96373
2294544
1815562
2216923
737505
1685580
370716
2365494
1843417
1130965
2284724
2228644
1136637
1302574
2365494
1607479
208677
784461
1485634
1355386
1635136
880301
1780845
714685
1845932
2473421
1845932
2473421
96373
1780845
1216806
1065445
784461
1845932
2365494
2387137
1637239
1355386
2265116
1303551
779816
1815562
678639
797115
1671355
2411786
1046484
2113359
1299496
840431
1803916
1340514
2331016
1815562
2265116
1276049
1947048
1276049
535001
1722187
1706541
1299496
2284724
950625
2380828
779816
1818864
1642665
2331016
1632823
2038897
661340
1293558
1299496
1303551
1486892
1393785
551053
1649495
1908587
1554588
687307
2113359
446537
1469378
1143488
2284058
1858365
467870
784192
1318065
1283847
2411786
1100197
1313370
1210786
2331016
628706
2265116
1179045
1216806
96373
324727
2065166
2284058
1039930
840431
564186
2194129
1843417
784461
1845932
1845932
393974
2194129
1210529
1741817
1299496
370716
139430
2356179
1251992
1721799
1818864
2315682
1060244
514180
1511394
784461
1909071
1780845
1039930
0
1909071
2247471
1738997
1153009
1328486
1303117
417026
784192
1685580
810607
1603786
1303551
1130965
1947048
1845932
1086950
2282823
2194129
1484326
1088010
1947048
2473421
784192
946969
784192
222488
1355386
628706
1777828
2182279
1423264
1780845
1637239
2473421
922222
1917454
1554588
324727
591833
1130965
1283847
661340
2387137
2473421
932645
2365494
1422027
491128
750159
2113359
2119667
1302574
678639
1336817
779816
2380828
2387137
1746042
1671355
784461
0
1518302
2113359
2315682
1302574
2194129
779816
1671355
1292434
1292434
43057
1671355
324727
583687
886225
2197613
1336817
494239
43057
2268724
1817222
2279210
388889
1815562
1328486
2234158
345832
1720406
977455
262774
1607479
1558952
880301
1422027
1850413
1688996
2045148
714685
2387137
166401
1427602
2380828
1919980
840431
1210786
218411
810607
1685580
1908587
2038897
2421923
977455
2268724
1299496
491128
446537
1687082
2194129
1746042
1146274
2267489
514180
489594
1153009
345832
2315682
1706541
1303117
1153009
1340514
946969
880301
1554588
1637239
2365494
2365494
2294544
1632823
2065166
923617
2113359
605009
1245478
2473421
1313370
1422027
797115
2387137
393974
1292434
714685
1129016
324727
1908587
791427
2411786
2344458
2387137
1485634
291735
583687
262774
855712
2473421
222488
1207224
699719
2356179
1423264
932645
1056178
2038897
1178674
1908587
2473421
1302574
1706541
2182279
2473421
1803316
568575
737505
1780845
1292434
758468
1601242
585874
943942
1013895
1858365
2365494
2247471
535001
784461
2284058
1061975
1221061
166401
1340514
1427602
345832
2198440
0
491128
1153009
923617
779816
2294544
880301
2284058
1354284
2038897
1303551
1763815
1685580
97154
581957
1438699
2294544
1843417
1015430
2194129
1299496
2411786
543496
678639
1372003
2075652
1313370
858979
2265116
2356179
1340514
1375071
1780845
1104258
2473421
797115
1210786
573220
784192
797115
2387137
222488
2268724
1671355
1210786
139430
1260558
1908587
2119667
840431
2228644
596478
345832
1221061
902668
1919980
2228644
2411786
1885433
2123845
977455
998404
1846972
880301
2198440
1757250
1280293
2411786
262774
661340
691427
1730352
2373730
1336817
1100197
2325502
2267489
388889
2038897
222488
2182279
1878837
2473421
2265116
2421923
1738997
551053
2473421
248678
2218158
2380828
932645
1206113
1846972
784461
737505
902668
2194129
1375071
2265116
1807657
2387137
222488
2119667
262774
1153009
1173958
1287626
1770407
139430
1518302
1575624
411941
2473421
1522955
1780845
1686190
687307
506893
1780845
1104258
262774
1299496
1302574
248678
977455
1642665
1169903
166401
2034696
2218158
1292434
1637239
1850413
1287626
1649495
222488
417026
2228644
2365494
2113359
2315682
2331016
388889
291735
2365494
1720406
1206113
486533
262774
661340
1823377
2411786
1467103
2279210
193527
193527
2109291
1603786
1013895
2387137
880301
1522955
1061975
1596604
2411786
2473421
1909071
1843417
96373
467870
291735
682662
1131326
1039930
1318065
1391383
818064
2387137
1858365
902668
208677
1260558
1919980
1260558
2075652
1571260
2294544
2243460
208677
1143859
2218158
922222
291735
2473421
2268724
1400006
1100197
1815562
1671355
1878837
2265116
1845932
370716
1457213
1100197
193527
1843417
1427602
2265116
1720406
581957
2473421
550209
564186
1122947
1685580
193527
1340514
1909071
2119667
1669518
2194129
810607
1486892
1136637
1039930
2055634
732860
793475
922222
1210786
755430
388889
1375071
1917454
1210529
2123845
810607
1858365
1467103
514180
1909071
609132
923617
2055634
735716
2194129
1303551
1780845
605009
1061975
1280293
1393785
2387137
2147874
1803916
661340
1210786
370716
543496
451182
605009
797115
2119667
1584570
2380828
506893
721955
1845932
423485
1127997
797115
2411786
2411786
1780845
1865415
1375071
998404
208677
1622427
656403
950625
1919980
1671355
1302574
2228644
2147874
1550816
732457
1136637
1340514
1221061
193527
248678
1470220
791427
977455
1843417
1815562
1947048
2411786
486533
1970686
1947048
2119667
1518302
1299496
1180809
661340
2421923
491128
1803916
1755123
262774
2243460
1141757
1349367
1908587
324727
2411786
43057
165620
1906968
1780845
1720406
1602670
1761762
514180
2137388
1777828
1878837
2124625
1780845
605009
262774
678639
2268724
1885476
2194129
1340438
1553488
2387137
1720406
840431
1056178
0
2411786
2198440
1180809
1858365
1153009
750159
1173958
1221061
2473421
1632823
491128
1885433
1587114
784192
2123845
1780845
1131326
1431106
1688996
2198440
2411786
1908587
2365494
1967655
139430
208677
1375071
1919980
217165
2411786
998404
1688996
1483775
1013895
2411786
2119667
1372003
2365494
2243460
2268724
1130965
1845932
1046484
2265116
1649495
97154
139430
1313370
96373
880301
1947048
784461
1919980
880301
1260558
2282823
1702030
1947048
1302574
1905032
612446
779816
1632823
1685580
543496
0
1318065
1104258
779816
1720406
1780845
928451
1206113
1685580
2038897
1704280
1908587
0
1909071
665985
669057
2228644
2325502
166401
699719
1970686
1431106
591833
1632823
1299496
465843
2365494
2279210
880301
1687082
2228644
1061975
2119667
1280293
2387137
1458424
2365494
1644442
691427
222488
1391383
661340
609132
1803316
687307
1635136
208677
732860
1575624
1511394
1564285
2268724
1518302
486533
1632823
923617
1313370
1822605
1522955
1947048
1602670
1607479
2268724
1603786
1909071
1685580
1302574
1554588
1607479
1318065
1340514
451182
1518302
1318065
1133906
2243460
1649495
1622427
1807657
43057
1917454
2356179
208677
1885433
1143488
1947048
2075652
1391605
166401
2279210
1845932
1221061
2038897
880301
1671355
2411786
1815562
609132
2411786
581957
1061975
1919980
779816
573220
932645
1608223
1671956
1632823
96373
1843417
1721799
1685580
1336817
784192
784461
670220
1485634
2038897
1715622
1685580
1632823
97154
2045148
1845932
291735
1446962
208677
840431
1146274
2294544
1146274
463481
1280293
2411786
732457
1375071
915439
1046484
370716
490922
1375071
208677
1845932
1349367
2228644
1815562
2411786
2194129
2182279
1602670
2027818
1671355
2284058
2045148
1947048
1122947
1601242
43057
1081193
915439
1632823
1671956
494239
1162706
1947048
605009
1959938
1815562
950625
2356179
514180
2027818
2123845
262774
797115
1680905
2284058
1858365
564186
665985
2380828
393974
1210786
1638889
1287626
1607479
291735
2194129
1632823
291735
1715622
932645
1908587
591833
682662
451182
514180
609132
1173958
1143488
1302574
1815562
1422027
446537
2473421
2284058
1885476
902668
797115
2387137
678639
950625
932645
732860
2065166
2380828
1603786
291735
1815562
1919980
691427
1104258
2380828
1702030
2473421
1770407
291735
1416408
784192
1885433
2228644
1632823
262774
737505
661340
1276049
755430
1780845
784461
1632823
1470220
1558952
1798846
2294544
1815562
2218158
1685580
2259248
2218158
388889
2344458
1649495
262774
2387137
1850413
1845932
784461
1431106
779816
1755123
1671355
370716
2392651
923617
1685580
692400
2075652
1702030
1846972
1299496
1919980
1046484
1292434
506893
732860
1372003
463481
1908587
2473421
1299496
2268724
2411786
2113359
1299496
2243460
596478
1687082
43057
1012862
2259248
370716
568575
1012862
818064
665985
248678
1143859
208677
2325502
591833
1687082
1303117
2268724
1845932
248678
43057
2365494
2218158
551053
1685580
1763815
1650863
96373
2243460
1061975
2243460
535001
1906968
1467103
1919980
2356179
1302574
1143859
286412
1522955
1260558
614250
1947048
301469
2197613
1817222
2265116
2344458
1534144
1150700
880301
1115688
2279210
1865415
2119667
2027818
923617
1169903
324727
2194129
922715
568575
585874
779816
324727
977455
714685
1046484
755430
1649495
1706541
669057
1303551
1391383
691427
1632823
345832
2380828
43057
1303551
139430
2380828
1354284
791427
732457
1393785
2268724
810607
393974
1080936
2331016
1596604
551053
2268724
494239
1927030
2294544
1850413
1215995
1919980
1391383
2018879
1283847
1340514
2411786
784192
1292434
568575
1340438
1919980
1473885
1908587
491128
2411786
978990
1596604
491128
1538320
1179485
1927030
596478
1178674
1393785
1917454
609132
1573037
1815562
2380828
2325502
1081193
2387137
2411786
1908587
853664
2038897
915439
880301
388889
465843
2265116
491128
2365494
411941
1558952
43057
262774
1484326
1299496
2075652
1280293
222488
1222038
1522955
1638889
1083246
2119667
1909071
1179045
2380828
950625
1685580
1807657
345832
1788314
732457
1715622
2344458
950625
998404
1522955
0
1564285
1917454
1372003
97154
1427602
166401
1486892
1637239
779816
1885433
1845932
755430
1280293
2356179
853664
880301
902668
585874
1391605
96373
2267489
1822605
2113359
2194129
817667
2198440
535001
1947048
208677
791427
1803916
1349367
2325502
583687
699719
1012862
2356179
2113359
784461
1575624
1947048
1815562
596478
950625
1469378
1354284
1815562
558053
853664
818064
1299496
1391383
1858365
1522955
2265116
1215995
345832
591833
1422027
750159
43057
2473421
301469
1061975
2247471
2282823
2218158
1843417
1173958
1845932
0
2045148
2331016
2113359
1302574
2356179
1416408
1706541
2038897
678639
699719
840431
614250
1688554
583687
2194129
840431
2284058
2411786
2119667
2228644
627163
222488
2056708
568575
2473421
2218158
1485634
1908587
1843417
1349367
1221061
840431
490922
682662
1970424
1632823
1104258
1671355
1688996
2325502
1919980
1221061
1287626
2387137
2387137
1642665
551053
1919980
301469
291735
2119667
2331016
2380828
858979
692400
596478
880301
1959938
840431
1815562
1245478
1947048
2387137
1885433
977455
2045148
1104258
1522955
1020992
2038897
1292434
486533
550209
1637239
817667
651758
2387137
669057
1522955
222488
2038897
2075652
1650863
609132
1596604
1287626
981263
1318065
1355386
732860
2055634
1302574
1637239
291735
1685580
1340514
2380828
1303551
1885433
2331016
1635136
609132
43057
1909071
2365494
2387137
1845932
2411786
2265116
1885433
1947048
423485
1632823
1179045
1917454
1060244
1722187
930499
2473421
1947048
1596604
840431
291735
1522955
902668
1596604
491128
1632823
1375071
1909071
2473421
262774
2331016
1845932
1013895
514180
1671355
1221061
1340514
950625
2473421
1486892
1318065
1130965
0
1340514
950625
1573506
1571260
2194129
1843417
1302574
596478
1375071
1815562
2473421
1721799
2356179
880301
291735
596478
735716
880301
1721799
2228644
1351813
750159
793475
1688996
1970424
2265116
810607
840431
2034696
1908587
1845932
2411786
0
1746042
2045148
564186
2380828
2218158
2045148
1803916
2265116
890985
2473421
1720406
2411786
1947048
2380828
486533
2119667
222488
1336817
1178674
1292434
2411786
2265116
193527
465843
1427602
2365494
1703366
1780845
1340514
1671355
2411786
388889
678639
2473421
1255113
585874
2387137
1722187
840431
2331016
1885433
923617
2387137
2109291
1416408
1130965
732860
514180
1844869
2380828
193527
609132
1908587
2055634
2421923
467995
591833
0
1494643
0
840431
1431356
564186
1584570
784192
2284058
855712
1858365
2241087
97154
1260558
2265116
1908587
1638889
1815562
2268724
291735
1302574
880301
784461
1100197
1947048
2411786
1632823
591833
712373
1153009
1947048
2331016
1457213
1632823
583687
1763815
1318065
1908587
1970686
411941
2194129
558053
1671355
393974
2279210
411941
1173958
2421923
661340
2365494
1632823
981263
2265116
2038897
679487
2119667
923617
1431106
291735
784461
1210529
1422027
1622427
750159
1603786
1336817
977455
1947048
2411786
222488
1458424
981263
43057
1280293
1007432
1845932
1100197
506893
981263
1131326
2194129
1721799
732457
1470220
784461
1909071
665985
2421923
1485634
2392651
2218158
779816
1131326
2109291
1340514
1777828
1276049
1632823
2038897
1755123
506893
1885433
2137388
1947048
2473421
750159
1251992
1130965
1393785
2194129
1685580
165620
2325502
2380828
1431106
585874
1947048
1210529
1221061
1845932
583687
2123845
2411786
2392651
2380828
1908587
2075652
1632823
571193
1685580
1375071
2065166
1632823
1685580
291735
1336817
1720406
1485634
651758
1843417
1143488
732457
1136637
1340514
1061975
1060244
2228644
1770407
2279210
1302574
1393785
1671956
1081193
1355386
2234158
1815562
737505
1446962
1056178
1283847
817667
779816
1423264
370716
1947048
2365494
1260558
1770407
784461
779816
2325502
596478
1303551
2197613
1746042
2119667
797115
2241087
2387137
1843417
1777828
923617
1602670
1210786
1313370
1486892
1919980
1908587
818064
981263
1355386
1815562
2331016
1632823
2325502
1013895
193527
1391383
1354284
2243460
1467103
1845932
1670322
1280293
291735
2373730
490922
1815562
1280293
784461
1473885
2284058
1815562
1221061
451182
1746042
2365494
596478
840431
1815562
2294544
1807657
1637239
491128
96373
1947048
2325502
1431106
1178674
2315682
423485
1431106
451182
2365494
2268724
2380828
1299496
1349367
840431
1885433
1153009
2038897
1130965
1885476
1906968
691427
467995
1336817
1302574
2038897
2198440
1845932
665985
1573037
687755
2228644
1659032
1336817
2473421
902668
840431
1375071
2411786
1858365
596478
858979
605009
1313370
1318065
932645
1632823
1607479
818064
1803316
2387137
43057
573934
737505
1635136
1669518
43057
514180
1446962
2365494
2380828
1375071
2279210
1115688
858979
1947048
651758
1143859
1457213
880301
2243460
1653837
1260558
1216806
2325502
222488
2113359
583687
568575
2268724
1104258
998404
1780845
2210129
1905032
2284058
1355386
1522955
1947048
2137388
2194129
1292434
1522955
1823377
222488
2194129
1588205
1755123
1127997
2147874
2194129
784461
737505
784461
165620
902668
784461
1210786
1885433
1622427
661340
1469378
1292434
1885476
1721799
1354284
1885433
2421923
489594
1632823
1143859
2365494
291735
1671355
1706541
2279210
2473421
1092430
1671355
1104258
2411786
1299496
2411786
1850413
1803916
1680905
446537
1153009
1780845
1858365
1100197
779816
617250
1798846
2331016
855712
1022923
1457213
2228644
2473421
489594
1153009
1169903
2387137
1807657
417026
1457213
467995
2315682
2268724
0
1823377
855712
2356179
1575624
1245478
2421923
1638889
0
1303551
1354284
1688996
950625
1649495
691427
2411786
784461
43057
665985
514180
1318065
1885433
1791967
2365494
1393785
1722187
494239
248678
2380828
2055634
1736747
1299496
977455
2279210
2038897
1970686
1909071
1375071
1970424
1670322
1467103
932645
1558952
2411786
393974
1947048
784461
628706
1675704
596478
1642665
779816
2198440
932645
1280293
262774
0
1858365
1575624
1020992
2194129
2038897
1858365
1919980
784461
779816
2194129
1391383
1340514
1571260
1292434
1215995
1850413
1375071
1927030
208677
2411786
1302574
1685580
1143859
661340
2411786
1422027
193527
1777828
1908587
1431106
1909071
1283847
1303551
2147874
1947048
2197613
950625
2387137
1511394
291735
388889
665985
951448
1485634
446537
412873
1746042
1467103
1905032
1649495
1688996
491128
609132
2065166
1210529
784461
1947048
43057
2198440
1967655
923617
902668
1319033
1328486
923617
2243460
1013895
758468
1803916
1061975
2411786
1688554
96373
2038897
1056178
840431
1143488
2279210
1245478
2218158
1685580
784461
1970686
446537
1908587
2087666
1845932
1878837
248678
1318065
2055634
928451
583687
324727
345832
2325502
1635136
463481
2194129
1706541
2294544
1046484
2194129
2243460
2038897
1416408
1909071
248678
1858365
1947048
43057
1292434
1908587
591833
1818864
840431
2194129
491128
2147874
1803316
217165
678639
2421923
1423264
922715
981263
1340514
1927030
1375071
1702030
1815562
784192
514180
2018879
1688996
1336817
1936697
1917454
2218158
950625
2027818
2473421
2380828
896648
2356179
1803316
222488
345832
596478
1909071
1538320
1909071
1422027
291735
2365494
1522955
2018879
2038897
514180
1494643
491128
1115688
1143488
2198440
2411786
2373730
1845932
1039930
1632823
714685
2344458
1755123
1936697
291735
1685580
2247471
1757250
1245478
417026
573220
1081193
2344458
2473421
661340
2387137
1720406
1061975
779816
1534144
1467103
784461
880301
665985
301469
2325502
2279210
2055634
2294544
1313370
1637239
551053
1355386
2473421
855712
2247471
1777828
1845932
1909071
591833
1081193
1721799
2473421
166401
978990
1133906
2161936
750159
1885433
96373
2194129
2387137
923617
1293558
1632823
43057
1422027
981263
1706541
2075652
1603786
880301
2265116
1596604
193527
324727
932645
491128
840431
1947048
1260558
2038897
1143859
486533
635706
779816
345832
1706541
732860
1355386
1803916
2421923
222488
1905032
691427
2331016
2018879
932645
1303551
978990
2392651
139430
43057
1635136
605009
1569536
1671355
1292434
1127997
1632823
248678
1908587
222488
568575
1039930
1919980
2268724
2119667
840431
2473421
1908587
779816
1671956
1340514
1803316
840431
1340514
779816
1622427
1217983
2279210
1777828
1756904
1770407
551053
1458424
682662
193527
1030478
1756765
699719
880301
2411786
2239230
1815562
1014987
1131326
222488
2473421
1431106
0
2411786
1637239
1061975
2109291
2294544
1292434
1303551
923617
166401
1061975
2027818
248678
1736747
514180
1467103
2228644
1391383
165620
2387137
1340514
2194129
1669518
222488
1947048
2331016
1959938
2113359
923617
2284058
1791967
656403
818064
1803916
382785
784461
784461
1685580
1858365
853664
301469
1115688
950625
1375071
1400006
1706541
388889
2421923
1056178
687307
737505
1283847
691427
605009
626904
1340514
2315682
1473885
2380828
2194129
573220
853664
1393785
678639
1061975
388889
791427
2138232
1494643
1153009
1260558
1336817
928451
1153009
735716
1632823
2218158
2284058
2113359
1375071
2411786
1336817
2034696
2123845
2194129
1081193
1919980
902668
2119667
880301
2045148
2284058
2055634
2331016
1757250
915439
810607
583687
605009
1970686
1393785
922222
1302574
1970424
222488
1022923
222488
1375071
583687
1670322
2228644
1685580
2284058
950625
1255113
1280293
1919980
1720406
1486892
2325502
2294544
370716
1292434
797115
797115
1909071
1169903
2288520
2387137
1039930
43057
2228644
1046484
2411786
1318065
1573037
981263
596478
2268724
506893
2038897
2247471
1730352
1947048
543496
1427602
1550816
1146274
2194129
2194129
2113359
2331016
222488
1485634
1287626
1336817
467870
1302574
2380828
1210529
491128
467870
1671355
2387137
2268724
1046484
222488
1967655
1354284
139430
2198440
208677
1143859
166401
2198440
222488
1908587
2210129
1080936
1917454
1970686
1967655
1215995
262774
345832
1947048
2279210
1061975
2315682
810607
605009
661340
489594
1815562
2265116
2387137
2119667
2045148
1206113
1216806
858979
2018879
2473421
1959938
661340
1843417
291735
2411786
1217983
262774
2325502
1970424
1216806
591833
1060244
1706541
880301
1632823
699719
2380828
880301
923617
1865415
1485634
732860
880301
950625
840431
1845932
797115
1012862
1843417
1131326
1706541
1127997
291735
2325502
291735
489594
222488
855712
950625
605009
1372003
0
1803916
1122947
1885433
2243460
1688996
2473421
591833
1596604
1905032
491128
1303551
691427
797115
1130965
2027818
2473421
818064
923617
514180
1803316
1081193
609132
208677
2380828
712373
1780845
1046484
1704280
467995
2325502
1485634
2325502
1919980
1355386
2027818
1012862
1313370
208677
2055634
451182
1780845
1803316
652448
652448
1905032
1104258
514180
1221061
840431
635706
2268724
797115
1807657
1695635
1393785
950625
1302574
977676
779816
222488
1216806
2279210
573220
2411786
1302574
1947048
1596604
1844869
1959938
2265116
661340
550209
1685580
1632823
779816
43057
1554588
491128
784461
583687
2365494
1908587
370716
932645
1596604
467870
1908587
755430
1511394
1303551
1473885
2284058
2172876
1022923
2267489
1947048
2380828
1671355
1815562
784461
491128
1179045
1302574
1293558
1706541
1303551
550209
932645
1638889
1706541
784461
1908587
1780845
1393785
1292434
490922
1818864
2265116
96373
1855355
411941
208677
1761762
1210529
1865415
1632823
1688996
2411786
1815562
2421923
467995
2268724
2198440
583687
393974
1221061
2288520
1349367
1763815
1340514
2003738
514180
627163
1355386
2473421
1518302
1850413
1431106
880301
2473421
1688996
1635136
2268724
1970424
1850413
1909071
1162706
1967655
1909071
1302574
1299496
1845932
1554588
1885433
1039930
1422027
2294544
1635136
810607
1130965
1518302
1878837
2038897
1012862
2065166
585874
1959938
2473421
2228644
2218158
977455
651758
591833
2411786
2147874
2294544
1547613
1299496
1780845
1770407
585874
324727
880301
692400
1573037
1143859
840431
222488
2365494
2038897
1143859
1706541
2411786
1299496
423485
1908587
1354284
1885433
1115688
1292434
1720406
2065166
1486892
1169903
262774
486533
2473421
1947048
1179045
1909071
1780845
1554588
1706541
1012862
1671355
2228644
467995
1153009
2228644
591833
784461
564186
2387137
2284058
97154
1553488
1635136
1473885
2247471
1133906
2194129
977455
1180809
817667
1422027
1457213
2279210
1780845
880301
2218158
1340514
2123845
1340514
43057
2119667
583687
2137388
2194129
324727
2473421
2038897
1908587
1763815
1046484
712373
2045148
2473421
1970424
1522955
1302574
2075652
2003738
370716
2365494
1917454
1757250
1143859
923617
1587114
1169903
1081193
1457213
950625
583687
1133906
951448
1947048
1473885
2038897
678639
2038897
0
1355386
1632823
467995
1671355
2344458
1917454
1905032
1815562
2243460
1340514
1302574
1303117
2282823
2325502
1354284
2119667
2218158
2473421
1706541
248678
1885433
1858365
1815562
1081193
1485634
779816
2075652
324727
2473421
2038897
2473421
222488
1635136
682662
721955
784461
2325502
2038897
1908587
423485
2380828
1299496
551053
262774
2380828
551053
1554588
262774
1807657
1505295
712373
732457
451182
1746418
371622
732860
494239
2365494
301469
1908587
840431
1022923
486533
1485634
1292434
1104258
1336817
2194129
950625
1575624
291735
902668
1303551
1644442
2473421
1685580
1431106
932645
1547613
1354284
1791967
2356179
1596604
2056708
1908587
1375071
2243460
1303117
859352
514180
2018879
490526
922222
1423264
1115688
1927030
2247471
1299496
1670322
2387137
463481
977693
2087666
1632823
388889
1318065
784192
2268724
1303117
514180
2228644
691427
208677
1039930
670220
1422027
1817222
1632823
1632823
2113359
1375071
818064
2380828
1318065
750159
345832
2294544
0
324727
1858365
423485
1632823
1947048
2241087
