2000 198571631
70718149 70876568
14373553 165985520
135967208 92716500
146007627 174230856
139867259 138710054
172375971 20049464
139432399 148029332
94094108 128038296
103905690 132013399
30394135 127522158
26393541 7033570
143518006 186095533
194902591 61033875
68662503 97922501
7800458 190783659
164997738 98352569
144764075 45927706
190974734 155578707
57804062 127525105
82252706 18974938
162367950 115449443
101283679 47830319
99800670 18271849
5549247 83194404
114847269 170290687
63868463 46808251
44375542 165070786
70425958 88744490
192243788 117106221
7239234 68090098
96065516 23749619
83235064 152519184
101669281 125122086
33070369 143334021
159298324 161453147
30387815 192843178
172776780 170182404
63274389 186186522
189151675 175832046
158601803 81931798
124103015 53937602
9794889 106383672
87807539 66085993
174925058 92903551
182125310 192529552
43450849 68117579
61073458 171889175
9108395 11535004
143350162 119855718
11539877 148026040
140610384 96027793
115175947 60294297
19654025 140152699
93979572 97412682
198461125 165656103
21748837 169079480
103844431 42279419
85945752 175280469
23710660 99308924
45692449 97370153
55712372 132521815
101840395 159819087
135996340 106058895
50770448 150402301
177048282 190512105
46313498 58148391
86048225 104070388
171892484 77951303
27264935 26246162
571046 81089262
129757202 80960598
88620913 192550446
130629366 154695619
135808657 50152369
32662753 29575161
169415993 167597673
86679379 169638994
82336508 31436769
193128149 137679079
151955774 27608318
115190277 176296026
28927473 119338006
18850989 22778153
89262213 59950954
119366582 174524773
93234368 125149853
10516463 29768371
105735774 42152295
47122749 18529404
10169997 82939114
105677914 161335881
81718962 27704166
166734676 76636819
84288604 40989459
27844599 167452653
25324725 184845317
101176248 10908937
167687870 149368741
196474159 27842961
188919069 48064414
112956056 132789583
63711050 118548117
158121172 113116921
90094932 191514245
50803612 118399438
23231155 162113542
70016675 172541164
59508934 21848083
96887294 100127493
123749840 151603410
100009894 178003823
182737067 148756020
94785174 168723119
7483091 145524618
73624600 18059853
87131017 105606196
34340139 122892387
12638304 59357942
100008005 8285804
102276475 123449493
161448823 187086293
56285788 45424312
44448470 13484649
174293920 102766123
68196755 97593198
25028677 167567133
118172748 80146991
184067825 14444323
121540055 10341124
74873670 140323290
33993155 27956433
151989985 54820975
53972739 7334075
9897603 8080895
45297927 149800183
104955948 73577505
156558652 96082294
123645932 48372547
181253085 29999340
121317234 80217556
78095251 30206376
24737952 96734122
16119183 17156960
154485995 166623688
138492556 191638861
30683478 1010880
85396077 112420312
20084007 53647971
77059552 11397875
49104674 56055039
136856369 125425287
42307776 162058705
72296792 151086053
15415458 171869481
152239650 187812011
158205161 3828063
51406369 163082505
156836943 116585657
156584464 75165401
76881000 168082850
68937271 97376672
104247715 40068133
83345675 6155269
47982026 100717673
102094609 142696790
136517646 20857826
58806377 153476053
154803896 105271176
196739261 155777027
1526074 129428531
172449539 57851526
8920634 183810807
1392740 90105634
13090471 63958777
7971899 8203145
52636812 132267775
13556944 78376635
127325515 102957054
151223253 172682803
37219725 131200810
92645498 117921626
81801510 14513250
4709928 125170507
49310151 71156451
127917194 197153144
157436812 163423601
149290644 36370318
46537919 182741115
2445115 46338700
116349269 59754038
134824674 192553620
19551276 70112784
85040264 179251406
185524290 3850
35030264 19083603
196473851 37583433
90492288 85791052
40392175 64902459
136695075 44515431
186630207 162452519
156239902 179786991
50291932 26559528
140830143 160843745
17562842 129643532
43705880 73846834
175487920 10957822
101262327 25664668
54916043 185956951
48709516 151784557
88295754 93556131
112253847 121068359
158812619 102866011
192888730 58046759
163705970 18742840
186199831 20865295
180276968 144461607
69233977 43579691
108583726 38620796
156502655 184172503
72207105 121197931
55038264 148551868
73232139 8850203
151118202 3036317
71058866 57028391
29577798 158658297
25220048 105272337
192962301 148173733
132436616 124619415
82399190 19170354
23489937 18118758
124470775 71540801
94733140 789192
149523546 145359091
166527117 29869342
21289919 51925550
68039137 171688719
108190943 73302856
103384189 98953537
108044441 13056267
163458401 82568494
139000730 146242672
13014667 125373020
178347024 9123025
52343008 154867139
75278061 31084057
6500337 110738321
137821436 105823403
163155996 150884009
45471128 192512584
112941275 141033716
137294743 135003988
160623854 43436666
15872274 125645486
82062422 90349539
172340650 119053956
179449116 167424323
123431692 193943326
12385554 147692055
65716348 14586714
130615362 175962868
176071169 64379295
7128723 14134402
107736704 10017212
181628525 147495551
103814649 187887482
119708880 128521434
136334037 137489130
79313514 80960088
117693355 148042682
146096907 167931068
196122069 35490474
16104458 3636864
11273704 35830442
113132666 61558790
7860844 152789591
44407305 105150119
127661338 117468089
172785251 12039745
21804031 107008727
104688850 145662586
107930874 91824947
162925843 45246400
88318697 82720908
117021467 131930456
194176357 105757545
25495866 139282255
64899798 36443574
49383569 53594512
151518544 82753411
27957343 171879143
124439681 32391796
77122352 133305938
41142175 137056452
179807991 7967012
119074683 45870598
103717871 182192962
137439280 148731216
132898607 182578392
116245223 59936237
162287745 54561850
177810764 105835030
110534021 78898681
108267766 52885170
25003145 187750635
79057093 124407487
123330280 146919739
178925505 15405286
120776244 136360221
56724189 150135410
95312262 59145488
98137181 191953990
122218714 171357436
188780023 188739827
91870443 104576946
31238473 24668062
80829034 304221
64942861 85415111
14938148 78762824
121294306 52001891
99330513 163723205
156699655 126969017
164890255 64271440
56166789 44000170
110726773 177805285
155190448 59642396
193596505 34936651
122126488 155211870
81824435 151001763
7705945 22123433
117401967 50845417
30944803 113784846
58505414 174730302
22629624 6564536
157220341 155124448
87421304 183599922
157028813 140015228
113958213 21732765
111576815 140622021
25480367 86796289
168675839 44391225
23805042 115862378
142730466 191739773
24592508 123082465
196857137 172643364
157049754 123289062
95403897 71606836
5342182 69171728
157373693 132535900
165799737 83069350
106659519 33094064
161943244 4725937
179872359 21476978
113859563 40331127
196387655 9584338
29893229 187980446
172598138 196879457
127239983 198344300
65031907 27742528
155500218 102474984
20525387 173909808
116297373 33603263
26334451 150413060
173066127 123373915
101813907 6129531
1170254 182648861
138022332 127829365
103955430 43360165
84899645 83904476
53176425 103006382
107201195 136238830
26960645 154452430
114162579 82046301
128451177 34803965
164863730 186375123
10726251 102584352
122343646 151894074
51505965 148111655
96320772 112354025
11510381 121278076
193561863 128454960
68289699 165586461
51282275 159772910
88910393 148368920
197380215 163023466
10297701 50004097
122868570 119219101
197906502 70776901
98156597 57610036
78599054 66545844
99622448 91525325
195369010 31416374
176409597 3302060
76786993 159488655
187205137 52110210
95088240 196753515
148305804 162711573
196915455 65671497
28832037 90091631
156061522 1693779
86377174 167094216
176157657 35074883
73671456 49528160
77332252 77954638
35613530 181003021
129309721 137801910
64170457 16222853
130680457 46275593
80829252 81474770
154476025 40134099
1127791 79709716
118991020 145000394
194391405 139919192
116132900 196999701
6882379 26750229
86190834 143147927
196699533 179771871
41168074 195595932
155909734 8733429
91901267 161357052
184886261 40054543
95534056 15443904
53626273 146416820
1921675 51328052
42204510 41880351
77678990 128649397
145505819 171338171
78388620 6543324
145365236 22368775
97957025 151846210
183064113 54103115
52347744 67763376
148568058 16722828
153439059 21685946
197415009 146593089
20569876 81873726
94291887 31573375
167440473 125161895
12791364 182371407
66846903 31634436
91604551 28644898
54373519 133139216
68157131 187869470
190820575 116739813
161567645 106088185
98732455 21067753
172964736 38514882
4524321 110219356
193567177 1168491
48041468 71214031
58806908 152790881
14418484 21653106
23363229 119075311
36846761 53616894
142080352 31298446
181938324 12596680
116218152 119301728
67443005 169091271
197130869 196312243
74732505 175119084
109371825 156317923
13279361 54120012
87883769 143730187
56937446 129363715
134802638 190630486
172988853 131724146
80321760 175992031
194385058 2076293
35146823 21342838
67947425 112779445
36743294 138801837
26928246 24826842
5376773 178055255
188887120 177937403
33092457 79999893
44273228 155460828
52886723 89673937
16392948 195738249
21679864 192565892
116159071 76277318
141411423 60873751
135690191 123612665
91213269 139410933
10059673 193071265
192936535 94190966
36878279 128517950
138077056 165035268
27830481 24770419
134120647 85631198
48836871 178180897
50829580 157361364
77198543 72948796
71900758 176979136
176906719 132296673
133415302 72220406
111558578 129972258
3287555 193715974
61495269 138527449
172297066 6643080
185365346 61882015
161324558 61132980
146472037 32564273
81131732 45390971
146796891 94607332
146484338 52133833
120169841 80736789
197727623 140877470
94526921 170209307
50511814 7193768
155761768 149693221
155824878 65548498
134443185 182123457
173930837 182269901
169933027 145074023
37982624 63560878
146144993 193774923
92491959 137346238
58936244 190591617
21677291 73200501
113047991 75915880
144798099 52828151
109781976 143446060
120778182 101564917
75584460 146954030
45394444 178865260
126011766 141311265
67156350 35886733
131134258 152328343
153863422 126103713
111183081 192054648
189003746 188739983
183178630 120779396
57021418 171017208
134147983 14342532
169347441 68445876
102458136 183972534
152489276 144272108
129262467 91458811
68176865 50642495
129928360 50887480
162357213 154971586
130207946 108253963
194569975 117451566
143080226 153407278
132795757 100084443
196610551 3132150
30423800 192579275
152720785 102550834
12897645 178117926
118812969 62115140
189799375 98726409
194605117 133676081
27944882 191340923
132113901 118300838
182519097 175531740
77216266 34033592
104670445 5617042
58288218 77662003
9057839 196213039
74106661 159587035
192760425 126285356
5499857 163440396
36057957 124393528
34707339 166376806
132998126 50010473
20004744 178571063
12475590 59832986
158795246 31993802
69152708 139960334
179211243 138666003
106590541 176883742
123247279 155145456
142150662 43013793
165466634 149063401
68532022 43348106
15474618 81044276
53497087 131897539
8243927 28739010
137745547 166533127
164900866 86864342
31009988 10235566
15975869 97131245
3391987 114011579
106306924 170907052
141160559 133440262
3015468 189541233
128483354 169651934
1322353 18087579
193197793 91121522
169225178 107235389
51422337 75548443
80674735 126753459
89601369 126482670
97459748 104663456
57253953 19934386
9825513 130691038
49013079 153588028
51251845 61601125
89800408 115452143
165150904 152815062
22119209 143608876
49750814 181635651
24413169 44774199
81079919 72181868
41328479 74233507
126263703 173336479
169773090 21408700
148294705 147801201
81911622 165841370
162456201 27215732
37755182 65222758
138957637 153269259
132879239 181189072
98742014 170813856
105977345 4094330
160423434 21096391
98670476 164484529
72821877 26508954
29551426 29333024
179873063 176483293
119582170 102062539
143229158 169791467
124076691 112325735
52051990 131479346
13829112 149500078
129315256 103149286
107424949 104556608
112079514 26083865
98291455 141310393
162063220 25809548
190068539 178682740
5750265 48938102
102953309 84560346
34557868 42258131
56522714 105283720
100818483 90784329
53162864 152591331
73602050 10946927
198552274 157772825
5727309 107950808
91098494 120019561
37856828 31625953
140704719 67389467
195824192 168934756
33062663 174829047
5858746 141003341
48486805 19796042
147590087 130042941
70368894 49367084
122592528 43546629
161299895 27440398
67560212 56559236
168872901 2810296
168458026 147677352
28426255 48394791
53868827 32456902
38845821 55854557
94945462 153239947
197618637 84478779
161292849 6739117
2516227 69578611
148690506 44389227
45144077 146828998
77414884 85141825
175592123 56378370
124698446 153728052
74045617 114387461
186497566 73980875
156268882 189214288
168892554 98623952
74284816 88631023
85247629 128273990
194235166 192678047
72509889 138303730
85046316 3644979
52243495 155257167
76812672 108623902
114968350 195359145
44926213 99837707
14659794 107830593
138269543 9052994
25681849 13732186
17821045 4205670
173399531 91986539
155933372 78280507
93609886 133290810
105400706 19792119
47587088 78399581
161341531 142462416
122577255 114602368
136948359 104582177
12665065 63365611
179661234 160218409
18292266 20178616
171746107 170999613
70513806 173220146
128228504 113303277
21268841 177538718
23201004 52928454
68590291 191981865
182534514 14378315
174335560 135068903
89799446 16832404
102346159 174395938
147205015 79852113
23498295 131778495
164268418 143064524
65980849 82579047
1506924 55029055
140175491 46326451
120689203 114685911
157832417 102442413
123131864 32988842
173772140 11439409
100188583 12349041
132367625 157527646
105397717 64246550
26191354 46580819
196462802 55144026
25114761 3579203
3561954 97493778
105361132 43263219
14202583 184048034
96947582 177153742
95228065 37835981
39888346 119832898
55869258 44192727
297294 107196921
175457351 10207479
86648237 59081175
95703823 181742272
151400198 34058518
138055378 106210972
53988550 42950866
153548548 92784209
113222043 178787017
156915839 68049359
129270043 191489530
136120739 170245333
54402410 143959121
47692225 109401898
155990593 174740762
66257996 2010067
164639506 42008106
119842431 122790550
29410205 955151
50811040 116242250
77598016 91070278
150528785 161954096
148160597 53116372
163612395 154335254
145194552 9021404
1487832 81805053
51115708 176751288
56550831 181847312
129306513 26477327
132857371 63134999
184741054 162928006
193037636 981445
32123012 164340814
131148843 124957488
38982983 40164700
65100137 54084971
73433954 131090151
167301127 156976151
175377935 161057223
165864747 106285873
22300151 8340829
161222012 67069347
178134580 39246211
130034960 131418573
138866650 276928
97683913 126641620
170061191 168812768
85470662 140481156
37194292 3080005
78172866 125130548
85141200 928657
75884053 194225804
117654912 70482478
44463244 81064737
25711412 88017898
179114009 181090221
107545623 171052058
34562327 28277315
192957536 59846876
25859213 11981288
24733905 135704268
46062790 159513253
148081366 100977969
44470122 60694279
54533485 173875291
23622660 167401352
63723935 64191764
168923695 39951505
33223606 21469518
136382860 108461296
195739822 8214176
9594149 28482843
145557460 115935003
109261482 141949748
189954658 137704225
171908041 170586839
183223272 1319665
175417172 188128935
191348918 23684364
135599313 158478296
111021745 101338708
121471644 70559393
132434237 175109622
182835686 156520821
51033895 104827839
130917282 121034796
19284557 90027917
18912995 194942453
196149952 62238551
22850644 98926713
11257449 108015511
41005828 55215845
161103890 158487695
94948704 106959229
89992724 163302689
45094289 5690196
107943859 88989312
166887533 39700355
54138450 151789430
12187336 187739998
177051080 98280123
175249350 170488381
9520944 145801592
106388227 63836304
190896526 108052826
68563957 1542993
53395901 120312559
59562080 133388519
163192515 168583221
193845282 105907942
161707164 149497657
99103543 62053949
179517815 103549537
105485983 180657301
29641881 137837062
78392674 25354290
180428924 23818811
27941157 4073499
100295418 46989684
16553838 136520485
57954697 98112851
177825251 56812195
67493788 17076706
67287470 22422029
121551097 97334868
148536116 21265402
144669773 197565638
175931213 129202551
39258566 135808225
161538135 2225375
69881403 10383078
8440071 189167001
198568601 178964674
38164358 146087103
87108750 104285354
136995262 163755033
173354765 93222613
151312280 58972044
118598773 55768569
31856555 64528234
17488604 176047740
144898995 73904935
9234501 162566769
196412656 156187367
151223586 148406198
99109061 11280905
138436203 162080201
142281952 160317473
141792399 151920394
29837534 111526010
106786335 5050624
159342214 53927375
162650359 19083970
154021037 192485492
119771086 40585197
108540853 13782517
168535400 21575070
6817099 41630328
157889916 134678239
120000866 164727099
131670022 69272347
70215416 99732791
19691709 69725182
133082486 16358512
198103611 127305639
195256964 196896780
23530165 1251900
149229936 20123997
77694557 197284069
72261208 141376695
84366321 33776188
138985849 143989214
7847586 86987406
883625 60125179
190339660 135141556
111174838 123561937
116130112 94252131
178948901 193090347
162785534 100481027
107594322 130970127
155180513 157293367
175755751 2101617
78247154 136388821
72280000 96779150
31410172 72763560
127874365 30969667
10286522 36668701
96289961 117958816
160763088 47840215
83633416 66936305
61048387 63270076
72791267 68951992
44634942 1757538
29804409 31751649
149603580 72220572
123237993 198277528
91646692 55395498
33628095 194760430
189497001 45838378
73337640 170336040
58565617 73741049
90736190 171838706
59320944 84157673
163096664 118663436
18237707 145499400
167590834 126426876
142568606 139183192
35727531 115429289
46224993 45463305
67234992 105214550
132765281 56174175
147568409 89675562
70705557 130822048
155305582 166868847
15875138 85085663
16989803 164252743
147709995 68128430
169922032 155383473
83222740 12202648
93220908 67165364
31000627 83559811
80410355 43822451
136470161 72169433
93547938 194948942
119471931 145521197
6653061 156489163
66471284 127823707
105808502 11676296
13444049 141327420
180520116 24730049
66640668 177145439
80565276 196341583
23430043 197124333
183764813 141132661
116740982 107543285
15026890 155106997
179282262 107700449
95439647 153322477
29915079 137638208
28703222 115518035
19920915 24445826
121560801 37511615
75029413 121708943
81905712 129809445
124502498 31559629
41688496 61932172
83008416 4441774
196878195 102727115
184898022 194485693
164700305 28012718
15903879 131287089
157591991 17813010
125818585 62508280
160379612 187458375
83436709 149192778
126452970 90542616
125925394 89194738
96263254 73605953
135305294 29023823
114462009 103883547
6574931 194012122
182283672 171979450
140159118 145250189
102873288 82304211
19215842 9028980
163836709 37847485
10448986 81908406
15378090 58558022
85123613 98339121
142995795 39370863
72477101 151216647
188117102 39907620
152701165 186567675
63747107 126686358
41839171 180072784
20554278 92581893
120785402 17892272
196978724 117743942
171931964 39901227
87611742 150986765
28886427 3638471
14318913 159372892
50091369 94461766
32139183 70389390
134226758 118220753
119720673 187570800
86085660 98383170
13421449 125912011
155406786 56566306
148270745 160550906
42162458 138788059
131468543 120289626
126474121 196432115
154021103 51951598
172610636 15440649
25082427 186666178
118431615 27770352
30466514 114670157
28545779 28166295
172237487 58740264
83187764 91587474
147958946 67248016
52357591 159651241
117297396 2139408
144112912 139256521
183161297 167174050
160022381 133955240
77366965 83222585
148329565 103277125
44605898 76471387
196677211 63086438
162284193 65740721
96052864 35364414
59517027 141996239
112092185 170849728
194140506 76676310
20286762 147645374
103503714 198361418
122936847 166377577
33593425 75871856
176024980 171154257
24092731 72052251
516671 133959067
84557616 125743615
50677402 67569994
134493235 112998212
139598348 141427212
151841836 190135223
144534463 26008859
14005982 126971162
104513308 184186115
160604642 91496631
24982053 155186342
154556928 112324635
126556858 185690783
120663224 163332793
29764760 194528439
84181151 74172220
88309361 162483004
38349469 71700680
40165823 159355259
185091810 27354714
55306409 149667531
9110124 181294140
70942488 154410829
19333525 190187392
64620255 38726691
23277879 107660479
29863328 173416187
138232808 84791746
104649234 142517757
197661727 172676252
39996771 47485599
80789158 131201771
168693981 150234771
168367307 8361086
7574746 91796607
100057579 136375961
198398515 41270386
33133662 152010368
153567305 35025693
91482778 132803914
149056573 56286243
191183063 103675051
114236178 173910900
119936921 176687030
103709948 140782062
13351631 183030260
43195784 143534906
127097064 52031781
130107467 189233856
194434858 196519353
184925152 187252098
70930008 52816012
116050653 74766913
190306095 21989533
91002390 73144446
76952399 88325736
179625003 16370842
191050917 35109108
109991601 180634652
175483766 17989226
126171549 185407575
149538527 64252196
132394141 49280370
117546060 12342420
30457555 139990191
166540789 127762940
154068549 164348031
93417008 167390268
147060406 96863978
189988567 49057375
94710253 94590950
71560135 179348097
93384475 129142952
142069304 50017812
116249151 5657943
187984155 45340059
96743995 130310568
104208501 163745295
45094108 97915148
158962931 166634526
111331909 193110476
102463760 186432705
72366712 77736785
122346395 173320027
91843226 90348849
129467414 139815006
88292689 99076133
2052768 82214956
2739961 163570170
29766121 92971091
77483408 18413157
23920642 163470884
29970717 164324342
131970363 130902696
59357338 18541486
197696452 76189111
184227324 129939780
132002947 22073572
196288368 168564724
20967965 101401199
115304261 97868111
16855976 132363630
155051668 112171077
153576854 97060380
36323581 82249354
137256925 147675570
191817119 59864874
141584770 141115516
147696454 115349838
162797670 69847553
92101754 32920794
146322793 198526636
114560413 135904611
42374126 30227020
25061368 17841028
113739573 68880433
138275968 192054319
7917408 175128943
139606691 82638844
105846169 142630730
149213695 131132877
88224926 85080758
124821656 32735563
90656546 144105472
187874393 38742807
13415243 42729070
53688032 149510269
117114107 129566426
168851191 97896398
10559078 23762344
38515721 28556726
54149674 75748015
141705571 166063952
20158654 22477687
185247890 46332949
178512864 105468504
118514871 143781538
67002760 75030718
185094541 134553947
109373256 151127340
86979367 76825374
145465856 102262967
62701099 77204474
1179508 136085016
5145856 130110736
127302083 4353987
157927 65841785
120188254 79404486
136756465 192004694
133019948 106857057
152058857 45583223
69309699 72500520
105343643 132398621
153242906 75754451
36550372 49085303
67687101 185151967
32850538 105257760
139280142 171343252
791698 7425859
45531868 186394650
70665773 48813393
193346797 66472694
179422825 98643906
26915614 1154605
188180773 169208123
74104382 91726157
143691159 102319754
109276772 57968468
119670672 159948640
38681503 83879229
156304840 4918123
62041384 60872095
34503303 17471104
41576698 85932905
30608073 78088102
63707205 123284850
99469021 153175929
138009849 66453313
43849613 188133602
31011344 8268544
50514466 73442790
163700408 24825585
16135201 41666557
107853050 80937261
130512180 148490933
146989809 43351479
87016336 180408457
65847209 91762893
40749281 196053236
97330011 82753769
35175057 53262934
78154001 65302145
97634319 15060766
21266027 95574822
153629226 101216532
192168341 31323429
43092733 181740168
51153478 111719228
7257683 41634119
167707176 161802411
95597645 188348547
118764290 38729074
20340679 16024968
130124442 163429806
70214560 55458213
126389630 195493716
192335024 36778084
156504404 129461733
186673500 176047490
33041488 16903096
22919858 70768408
46187214 108804171
111318851 184568026
147518219 174346641
94558231 132027073
50702951 117525664
174333334 78643343
52005632 29863132
100689192 116896703
160962106 191544623
172991909 198265454
33010294 191906570
138125043 65884327
112049449 61267577
44268801 84709879
6027032 185072585
42308999 140002133
144535023 36465386
29644299 139033735
126691869 27468920
64123101 64908034
118889472 24361903
6860036 22151862
97595883 89681789
102657495 168190882
153944320 116420512
143772663 182673276
180852202 28272658
128677876 180661657
108271468 190940726
180417836 129421919
29181219 63189357
149659136 39694065
133730686 166015039
177173376 114199651
162270559 164446422
195702982 80058646
110945352 44300284
195499609 129060288
107925707 13970091
62788423 44218167
188396024 38439696
156674681 115350824
52066870 193362082
87177514 174449268
31742060 143267809
119633914 115199383
36681791 140824717
89705015 189483038
117338643 62410613
52522924 183259657
9400102 62405003
37088192 48864673
63320573 36327337
61420695 135936597
74543569 34681140
111774093 62470287
133418917 128185741
58442099 35615336
168529594 151518117
133473508 157999079
192762912 127476085
196928390 184192694
124527145 166801082
120619780 84960104
97979426 22245820
49876984 10981595
75625149 164010249
60642980 85678024
153835273 42827549
58854509 91462292
157856991 23848556
178524914 99936168
66047710 75952550
124725240 173212627
189711200 183877079
93457949 53123358
193854013 135190239
140741074 131264717
107783852 176093231
138875925 138532754
36331886 3574919
134218547 14297881
189450991 45078865
102463212 82622370
16121759 26512206
31226266 100725314
19470598 63644253
158468179 54409120
181227614 77309636
134848902 94246287
162232326 128851410
79219103 92790291
102785846 192281537
166012534 157366419
2789304 57566194
123385332 60281562
35183228 193601696
99433764 155178521
183404176 86641648
93324593 143571411
118448128 99261408
124622314 21417110
188863576 131944472
88715759 167290607
114239921 179253292
44881615 34595120
70708936 118739332
76736108 163559918
144653848 23162742
106621326 54358753
189298439 27568312
44488117 161031741
104388477 69605620
3172197 6650936
74556426 108274045
151765351 166517033
180855337 93976983
148311799 117993609
79293353 81908690
153539013 194875267
150680191 10364916
4529385 77705127
73998669 27292698
164615613 81259502
118699650 163777105
180598626 21432896
5568380 11604912
184460405 105432048
167843986 174785903
179648479 138722170
144905924 140941582
41467976 79520351
4008598 165060905
134113535 40899211
24522787 9651569
74989164 193883662
59825251 22625035
131948265 180144199
152998107 127035367
17996110 174844977
96978450 193548439
52169012 193446894
20216630 99100127
71458967 28895938
89954726 28887155
180063341 126742429
162424200 186464562
82374292 174449917
35408783 27755959
193609827 64955352
69644812 108675640
95883079 92581275
171836792 144703599
69140452 150898071
42886851 7198374
56230224 125370683
161994811 110992612
103039666 52790415
126680414 123751882
48934779 182492865
160950168 196532598
154166628 25456813
68816278 125396036
16344187 175652560
140632576 93679154
197234138 162208485
125823654 185294425
157173152 66833642
64853321 136854953
172867092 10363037
100431100 53193219
114554267 188519214
29914903 8960763
16624086 71943011
59501254 10532079
83453291 14472354
188313972 31224907
178719087 49635819
150914413 10072572
178974380 150449360
176960243 80389298
106382204 111167504
188934589 59187645
48106830 23855058
23477826 134032977
55591384 30454411
81968161 161294421
55415075 101261798
3028526 193987336
41204407 191265794
8646149 2961228
172732063 143786873
174557902 164213296
160020193 92189319
196981527 22690671
37142128 45734516
155812152 110574063
155779712 20082247
169592635 171390575
188465448 194596418
180966254 65669875
114271136 133546182
42115126 75279600
147299812 109452029
107914846 164787754
83895723 40521255
127229517 128968770
20380461 88059641
142938746 160952542
151884485 143957572
171923527 89138772
42821817 99671979
125012242 54658691
150125629 13314813
187339098 54608410
81939708 173227466
32884167 23487826
57274624 61389565
57671011 117759911
161042997 70017555
20403673 25963840
4580725 126425547
50870308 139677338
140392125 46478586
125082413 44373673
195839332 40983279
44177932 97749759
125191287 34269379
167957844 187300552
79129021 119417830
92230174 109192546
145087488 94933939
177323303 11161430
73579230 8386805
118384873 146243440
64606059 125192289
108990106 126191345
130336355 84818398
102450981 174570148
45323504 45256798
12337596 49052961
9861028 193684071
144555042 110710986
193700364 133535214
196804278 95615069
127478225 153002806
17741589 68482027
31325907 90320757
60170395 139025675
94299794 47921339
51043418 57419810
95732014 149899989
80665263 114432939
183084685 94544817
165880025 140423446
176021739 178175780
157823269 21172166
99443549 101284426
85861194 114861804
88347455 167074804
50513492 31892607
75112529 40891571
31570141 154752842
85167215 160544960
88339696 165238812
143413798 52171054
78971894 141797696
24671075 99445088
93001063 128942921
140470236 125241726
165238278 188328271
98707375 158039800
96818674 147017965
84715542 92519657
66897951 72498180
156713951 74156818
72801248 140489682
100404421 161155053
170485537 127725772
17094188 34989312
167287339 44435836
197854375 70381912
110240523 83997316
138920743 121759383
155859317 187924312
140491827 77459396
109287645 189843908
116697085 53738323
97543315 26642928
208642 61155955
149082352 125365231
102572790 48598871
56314871 73956619
92695096 38017417
144895154 76274824
136158862 180737051
148548067 68891273
77402498 29762834
161779523 115559506
62796276 173740368
78447857 189881388
141003234 190036140
174979401 89499060
167180308 193209319
188465709 7384828
171084614 65749489
78354368 22008160
179353325 29850822
123061036 12708614
171165942 188032689
22553869 171271297
57353226 56585952
172088251 177628997
30002972 144278844
128321017 26559095
39843873 167945800
75474413 139722805
60200681 154368207
27200052 115664683
86638672 42151989
54202183 110799255
97929418 88970260
102577658 186503307
109885753 80276828
160944947 16588898
5200377 149209367
78194997 115884555
51569582 97545527
21864728 49584131
78460044 52504510
16495939 15874633
59521503 156019401
21424357 190889674
95729612 25362288
5522634 60420319
110873597 174839489
11593548 82071365
176248546 28453400
165946368 175947741
35853120 23009259
10399485 18069444
168689049 18270252
155849900 56803324
148664953 101267189
142435847 173822921
196123520 105265298
143916089 176447327
171589746 86019456
124999597 73955291
130010948 93277050
131220605 17704637
77311146 95829905
52542963 99156065
11852475 194022653
84896424 153713348
193658974 4971823
20146710 192169203
42628242 75420575
61100972 196944774
107842787 71264625
140489669 72623359
123774367 196054899
158990733 196364792
40581232 11990777
62925056 180168759
136722618 74407596
120111981 82903482
117021357 139168893
16892429 34484036
127722808 160966808
195127699 192037526
10554154 2494594
181496856 187989583
33969408 161629303
173942559 3893204
22809529 94477657
197445131 95879254
61801700 176375757
173021717 160658342
100074682 63061602
172915325 118640983
104036153 100332126
170429053 153399919
9114683 116843016
179892673 86447231
68041601 196181795
126559192 3652444
4617235 190604954
135774920 112760252
45814769 167164706
115699426 63082547
42293316 159264167
27947763 163610466
121591429 109334153
96134401 104549579
21956282 145376756
63914480 25854236
92970250 133530414
9931231 36597054
129661373 115824596
51572755 123309139
81523395 184701678
140168490 161533027
7664693 111033009
60339499 6410531
130788048 54806991
7989654 120245704
95692869 16907897
10813430 15928913
92193209 56769932
89344315 130577973
103636503 184791557
103586646 150669906
13477112 5337442
179172426 76742029
47669479 40989960
99469918 197008542
47468111 135133809
186329033 140169514
70250543 186996285
100675230 76792692
103085430 165780105
142360349 16664459
125107282 190681742
110254637 99131541
92336390 27357249
193012037 87847924
34488430 170936460
132193949 149982749
29278374 171822323
169457405 30770794
121884918 157627726
176694524 27565127
67009159 51853583
22917883 81907120
131809391 128624612
186161380 93588238
85357022 1291602
129130246 115328053
110560565 197669802
65265019 531867
164733251 112397592
165990343 104284317
88517515 14816608
58604417 26656399
155026255 115141086
16201197 134710940
123672720 183799296
104774789 160153926
12388516 188883320
186627541 189188519
137337626 123857666
134869342 3223315
3931331 162503302
100087809 106133962
91938969 68024180
146219529 170128427
50323152 127825405
184349047 131323288
167139786 133621286
139424051 108796000
184926904 22879712
43080817 158916549
17212060 164908167
57486566 75575561
74360995 179131119
33125372 93340544
179470245 153662557
133195270 91321158
196890642 88804539
94026076 181962019
128543593 111972009
175487700 28563447
8034676 169305537
141237596 177378683
102748351 24960856
122022250 80649898
30909183 184978877
188352494 117801128
88692018 65137324
117879949 75744573
127844448 47689442
77602846 56801956
79788044 133526220
59462813 180820565
73540304 100120867
184969491 11124019
157607544 116107553
129815026 97394221
148677828 83258599
170541667 171008876
118326705 125703858
6440977 79535019
155433837 41813763
96174417 138104829
103052757 74036617
187673036 140497419
173971173 99440227
65946198 144105537
4130924 120110841
55567912 161905270
180652457 123445670
97711149 109295524
29940694 120707394
135409247 5330931
147107432 183368306
158298991 114553389
63772429 155830485
162415009 120382703
72829170 69110724
32428924 125047221
103592743 28422958
163943653 122015837
2420141 48453247
83362413 29361415
62305969 115597888
887747 6115193
120479561 9190203
62082729 81941422
116256127 115694653
92919664 191380944
183954109 189519217
148824393 51102513
193758973 156714502
181497119 55530524
182372461 83300407
68874251 22583773
182356343 148868585
16043790 51694544
137762262 92678658
125912463 103945894
135900015 197276791
95939228 113150841
175869186 159267780
79464919 2507099
48048110 131797267
158289365 40597999
115042722 192528335
9197604 33286962
99757972 76639969
152145473 159459752
18790653 79562087
35412044 92271824
25375699 18638523
35441819 132587025
95459134 94352173
148697779 42873973
60693664 169369767
194093513 184902224
117123618 1905835
57183150 129007125
184039597 5922854
158417381 46617651
75062093 7150001
113553708 32480822
164767085 176181193
123321462 51795595
98570073 92145703
2000859 64117320
34552462 6018286
7808157 146595502
195322402 151007019
58936911 67680241
114535501 184563431
154740003 64424340
84067740 88024533
182698084 21245692
175181360 78133403
9775146 91743313
81291697 176901218
10546666 19352259
23696430 109932912
85049244 175041182
128238799 173843671
60082053 197239321
88243007 122929803
163926814 159885243
141976206 96623047
110750086 55147904
63454982 84910445
48001505 23303121
189530134 24628672
151222726 141021658
93975243 31336146
190967166 37482741
105826068 22032454
41502913 115973508
125504491 190842873
49162371 143414347
80689245 137879254
193499463 131668475
71282478 36194591
130851463 89669451
121172469 98216136
175601581 34616615
125082926 8383741
3317975 81008609
182462640 187480361
55713511 198427497
103073468 197207603
45742825 71710653
37959242 164609990
131816239 7109066
34057320 69096511
33055006 55622287
62641861 92079424
144712320 113413635
129085656 39672504
65616186 12488042
29020087 128553020
114874948 149737871
152202932 158847748
123321346 129002979
116366173 119700543
181075998 144543464
132408443 41442175
188075745 85375414
164648990 169372066
75438139 22344846
110905090 179335530
154327485 66919873
58987475 87952408
77624005 131530665
177122829 127837329
115359490 106518517
61448822 72210264
154312580 105482250
15302017 135907111
190979141 164420631
148368024 190340628
153468989 116368343
158575084 80212389
33127040 195225460
96481523 178615004
97621978 153798445
29922025 31580587
2512040 86134447
131402360 155335049
151979133 191399911
84760621 106121023
112028294 102074318
104696303 19975037
45609143 131124557
107938076 86178600
105608523 100236827
96782634 95159059
190041043 175984050
61376949 57353460
116835319 126505070
86331235 124430275
4828698 7251939
104792594 97826172
32255775 45658144
194381966 173146819
156642630 174804254
74381790 190088298
53006066 119677569
52040957 175149136
90354531 108716988
6312229 3050353
178159105 167595640
46999563 60754181
14148754 89201867
98483539 67747957
104364657 19111687
113731938 155360061
146392327 75269598
136388164 84368228
126667486 105732130
8830987 119690363
113998810 133442570
161723871 127664927
144252225 124409282
24268736 89945369
107244736 132010961
196079182 157974459
119302365 148259160
132196224 76915004
31757265 4232869
108473523 94803178
127722228 72856632
161063063 197613653
87789957 9648641
188520117 189688042
27872373 26815001
51747225 192087345
178441836 43460122
30638625 177899385
66433529 177703453
69169804 42475114
37522372 28197521
28941052 179049049
42007574 79902572
24492433 191712859
7962274 118973179
2674552 5860510
152841594 176068579
83614635 133233545
82675109 41972444
68904581 181959851
125523054 188490493
23533014 111136350
162522654 107921046
128105390 118444214
130842894 177998820
141193486 5748556
104973316 184286471
26895105 60522286
96328464 192126535
48952463 93076132
48426198 90580970
82967192 136237839
153158048 168561032
165501584 7929348
658387 82464085
97465607 40571170
175524449 83661324
162613185 91213464
69518789 166789628
120904854 133857866
5813244 9183561
25846617 134964405
16560563 198437924
192315457 62922464
186044258 108413860
109614065 189993031
4134335 82971367
147108864 79970236
24471990 154942010
36284276 59796292
5781211 146979406
192467546 109472514
76216484 165083732
6517635 157214694
15259378 12626034
92172270 166345118
7530787 66275288
160402694 122286532
86211465 137510168
134917502 153669678
114496471 56992225
