20 154
7 11
1 19
16 15
4 7
7 20
8 3
19 9
3 7
15 9
2 11
9 10
13 17
8 7
19 8
9 14
1 8
19 20
13 14
2 13
17 4
1 5
19 7
4 3
19 15
11 18
5 4
8 6
8 17
12 3
16 12
15 14
4 2
9 13
18 7
8 15
9 20
12 7
9 1
2 12
6 4
14 8
8 2
11 13
7 15
6 2
10 5
4 13
3 15
5 12
1 16
2 1
11 14
18 8
4 9
3 14
8 12
8 16
3 6
2 16
1 17
14 5
9 11
20 2
17 16
12 4
11 4
13 19
9 2
12 11
3 11
18 3
1 10
9 3
20 11
4 19
1 7
10 11
5 15
12 13
6 11
18 14
10 15
13 10
15 1
6 13
20 17
2 18
7 10
2 7
13 1
7 16
1 14
19 5
3 20
15 12
16 13
12 19
11 16
8 9
6 7
20 12
17 11
5 18
4 14
11 8
11 19
19 18
18 15
6 1
17 7
13 5
12 1
7 9
15 13
1 11
2 14
20 10
5 8
16 18
15 17
2 10
5 16
16 4
12 18
14 16
10 3
20 13
7 13
2 17
17 18
16 3
10 18
20 1
9 6
9 16
12 6
20 8
3 19
10 8
5 11
19 2
14 17
18 20
10 4
6 5
11 15
9 17
17 10
18 4
9 18
6 18
2 3
17 19
14 7
14 3
4 7
13 4
13 9
10 14
14 18
7 12
13 8
18 16
19 20
8 19
9 5
12 19
5 7
15 16
13 14
5 20
3 8
18 11
2 14
11 4
6 17
3 19
13 10
5 6
7 14
12 4
3 20
18 19
11 3
14 17
15 10
6 20
17 11
1 3
5 3
16 1
19 7
10 9
6 11
2 10
3 2
20 14
7 11
20 9
15 8
13 2
19 6
19 11
17 12
10 3
15 11
4 14
17 3
19 1
1 20
7 13
1 18
18 5
6 4
15 7
12 1
8 11
13 18
1 15
4 8
3 18
2 8
18 4
3 15
9 1
5 4
12 2
13 19
20 11
17 15
19 17
1 8
13 5
19 9
8 20
7 10
11 5
2 16
11 10
16 8
17 9
13 16
15 18
17 18
9 18
6 13
4 1
19 15
14 12
9 7
8 14
5 8
10 18
19 2
8 10
12 16
9 3
2 15
16 10
10 17
2 11
6 1
3 12
1 7
2 18
18 7
15 6
15 9
11 16
16 5
11 14
6 18
5 2
9 14
17 13
2 9
12 11
12 18
13 20
16 9
13 11
10 1
6 12
7 3
1 11
8 7
16 7
15 4
5 1
17 7
9 4
9 11
16 19
2 6
15 12
2 17
10 20
2 7
12 8
16 14
7 20
4 16
8 17
12 20
13 1
9 8
17 4
4 2
